114.720000 40.788000 3260.149000
114.720000 41.274000 3278.034000
114.720000 41.761000 3254.913000
114.720000 42.247000 3262.059000
114.710000 42.733000 3256.964000
114.710000 43.220000 3255.763000
114.710000 43.706000 3249.098000
114.710000 44.193000 3239.567000
114.700000 44.679000 3242.813000
114.700000 45.165000 3251.192000
114.700000 45.652000 3254.080000
114.700000 46.138000 3251.982000
114.690000 46.625000 3248.838000
114.690000 47.111000 3254.747000
114.690000 47.597000 3257.767000
114.690000 48.084000 3269.275000
114.680000 48.570000 3287.275000
114.680000 49.057000 3292.709000
114.680000 49.543000 3287.881000
114.670000 50.030000 3297.635000
115.360000 40.788000 3268.168000
115.360000 41.274000 3271.884000
115.360000 41.761000 3249.085000
115.360000 42.247000 3256.084000
115.370000 42.733000 3245.863000
115.370000 43.220000 3245.566800
115.370000 43.706000 3242.956600
115.380000 44.193000 3236.308200
115.380000 44.679000 3240.941000
115.380000 45.165000 3238.525500
115.390000 45.652000 3242.235000
115.390000 46.138000 3243.123000
115.390000 46.625000 3242.597000
115.400000 47.111000 3250.706000
115.400000 47.597000 3250.883000
115.400000 48.084000 3259.735300
115.410000 48.570000 3279.873400
115.410000 49.057000 3281.441700
115.420000 49.543000 3278.270900
115.420000 50.030000 3280.878000
115.990000 40.788000 3249.659000
116.000000 41.274000 3244.950700
116.010000 41.761000 3243.762800
116.010000 42.247000 3247.829000
116.020000 42.733000 3244.479000
116.030000 43.220000 3239.421600
116.040000 43.706000 3236.578800
116.050000 44.193000 3238.445200
116.060000 44.679000 3239.226400
116.060000 45.165000 3233.222900
116.070000 45.652000 3239.566700
116.080000 46.138000 3242.295000
116.090000 46.625000 3240.773700
116.100000 47.111000 3243.584000
116.110000 47.597000 3248.931000
116.120000 48.084000 3249.041000
116.130000 48.570000 3248.106700
116.150000 49.057000 3267.203200
116.160000 49.543000 3274.902300
116.170000 50.030000 3280.618600
116.630000 40.788000 3239.962800
116.640000 41.274000 3245.935000
116.650000 41.761000 3245.002000
116.660000 42.247000 3241.554400
116.680000 42.733000 3236.448300
116.690000 43.220000 3233.160600
116.700000 43.706000 3233.704900
116.720000 44.193000 3233.219150
116.730000 44.679000 3237.817700
116.750000 45.165000 3237.567000
116.760000 45.652000 3243.801000
116.780000 46.138000 3250.019400
116.790000 46.625000 3248.383400
116.810000 47.111000 3249.120200
116.830000 47.597000 3250.166300
116.840000 48.084000 3248.199600
116.860000 48.570000 3243.320800
116.880000 49.057000 3257.296300
116.900000 49.543000 3276.086800
116.920000 50.030000 3277.967100
117.260000 40.788000 3242.080670
117.280000 41.274000 3240.982900
117.290000 41.761000 3244.238000
117.310000 42.247000 3242.546100
117.330000 42.733000 3237.928600
117.350000 43.220000 3234.389100
117.370000 43.706000 3236.756000
117.390000 44.193000 3235.721600
117.410000 44.679000 3238.635600
117.430000 45.165000 3244.577500
117.450000 45.652000 3245.488000
117.470000 46.138000 3253.535400
117.490000 46.625000 3250.194500
117.510000 47.111000 3246.432900
117.540000 47.597000 3250.623200
117.560000 48.084000 3247.471900
117.590000 48.570000 3243.773860
117.610000 49.057000 3245.775600
117.640000 49.543000 3253.741000
117.660000 50.030000 3267.446000
117.890000 40.788000 3236.574620
117.920000 41.274000 3232.944600
117.940000 41.761000 3238.628300
117.960000 42.247000 3237.073600
117.980000 42.733000 3236.047600
118.010000 43.220000 3237.538400
118.030000 43.706000 3241.176000
118.060000 44.193000 3239.171200
118.080000 44.679000 3234.659000
118.110000 45.165000 3236.775100
118.140000 45.652000 3239.346400
118.160000 46.138000 3242.242700
118.190000 46.625000 3240.800100
118.220000 47.111000 3238.035200
118.250000 47.597000 3238.526800
118.280000 48.084000 3242.892600
118.310000 48.570000 3241.780090
118.340000 49.057000 3241.235300
118.380000 49.543000 3241.442900
118.410000 50.030000 3252.348000
118.530000 40.788000 3230.744590
118.560000 41.274000 3233.134260
118.580000 41.761000 3242.806100
118.610000 42.247000 3237.666500
118.640000 42.733000 3234.576500
118.670000 43.220000 3233.537200
118.700000 43.706000 3236.986300
118.730000 44.193000 3244.404000
118.760000 44.679000 3240.112800
118.790000 45.165000 3242.501600
118.820000 45.652000 3237.345600
118.860000 46.138000 3242.768200
118.890000 46.625000 3241.432600
118.930000 47.111000 3238.952900
118.960000 47.597000 3250.632900
119.000000 48.084000 3248.888200
119.040000 48.570000 3238.526000
119.080000 49.057000 3242.919100
119.120000 49.543000 3241.259500
119.160000 50.030000 3237.678000
119.160000 40.788000 3233.987500
119.200000 41.274000 3242.543200
119.230000 41.761000 3238.316601
119.260000 42.247000 3235.344700
119.290000 42.733000 3236.123600
119.330000 43.220000 3232.510100
119.360000 43.706000 3233.848400
119.400000 44.193000 3244.617000
119.430000 44.679000 3251.929000
119.470000 45.165000 3246.151000
119.510000 45.652000 3236.464400
119.550000 46.138000 3243.559700
119.590000 46.625000 3245.650900
119.630000 47.111000 3238.445700
119.680000 47.597000 3234.663700
119.720000 48.084000 3234.404800
119.760000 48.570000 3237.273200
119.810000 49.057000 3243.834600
119.860000 49.543000 3245.847400
119.910000 50.030000 3249.723300
119.800000 40.788000 3232.135500
119.830000 41.274000 3230.962000
119.870000 41.761000 3231.459250
119.910000 42.247000 3238.333600
119.950000 42.733000 3237.123300
119.990000 43.220000 3237.370715
120.030000 43.706000 3244.291300
120.070000 44.193000 3246.386100
120.110000 44.679000 3245.554000
120.150000 45.165000 3240.847400
120.200000 45.652000 3239.452900
120.240000 46.138000 3243.256700
120.290000 46.625000 3247.234900
120.340000 47.111000 3239.918600
120.390000 47.597000 3234.131100
120.440000 48.084000 3235.355380
120.490000 48.570000 3239.382400
120.540000 49.057000 3236.272800
120.600000 49.543000 3251.041300
120.660000 50.030000 3245.885130
120.430000 40.788000 3238.762573
120.470000 41.274000 3234.650200
120.510000 41.761000 3237.223500
120.560000 42.247000 3236.741700
120.600000 42.733000 3236.971800
120.650000 43.220000 3234.836000
120.690000 43.706000 3232.269500
120.740000 44.193000 3233.028300
120.790000 44.679000 3236.955000
120.830000 45.165000 3241.124200
120.890000 45.652000 3241.536900
120.940000 46.138000 3245.071000
120.990000 46.625000 3245.893100
121.040000 47.111000 3241.655900
121.100000 47.597000 3244.540300
121.160000 48.084000 3239.218100
121.220000 48.570000 3236.499641
121.280000 49.057000 3236.211310
121.340000 49.543000 3240.964100
121.400000 50.030000 3246.417690
121.070000 40.788000 3234.116320
121.110000 41.274000 3231.424250
121.160000 41.761000 3231.495660
121.210000 42.247000 3241.710500
121.250000 42.733000 3242.582300
121.300000 43.220000 3237.114300
121.360000 43.706000 3239.633200
121.410000 44.193000 3234.267800
121.460000 44.679000 3235.669570
121.520000 45.165000 3241.319500
121.570000 45.652000 3234.078267
121.630000 46.138000 3237.037722
121.690000 46.625000 3236.428000
121.750000 47.111000 3237.176600
121.810000 47.597000 3234.271900
121.880000 48.084000 3232.737400
121.940000 48.570000 3231.999810
122.010000 49.057000 3248.937080
122.080000 49.543000 3248.684840
122.150000 50.030000 3243.623290
121.700000 40.788000 3231.466650
121.750000 41.274000 3231.397890
121.800000 41.761000 3233.964800
121.860000 42.247000 3240.960700
121.910000 42.733000 3234.966400
121.960000 43.220000 3236.089600
122.020000 43.706000 3236.329400
122.080000 44.193000 3236.488600
122.140000 44.679000 3236.988760
122.200000 45.165000 3238.103200
122.260000 45.652000 3246.341380
122.320000 46.138000 3246.328650
122.390000 46.625000 3240.410250
122.460000 47.111000 3239.743610
122.530000 47.597000 3246.177300
122.600000 48.084000 3244.013600
122.670000 48.570000 3241.295700
122.740000 49.057000 3251.227580
122.820000 49.543000 3246.753600
122.900000 50.030000 3236.237700
122.340000 40.788000 3235.360270
122.390000 41.274000 3232.796930
122.450000 41.761000 3237.383600
122.500000 42.247000 3237.240400
122.560000 42.733000 3233.181100
122.620000 43.220000 3234.016400
122.680000 43.706000 3236.273600
122.750000 44.193000 3237.051200
122.810000 44.679000 3233.126200
122.880000 45.165000 3238.027400
122.950000 45.652000 3234.387000
123.020000 46.138000 3236.275470
123.090000 46.625000 3234.545840
123.160000 47.111000 3238.553770
123.240000 47.597000 3242.386300
123.320000 48.084000 3234.130000
123.400000 48.570000 3238.981200
123.480000 49.057000 3236.872266
123.560000 49.543000 3232.623840
123.650000 50.030000 3234.824100
122.970000 40.788000 3234.600900
123.030000 41.274000 3231.356630
123.090000 41.761000 3231.849000
123.150000 42.247000 3232.492100
123.220000 42.733000 3233.670600
123.280000 43.220000 3236.445800
123.350000 43.706000 3234.829800
123.420000 44.193000 3232.964600
123.490000 44.679000 3235.373100
123.560000 45.165000 3238.738200
123.630000 45.652000 3239.861400
123.710000 46.138000 3242.074100
123.790000 46.625000 3235.301100
123.870000 47.111000 3237.136010
123.950000 47.597000 3238.574900
124.030000 48.084000 3238.827200
124.120000 48.570000 3236.945600
124.210000 49.057000 3230.155700
124.300000 49.543000 3231.530430
124.400000 50.030000 3233.510890
123.610000 40.788000 3231.836200
123.670000 41.274000 3228.610700
123.740000 41.761000 3229.243900
123.800000 42.247000 3230.971460
123.870000 42.733000 3235.466700
123.940000 43.220000 3235.100500
124.010000 43.706000 3235.646000
124.090000 44.193000 3235.434300
124.160000 44.679000 3234.285100
124.240000 45.165000 3234.608500
124.320000 45.652000 3238.047100
124.400000 46.138000 3234.133500
124.490000 46.625000 3234.026900
124.570000 47.111000 3237.126000
124.660000 47.597000 3238.181800
124.750000 48.084000 3237.787200
124.850000 48.570000 3236.976300
124.940000 49.057000 3231.370400
125.040000 49.543000 3228.897500
125.140000 50.030000 3234.535400
124.240000 40.788000 3229.645400
124.310000 41.274000 3224.926900
124.380000 41.761000 3224.584900
124.450000 42.247000 3232.410800
124.530000 42.733000 3235.340830
124.600000 43.220000 3237.266030
124.680000 43.706000 3233.125020
124.760000 44.193000 3232.224000
124.840000 44.679000 3232.788400
124.920000 45.165000 3233.745400
125.010000 45.652000 3234.821900
125.100000 46.138000 3238.948100
125.190000 46.625000 3242.581300
125.280000 47.111000 3236.976920
125.380000 47.597000 3239.839200
125.470000 48.084000 3251.951600
125.570000 48.570000 3231.168000
125.680000 49.057000 3231.982600
125.780000 49.543000 3231.971700
125.890000 50.030000 3244.050800
124.880000 40.788000 3234.954900
124.950000 41.274000 3223.077000
125.020000 41.761000 3219.380000
125.100000 42.247000 3226.408000
125.180000 42.733000 3229.514500
125.260000 43.220000 3228.604400
125.340000 43.706000 3229.240800
125.430000 44.193000 3229.863110
125.520000 44.679000 3231.003660
125.600000 45.165000 3231.268520
125.700000 45.652000 3231.676200
125.790000 46.138000 3232.724000
125.890000 46.625000 3232.515300
125.990000 47.111000 3235.689060
126.090000 47.597000 3241.460300
126.190000 48.084000 3243.557100
126.300000 48.570000 3234.166200
126.410000 49.057000 3233.969300
126.520000 49.543000 3240.618400
126.640000 50.030000 3249.904800
125.510000 40.788000 3230.953360
125.590000 41.274000 3225.195500
125.670000 41.761000 3225.083200
125.750000 42.247000 3225.502900
125.830000 42.733000 3227.738600
125.920000 43.220000 3228.567600
126.010000 43.706000 3227.612000
126.100000 44.193000 3229.909420
126.190000 44.679000 3230.100630
126.290000 45.165000 3230.474540
126.380000 45.652000 3230.880289
126.480000 46.138000 3231.874350
126.590000 46.625000 3232.368164
126.690000 47.111000 3231.602970
126.800000 47.597000 3235.555000
126.910000 48.084000 3237.083600
127.030000 48.570000 3223.472100
127.140000 49.057000 3228.796300
127.260000 49.543000 3236.061300
127.390000 50.030000 3239.271700
126.140000 40.788000 3231.590030
126.230000 41.274000 3227.573200
126.310000 41.761000 3221.634900
126.400000 42.247000 3221.907900
126.490000 42.733000 3226.640500
126.580000 43.220000 3227.524600
126.670000 43.706000 3228.971400
126.770000 44.193000 3229.494400
126.870000 44.679000 3231.598660
126.970000 45.165000 3230.752900
127.070000 45.652000 3229.810500
127.180000 46.138000 3237.079500
127.290000 46.625000 3232.327880
127.400000 47.111000 3233.862760
127.510000 47.597000 3232.668050
127.630000 48.084000 3227.619300
127.750000 48.570000 3225.712000
127.880000 49.057000 3231.237300
128.000000 49.543000 3240.787800
128.140000 50.030000 3249.187600
126.780000 40.788000 3228.758500
126.870000 41.274000 3223.547700
126.960000 41.761000 3222.969900
127.050000 42.247000 3221.577000
127.140000 42.733000 3223.625200
127.240000 43.220000 3226.003100
127.340000 43.706000 3228.228100
127.440000 44.193000 3228.406900
127.540000 44.679000 3229.420900
127.650000 45.165000 3227.637100
127.760000 45.652000 3230.721300
127.870000 46.138000 3237.972900
127.990000 46.625000 3240.846000
128.100000 47.111000 3237.378200
128.230000 47.597000 3227.501500
128.350000 48.084000 3227.153000
128.480000 48.570000 3229.462800
128.610000 49.057000 3233.339600
128.740000 49.543000 3248.212200
128.880000 50.030000 3231.867400
127.410000 40.788000 3225.996400
127.510000 41.274000 3219.123000
127.600000 41.761000 3218.636000
127.700000 42.247000 3221.395500
127.800000 42.733000 3223.569800
127.900000 43.220000 3225.452700
128.000000 43.706000 3225.609300
128.110000 44.193000 3227.345200
128.220000 44.679000 3228.108400
128.330000 45.165000 3228.154900
128.450000 45.652000 3229.857500
128.560000 46.138000 3229.480300
128.690000 46.625000 3233.064800
128.810000 47.111000 3229.192700
128.940000 47.597000 3229.766900
129.070000 48.084000 3229.294000
129.200000 48.570000 3232.027100
129.340000 49.057000 3259.194800
129.480000 49.543000 3245.372300
129.630000 50.030000 3250.281300
128.050000 40.788000 3228.945200
128.140000 41.274000 3222.619600
128.240000 41.761000 3221.370800
128.350000 42.247000 3221.276300
128.450000 42.733000 3222.864000
128.560000 43.220000 3226.240400
128.670000 43.706000 3225.069100
128.780000 44.193000 3227.596600
128.890000 44.679000 3230.578685
129.010000 45.165000 3230.771600
129.130000 45.652000 3232.855008
129.260000 46.138000 3232.021300
129.390000 46.625000 3230.009940
129.520000 47.111000 3230.133000
129.650000 47.597000 3234.369000
129.790000 48.084000 3230.819400
129.930000 48.570000 3240.785380
128.680000 40.788000 3223.468100
128.780000 41.274000 3208.723000
128.890000 41.761000 3210.335000
128.990000 42.247000 3216.368000
129.100000 42.733000 3219.877000
129.220000 43.220000 3223.822700
129.330000 43.706000 3227.431300
129.450000 44.193000 3231.389770
129.570000 44.679000 3232.821400
129.690000 45.165000 3235.074100
129.820000 45.652000 3234.906700
129.950000 46.138000 3231.965000
129.320000 40.788000 3212.562000
129.420000 41.274000 3202.067000
129.530000 41.761000 3213.529000
129.640000 42.247000 3216.792000
129.760000 42.733000 3222.415200
129.880000 43.220000 3230.148020
130.000000 43.706000 3232.403300
129.950000 40.788000 3208.950000
