114.720000 40.788000 3255.392000
114.720000 41.274000 3275.707000
114.720000 41.761000 3247.619000
114.720000 42.247000 3245.890000
114.710000 42.733000 3240.194500
114.710000 43.220000 3237.827400
114.710000 43.706000 3234.429400
114.710000 44.193000 3232.182000
114.700000 44.679000 3236.739800
114.700000 45.165000 3243.303000
114.700000 45.652000 3245.247000
114.700000 46.138000 3244.348000
114.690000 46.625000 3243.047000
114.690000 47.111000 3247.184000
114.690000 47.597000 3247.305000
114.690000 48.084000 3244.251100
114.680000 48.570000 3252.829100
114.680000 49.057000 3257.350700
114.680000 49.543000 3245.940000
114.670000 50.030000 3246.912000
115.360000 40.788000 3259.516000
115.360000 41.274000 3259.600000
115.360000 41.761000 3240.782000
115.360000 42.247000 3242.935000
115.370000 42.733000 3236.787200
115.370000 43.220000 3233.593500
115.370000 43.706000 3232.620300
115.380000 44.193000 3232.555300
115.380000 44.679000 3235.290500
115.380000 45.165000 3234.015200
115.390000 45.652000 3237.178500
115.390000 46.138000 3238.686500
115.390000 46.625000 3238.465200
115.400000 47.111000 3245.207700
115.400000 47.597000 3241.075300
115.400000 48.084000 3238.049400
115.410000 48.570000 3246.553300
115.410000 49.057000 3254.498000
115.420000 49.543000 3244.854650
115.420000 50.030000 3237.285800
115.990000 40.788000 3237.429900
116.000000 41.274000 3235.550600
116.010000 41.761000 3231.422650
116.010000 42.247000 3237.004000
116.020000 42.733000 3238.040400
116.030000 43.220000 3234.669900
116.040000 43.706000 3232.609100
116.050000 44.193000 3234.693000
116.060000 44.679000 3235.991300
116.060000 45.165000 3231.022180
116.070000 45.652000 3234.949200
116.080000 46.138000 3235.336400
116.090000 46.625000 3234.922200
116.100000 47.111000 3236.897500
116.110000 47.597000 3241.463400
116.120000 48.084000 3244.760100
116.130000 48.570000 3240.988800
116.150000 49.057000 3251.319300
116.160000 49.543000 3252.966600
116.170000 50.030000 3251.632000
116.630000 40.788000 3235.070700
116.640000 41.274000 3238.473800
116.650000 41.761000 3238.337600
116.660000 42.247000 3234.471900
116.680000 42.733000 3231.289380
116.690000 43.220000 3231.302950
116.700000 43.706000 3230.722706
116.720000 44.193000 3232.227820
116.730000 44.679000 3232.924790
116.750000 45.165000 3233.249100
116.760000 45.652000 3237.112000
116.780000 46.138000 3234.454700
116.790000 46.625000 3234.836700
116.810000 47.111000 3234.755400
116.830000 47.597000 3242.210700
116.840000 48.084000 3240.838700
116.860000 48.570000 3239.521600
116.880000 49.057000 3243.225880
116.900000 49.543000 3260.824630
116.920000 50.030000 3251.753800
117.260000 40.788000 3249.073550
117.280000 41.274000 3244.905790
117.290000 41.761000 3239.916800
117.310000 42.247000 3235.060200
117.330000 42.733000 3233.226800
117.350000 43.220000 3230.617235
117.370000 43.706000 3233.466900
117.390000 44.193000 3234.754040
117.410000 44.679000 3231.106960
117.430000 45.165000 3236.342800
117.450000 45.652000 3240.955700
117.470000 46.138000 3244.867400
117.490000 46.625000 3238.275480
117.510000 47.111000 3243.416500
117.540000 47.597000 3253.386500
117.560000 48.084000 3240.191100
117.590000 48.570000 3232.422060
117.610000 49.057000 3238.416310
117.640000 49.543000 3249.642400
117.660000 50.030000 3247.405200
117.890000 40.788000 3240.081870
117.920000 41.274000 3230.756411
117.940000 41.761000 3234.200600
117.960000 42.247000 3234.403200
117.980000 42.733000 3233.162500
118.010000 43.220000 3233.515400
118.030000 43.706000 3236.733600
118.060000 44.193000 3235.728200
118.080000 44.679000 3232.867700
118.110000 45.165000 3234.301100
118.140000 45.652000 3234.150100
118.160000 46.138000 3233.753610
118.190000 46.625000 3235.637942
118.220000 47.111000 3239.927590
118.250000 47.597000 3240.205800
118.280000 48.084000 3243.628200
118.310000 48.570000 3236.179000
118.340000 49.057000 3234.583216
118.380000 49.543000 3237.978800
118.410000 50.030000 3239.251700
118.530000 40.788000 3230.647298
118.560000 41.274000 3229.882310
118.580000 41.761000 3238.434260
118.610000 42.247000 3239.523417
118.640000 42.733000 3234.251340
118.670000 43.220000 3233.170300
118.700000 43.706000 3233.513900
118.730000 44.193000 3237.964500
118.760000 44.679000 3234.414000
118.790000 45.165000 3233.803100
118.820000 45.652000 3233.138400
118.860000 46.138000 3235.679500
118.890000 46.625000 3235.639100
118.930000 47.111000 3234.837800
118.960000 47.597000 3236.328700
119.000000 48.084000 3239.850900
119.040000 48.570000 3241.737200
119.080000 49.057000 3237.304800
119.120000 49.543000 3236.041600
119.160000 50.030000 3235.714000
119.160000 40.788000 3229.045400
119.200000 41.274000 3229.856800
119.230000 41.761000 3233.626670
119.260000 42.247000 3234.959900
119.290000 42.733000 3236.306200
119.330000 43.220000 3231.433200
119.360000 43.706000 3230.849260
119.400000 44.193000 3236.722400
119.430000 44.679000 3241.192500
119.470000 45.165000 3235.946900
119.510000 45.652000 3233.200000
119.550000 46.138000 3234.782500
119.590000 46.625000 3236.300800
119.630000 47.111000 3235.793800
119.680000 47.597000 3232.991100
119.720000 48.084000 3231.907900
119.760000 48.570000 3235.936900
119.810000 49.057000 3233.994800
119.860000 49.543000 3236.303100
119.910000 50.030000 3231.558790
119.800000 40.788000 3229.274100
119.830000 41.274000 3228.525500
119.870000 41.761000 3232.722900
119.910000 42.247000 3237.630900
119.950000 42.733000 3236.496700
119.990000 43.220000 3235.654670
120.030000 43.706000 3235.614950
120.070000 44.193000 3240.224100
120.110000 44.679000 3238.699600
120.150000 45.165000 3235.371400
120.200000 45.652000 3234.370500
120.240000 46.138000 3235.660060
120.290000 46.625000 3235.748800
120.340000 47.111000 3236.508800
120.390000 47.597000 3232.528900
120.440000 48.084000 3232.938260
120.490000 48.570000 3233.055800
120.540000 49.057000 3232.254970
120.600000 49.543000 3236.732230
120.660000 50.030000 3229.082400
120.430000 40.788000 3239.677060
120.470000 41.274000 3241.542003
120.510000 41.761000 3244.439200
120.560000 42.247000 3237.041800
120.600000 42.733000 3234.681990
120.650000 43.220000 3233.316500
120.690000 43.706000 3231.254870
120.740000 44.193000 3231.672900
120.790000 44.679000 3234.190400
120.830000 45.165000 3234.029800
120.890000 45.652000 3231.534560
120.940000 46.138000 3233.321603
120.990000 46.625000 3234.089500
121.040000 47.111000 3236.435800
121.100000 47.597000 3236.109400
121.160000 48.084000 3239.590940
121.220000 48.570000 3234.820650
121.280000 49.057000 3232.304350
121.340000 49.543000 3231.833630
121.400000 50.030000 3230.743400
121.070000 40.788000 3235.639090
121.110000 41.274000 3233.007000
121.160000 41.761000 3235.149200
121.210000 42.247000 3241.057640
121.250000 42.733000 3243.603550
121.300000 43.220000 3235.372900
121.360000 43.706000 3233.838100
121.410000 44.193000 3232.157890
121.460000 44.679000 3234.019070
121.520000 45.165000 3236.453310
121.570000 45.652000 3234.428960
121.630000 46.138000 3237.937430
121.690000 46.625000 3233.846140
121.750000 47.111000 3234.547000
121.810000 47.597000 3238.744680
121.880000 48.084000 3232.559890
121.940000 48.570000 3230.242750
122.010000 49.057000 3234.631230
122.080000 49.543000 3235.104600
122.150000 50.030000 3230.771020
121.700000 40.788000 3238.454200
121.750000 41.274000 3241.315400
121.800000 41.761000 3235.672700
121.860000 42.247000 3243.583900
121.910000 42.733000 3242.403800
121.960000 43.220000 3238.364400
122.020000 43.706000 3236.582900
122.080000 44.193000 3235.149000
122.140000 44.679000 3235.012400
122.200000 45.165000 3240.327060
122.260000 45.652000 3249.926650
122.320000 46.138000 3237.132240
122.390000 46.625000 3238.621500
122.460000 47.111000 3233.892180
122.530000 47.597000 3238.206910
122.600000 48.084000 3233.966620
122.670000 48.570000 3239.969700
122.740000 49.057000 3243.168550
122.820000 49.543000 3236.695140
122.900000 50.030000 3231.322570
122.340000 40.788000 3240.833500
122.390000 41.274000 3237.324400
122.450000 41.761000 3241.469200
122.500000 42.247000 3241.713000
122.560000 42.733000 3232.679400
122.620000 43.220000 3233.943000
122.680000 43.706000 3236.605400
122.750000 44.193000 3240.338800
122.810000 44.679000 3232.044600
122.880000 45.165000 3233.395241
122.950000 45.652000 3231.382446
123.020000 46.138000 3232.997200
123.090000 46.625000 3232.493260
123.160000 47.111000 3239.099530
123.240000 47.597000 3243.777500
123.320000 48.084000 3242.341200
123.400000 48.570000 3235.375710
123.480000 49.057000 3234.310320
123.560000 49.543000 3238.238700
123.650000 50.030000 3237.156400
122.970000 40.788000 3234.576300
123.030000 41.274000 3232.985400
123.090000 41.761000 3236.373800
123.150000 42.247000 3235.353900
123.220000 42.733000 3232.938300
123.280000 43.220000 3232.918900
123.350000 43.706000 3238.871900
123.420000 44.193000 3234.042500
123.490000 44.679000 3235.054700
123.560000 45.165000 3236.777000
123.630000 45.652000 3237.522000
123.710000 46.138000 3244.438200
123.790000 46.625000 3234.221300
123.870000 47.111000 3241.848040
123.950000 47.597000 3240.888100
124.030000 48.084000 3247.640400
124.120000 48.570000 3234.874790
124.210000 49.057000 3232.623591
124.300000 49.543000 3236.549800
124.400000 50.030000 3237.821000
123.610000 40.788000 3232.856800
123.670000 41.274000 3232.242220
123.740000 41.761000 3233.247260
123.800000 42.247000 3237.432900
123.870000 42.733000 3232.863800
123.940000 43.220000 3235.731100
124.010000 43.706000 3239.172400
124.090000 44.193000 3240.190900
124.160000 44.679000 3236.725900
124.240000 45.165000 3237.360600
124.320000 45.652000 3240.919400
124.400000 46.138000 3237.517100
124.490000 46.625000 3241.388200
124.570000 47.111000 3246.029860
124.660000 47.597000 3238.043200
124.750000 48.084000 3239.412200
124.850000 48.570000 3236.155600
124.940000 49.057000 3231.491890
125.040000 49.543000 3231.471979
125.140000 50.030000 3234.459330
124.240000 40.788000 3233.322200
124.310000 41.274000 3230.493500
124.380000 41.761000 3235.909800
124.450000 42.247000 3240.564340
124.530000 42.733000 3236.145610
124.600000 43.220000 3235.206080
124.680000 43.706000 3239.578150
124.760000 44.193000 3237.899200
124.840000 44.679000 3235.518300
124.920000 45.165000 3235.108500
125.010000 45.652000 3237.536000
125.100000 46.138000 3246.760500
125.190000 46.625000 3248.016600
125.280000 47.111000 3241.111000
125.380000 47.597000 3237.504600
125.470000 48.084000 3248.841600
125.570000 48.570000 3231.233900
125.680000 49.057000 3226.389900
125.780000 49.543000 3229.419400
125.890000 50.030000 3241.460300
124.880000 40.788000 3233.431340
124.950000 41.274000 3226.947500
125.020000 41.761000 3224.510600
125.100000 42.247000 3228.506400
125.180000 42.733000 3230.057520
125.260000 43.220000 3229.045900
125.340000 43.706000 3231.285760
125.430000 44.193000 3231.358400
125.520000 44.679000 3232.325800
125.600000 45.165000 3232.640800
125.700000 45.652000 3234.271000
125.790000 46.138000 3236.914800
125.890000 46.625000 3236.582500
125.990000 47.111000 3236.404800
126.090000 47.597000 3243.349390
126.190000 48.084000 3250.068600
126.300000 48.570000 3244.740200
126.410000 49.057000 3231.549800
126.520000 49.543000 3238.926100
126.640000 50.030000 3244.201700
125.510000 40.788000 3232.766360
125.590000 41.274000 3233.994500
125.670000 41.761000 3230.817800
125.750000 42.247000 3227.793000
125.830000 42.733000 3230.838700
125.920000 43.220000 3234.658100
126.010000 43.706000 3228.528900
126.100000 44.193000 3230.499290
126.190000 44.679000 3231.178080
126.290000 45.165000 3234.361090
126.380000 45.652000 3234.503900
126.480000 46.138000 3242.094200
126.590000 46.625000 3239.064800
126.690000 47.111000 3233.058900
126.800000 47.597000 3241.037000
126.910000 48.084000 3238.061900
127.030000 48.570000 3231.575500
127.140000 49.057000 3240.293800
127.260000 49.543000 3243.761500
127.390000 50.030000 3245.460300
126.140000 40.788000 3234.179790
126.230000 41.274000 3231.638500
126.310000 41.761000 3225.148900
126.400000 42.247000 3227.202100
126.490000 42.733000 3229.734400
126.580000 43.220000 3227.668100
126.670000 43.706000 3229.779410
126.770000 44.193000 3229.575900
126.870000 44.679000 3233.844530
126.970000 45.165000 3237.052900
127.070000 45.652000 3239.836800
127.180000 46.138000 3244.374800
127.290000 46.625000 3234.945960
127.400000 47.111000 3234.217140
127.510000 47.597000 3231.636810
127.630000 48.084000 3232.207700
127.750000 48.570000 3232.925300
127.880000 49.057000 3239.044200
128.000000 49.543000 3249.194800
128.140000 50.030000 3251.130300
126.780000 40.788000 3229.413400
126.870000 41.274000 3226.553200
126.960000 41.761000 3227.974700
127.050000 42.247000 3226.252500
127.140000 42.733000 3227.275000
127.240000 43.220000 3230.118500
127.340000 43.706000 3229.830200
127.440000 44.193000 3228.503500
127.540000 44.679000 3231.532340
127.650000 45.165000 3230.736000
127.760000 45.652000 3240.653300
127.870000 46.138000 3241.650300
127.990000 46.625000 3243.838200
128.100000 47.111000 3233.181200
128.230000 47.597000 3232.970600
128.350000 48.084000 3234.091000
128.480000 48.570000 3237.128100
128.610000 49.057000 3239.686100
128.740000 49.543000 3242.071900
128.880000 50.030000 3249.932900
127.410000 40.788000 3227.045500
127.510000 41.274000 3223.782800
127.600000 41.761000 3222.537200
127.700000 42.247000 3224.697400
127.800000 42.733000 3228.483800
127.900000 43.220000 3229.319000
128.000000 43.706000 3226.914100
128.110000 44.193000 3227.865400
128.220000 44.679000 3228.260800
128.330000 45.165000 3232.096500
128.450000 45.652000 3233.446800
128.560000 46.138000 3230.754400
128.690000 46.625000 3233.995200
128.810000 47.111000 3236.447200
128.940000 47.597000 3235.291500
129.070000 48.084000 3236.740100
129.200000 48.570000 3233.443700
129.340000 49.057000 3245.375700
129.480000 49.543000 3236.634500
129.630000 50.030000 3242.625000
128.050000 40.788000 3229.498000
128.140000 41.274000 3224.327700
128.240000 41.761000 3225.653900
128.350000 42.247000 3225.705100
128.450000 42.733000 3226.273500
128.560000 43.220000 3226.801900
128.670000 43.706000 3227.788200
128.780000 44.193000 3227.872400
128.890000 44.679000 3229.676560
129.010000 45.165000 3230.203380
129.130000 45.652000 3231.691200
129.260000 46.138000 3232.602037
129.390000 46.625000 3232.230360
129.520000 47.111000 3232.803900
129.650000 47.597000 3233.682700
129.790000 48.084000 3230.039190
129.930000 48.570000 3231.597400
128.680000 40.788000 3227.876100
128.780000 41.274000 3213.958000
128.890000 41.761000 3216.087000
128.990000 42.247000 3220.390000
129.100000 42.733000 3223.409900
129.220000 43.220000 3226.802300
129.330000 43.706000 3228.132100
129.450000 44.193000 3230.029910
129.570000 44.679000 3230.940870
129.690000 45.165000 3231.609580
129.820000 45.652000 3233.433860
129.950000 46.138000 3237.978490
129.320000 40.788000 3221.820100
129.420000 41.274000 3213.764000
129.530000 41.761000 3222.209000
129.640000 42.247000 3220.278000
129.760000 42.733000 3228.132800
129.880000 43.220000 3229.519500
130.000000 43.706000 3231.693000
129.950000 40.788000 3226.269000
