114.720000 40.788000 3242.835000
114.720000 41.274000 3250.532000
114.720000 41.761000 3228.663800
114.720000 42.247000 3227.989100
114.710000 42.733000 3228.195700
114.710000 43.220000 3227.092300
114.710000 43.706000 3227.326500
114.710000 44.193000 3225.750400
114.700000 44.679000 3227.701100
114.700000 45.165000 3230.090180
114.700000 45.652000 3230.273230
114.700000 46.138000 3232.330300
114.690000 46.625000 3232.640700
114.690000 47.111000 3235.021100
114.690000 47.597000 3233.223400
114.690000 48.084000 3229.388500
114.680000 48.570000 3221.767100
114.680000 49.057000 3220.980700
114.680000 49.543000 3219.800000
114.670000 50.030000 3215.047000
115.360000 40.788000 3234.215200
115.360000 41.274000 3221.657600
115.360000 41.761000 3227.294200
115.360000 42.247000 3230.775670
115.370000 42.733000 3228.788800
115.370000 43.220000 3229.086000
115.370000 43.706000 3229.886260
115.380000 44.193000 3230.059620
115.380000 44.679000 3230.416510
115.380000 45.165000 3229.995680
115.390000 45.652000 3230.418020
115.390000 46.138000 3231.412230
115.390000 46.625000 3231.842200
115.400000 47.111000 3233.300600
115.400000 47.597000 3232.262700
115.400000 48.084000 3228.961200
115.410000 48.570000 3222.723900
115.410000 49.057000 3221.384200
115.420000 49.543000 3221.246200
115.420000 50.030000 3222.099500
115.990000 40.788000 3230.477020
116.000000 41.274000 3228.737300
116.010000 41.761000 3225.901300
116.010000 42.247000 3229.809850
116.020000 42.733000 3232.724800
116.030000 43.220000 3231.387110
116.040000 43.706000 3230.407280
116.050000 44.193000 3232.006300
116.060000 44.679000 3231.773400
116.060000 45.165000 3229.964500
116.070000 45.652000 3230.764530
116.080000 46.138000 3230.939770
116.090000 46.625000 3232.444100
116.100000 47.111000 3233.003700
116.110000 47.597000 3234.574900
116.120000 48.084000 3233.884200
116.130000 48.570000 3231.222670
116.150000 49.057000 3225.607600
116.160000 49.543000 3221.365200
116.170000 50.030000 3220.834600
116.630000 40.788000 3230.935750
116.640000 41.274000 3231.425320
116.650000 41.761000 3230.239400
116.660000 42.247000 3228.740000
116.680000 42.733000 3229.818770
116.690000 43.220000 3231.540300
116.700000 43.706000 3230.757310
116.720000 44.193000 3230.595532
116.730000 44.679000 3230.871060
116.750000 45.165000 3230.643483
116.760000 45.652000 3231.240050
116.780000 46.138000 3230.309860
116.790000 46.625000 3232.260400
116.810000 47.111000 3233.269600
116.830000 47.597000 3233.339400
116.840000 48.084000 3234.923200
116.860000 48.570000 3232.647000
116.880000 49.057000 3230.001130
116.900000 49.543000 3222.286100
116.920000 50.030000 3221.868200
117.260000 40.788000 3230.883290
117.280000 41.274000 3229.080700
117.290000 41.761000 3231.578730
117.310000 42.247000 3229.521300
117.330000 42.733000 3228.768100
117.350000 43.220000 3229.067000
117.370000 43.706000 3227.825700
117.390000 44.193000 3230.882780
117.410000 44.679000 3230.231320
117.430000 45.165000 3231.782900
117.450000 45.652000 3232.082900
117.470000 46.138000 3230.459450
117.490000 46.625000 3230.168190
117.510000 47.111000 3232.478800
117.540000 47.597000 3233.570300
117.560000 48.084000 3232.885800
117.590000 48.570000 3231.924100
117.610000 49.057000 3231.572940
117.640000 49.543000 3229.333100
117.660000 50.030000 3226.336900
117.890000 40.788000 3230.502758
117.920000 41.274000 3229.731290
117.940000 41.761000 3228.855000
117.960000 42.247000 3229.340200
117.980000 42.733000 3228.781900
118.010000 43.220000 3227.922800
118.030000 43.706000 3228.565800
118.060000 44.193000 3229.350200
118.080000 44.679000 3230.781410
118.110000 45.165000 3232.249300
118.140000 45.652000 3231.054340
118.160000 46.138000 3230.169310
118.190000 46.625000 3230.009250
118.220000 47.111000 3232.918100
118.250000 47.597000 3233.497100
118.280000 48.084000 3233.839800
118.310000 48.570000 3232.755800
118.340000 49.057000 3230.706150
118.380000 49.543000 3230.158540
118.410000 50.030000 3230.971210
118.530000 40.788000 3230.805940
118.560000 41.274000 3230.080740
118.580000 41.761000 3229.179400
118.610000 42.247000 3230.699938
118.640000 42.733000 3228.994900
118.670000 43.220000 3228.103300
118.700000 43.706000 3228.417700
118.730000 44.193000 3230.417110
118.760000 44.679000 3230.256740
118.790000 45.165000 3232.441600
118.820000 45.652000 3233.233000
118.860000 46.138000 3231.667900
118.890000 46.625000 3231.521280
118.930000 47.111000 3232.134000
118.960000 47.597000 3233.799000
119.000000 48.084000 3233.998000
119.040000 48.570000 3233.909600
119.080000 49.057000 3233.737100
119.120000 49.543000 3231.201500
119.160000 50.030000 3230.994400
119.160000 40.788000 3231.293480
119.200000 41.274000 3230.580595
119.230000 41.761000 3232.195600
119.260000 42.247000 3231.225070
119.290000 42.733000 3229.757010
119.330000 43.220000 3228.858400
119.360000 43.706000 3228.109800
119.400000 44.193000 3229.549300
119.430000 44.679000 3229.993520
119.470000 45.165000 3230.346150
119.510000 45.652000 3232.052600
119.550000 46.138000 3231.860000
119.590000 46.625000 3232.205400
119.630000 47.111000 3232.500200
119.680000 47.597000 3231.977900
119.720000 48.084000 3232.822300
119.760000 48.570000 3234.017500
119.810000 49.057000 3233.237000
119.860000 49.543000 3232.675700
119.910000 50.030000 3228.246000
119.800000 40.788000 3231.862800
119.830000 41.274000 3232.512900
119.870000 41.761000 3231.765100
119.910000 42.247000 3231.685100
119.950000 42.733000 3231.726800
119.990000 43.220000 3230.807740
120.030000 43.706000 3227.979900
120.070000 44.193000 3228.250800
120.110000 44.679000 3230.609188
120.150000 45.165000 3230.562082
120.200000 45.652000 3229.253000
120.240000 46.138000 3229.164200
120.290000 46.625000 3228.841400
120.340000 47.111000 3231.687100
120.390000 47.597000 3231.263190
120.440000 48.084000 3231.768000
120.490000 48.570000 3232.551500
120.540000 49.057000 3231.903700
120.600000 49.543000 3231.097350
120.660000 50.030000 3227.365500
120.430000 40.788000 3231.513670
120.470000 41.274000 3232.968400
120.510000 41.761000 3231.462550
120.560000 42.247000 3231.058050
120.600000 42.733000 3231.090300
120.650000 43.220000 3231.701500
120.690000 43.706000 3230.932260
120.740000 44.193000 3230.219930
120.790000 44.679000 3229.949900
120.830000 45.165000 3229.574800
120.890000 45.652000 3230.174150
120.940000 46.138000 3229.836590
120.990000 46.625000 3228.308400
121.040000 47.111000 3229.602020
121.100000 47.597000 3230.664160
121.160000 48.084000 3230.335960
121.220000 48.570000 3230.594589
121.280000 49.057000 3232.003700
121.340000 49.543000 3230.878240
121.400000 50.030000 3227.074700
121.070000 40.788000 3233.718400
121.110000 41.274000 3234.476800
121.160000 41.761000 3232.313500
121.210000 42.247000 3231.109260
121.250000 42.733000 3230.144620
121.300000 43.220000 3231.075890
121.360000 43.706000 3231.655100
121.410000 44.193000 3231.263700
121.460000 44.679000 3230.960670
121.520000 45.165000 3230.455090
121.570000 45.652000 3229.912690
121.630000 46.138000 3229.393600
121.690000 46.625000 3229.733400
121.750000 47.111000 3229.651480
121.810000 47.597000 3227.834500
121.880000 48.084000 3229.766530
121.940000 48.570000 3228.975800
122.010000 49.057000 3230.379140
122.080000 49.543000 3230.790810
122.150000 50.030000 3227.382900
121.700000 40.788000 3235.044600
121.750000 41.274000 3234.760700
121.800000 41.761000 3233.143800
121.860000 42.247000 3231.296990
121.910000 42.733000 3231.675700
121.960000 43.220000 3232.649400
122.020000 43.706000 3232.251500
122.080000 44.193000 3230.870870
122.140000 44.679000 3231.368120
122.200000 45.165000 3230.474090
122.260000 45.652000 3230.129570
122.320000 46.138000 3229.292900
122.390000 46.625000 3228.199100
122.460000 47.111000 3229.197700
122.530000 47.597000 3230.004040
122.600000 48.084000 3230.495880
122.670000 48.570000 3229.539100
122.740000 49.057000 3230.017450
122.820000 49.543000 3229.990920
122.900000 50.030000 3227.174400
122.340000 40.788000 3235.642200
122.390000 41.274000 3234.208200
122.450000 41.761000 3234.623900
122.500000 42.247000 3232.747800
122.560000 42.733000 3231.235760
122.620000 43.220000 3231.198380
122.680000 43.706000 3231.308720
122.750000 44.193000 3231.260640
122.810000 44.679000 3231.105780
122.880000 45.165000 3228.250700
122.950000 45.652000 3229.507200
123.020000 46.138000 3230.246710
123.090000 46.625000 3230.595744
123.160000 47.111000 3230.872090
123.240000 47.597000 3229.722280
123.320000 48.084000 3228.677100
123.400000 48.570000 3231.547130
123.480000 49.057000 3232.541200
123.560000 49.543000 3231.928800
123.650000 50.030000 3229.562000
122.970000 40.788000 3231.753100
123.030000 41.274000 3234.009200
123.090000 41.761000 3233.690800
123.150000 42.247000 3233.899800
123.220000 42.733000 3232.190200
123.280000 43.220000 3231.494850
123.350000 43.706000 3231.597030
123.420000 44.193000 3232.262900
123.490000 44.679000 3233.974500
123.560000 45.165000 3232.207000
123.630000 45.652000 3232.476900
123.710000 46.138000 3233.088700
123.790000 46.625000 3232.308900
123.870000 47.111000 3231.789500
123.950000 47.597000 3230.628220
124.030000 48.084000 3228.939600
124.120000 48.570000 3230.659666
124.210000 49.057000 3233.305900
124.300000 49.543000 3236.454600
124.400000 50.030000 3232.666100
123.610000 40.788000 3232.238500
123.670000 41.274000 3233.238500
123.740000 41.761000 3234.137700
123.800000 42.247000 3232.008400
123.870000 42.733000 3230.386300
123.940000 43.220000 3231.658000
124.010000 43.706000 3233.483500
124.090000 44.193000 3234.010400
124.160000 44.679000 3235.821500
124.240000 45.165000 3236.153600
124.320000 45.652000 3236.338700
124.400000 46.138000 3237.378800
124.490000 46.625000 3234.861800
124.570000 47.111000 3233.788500
124.660000 47.597000 3231.489550
124.750000 48.084000 3228.512800
124.850000 48.570000 3229.530700
124.940000 49.057000 3231.846300
125.040000 49.543000 3233.960400
125.140000 50.030000 3232.129000
124.240000 40.788000 3234.243500
124.310000 41.274000 3233.550300
124.380000 41.761000 3232.407800
124.450000 42.247000 3231.440940
124.530000 42.733000 3229.858350
124.600000 43.220000 3229.064900
124.680000 43.706000 3231.129540
124.760000 44.193000 3233.961400
124.840000 44.679000 3234.039900
124.920000 45.165000 3236.015900
125.010000 45.652000 3236.544500
125.100000 46.138000 3237.153800
125.190000 46.625000 3236.214400
125.280000 47.111000 3235.089200
125.380000 47.597000 3232.511700
125.470000 48.084000 3229.762550
125.570000 48.570000 3229.825960
125.680000 49.057000 3230.171280
125.780000 49.543000 3230.309450
125.890000 50.030000 3229.231700
124.880000 40.788000 3231.421790
124.950000 41.274000 3230.920190
125.020000 41.761000 3230.839760
125.100000 42.247000 3231.209450
125.180000 42.733000 3230.116390
125.260000 43.220000 3228.284400
125.340000 43.706000 3230.681319
125.430000 44.193000 3231.131470
125.520000 44.679000 3232.014100
125.600000 45.165000 3233.004700
125.700000 45.652000 3234.684300
125.790000 46.138000 3235.262100
125.890000 46.625000 3235.266300
125.990000 47.111000 3233.558400
126.090000 47.597000 3230.814170
126.190000 48.084000 3229.794460
126.300000 48.570000 3228.533600
126.410000 49.057000 3228.743100
126.520000 49.543000 3228.022000
126.640000 50.030000 3225.412400
125.510000 40.788000 3230.440600
125.590000 41.274000 3230.681442
125.670000 41.761000 3231.480630
125.750000 42.247000 3229.714240
125.830000 42.733000 3230.369830
125.920000 43.220000 3230.013430
126.010000 43.706000 3227.997500
126.100000 44.193000 3230.553619
126.190000 44.679000 3231.131240
126.290000 45.165000 3230.885740
126.380000 45.652000 3230.837670
126.480000 46.138000 3231.805600
126.590000 46.625000 3232.077700
126.690000 47.111000 3231.984200
126.800000 47.597000 3229.725110
126.910000 48.084000 3229.714930
127.030000 48.570000 3227.418200
127.140000 49.057000 3227.419100
127.260000 49.543000 3228.440300
127.390000 50.030000 3227.270900
126.140000 40.788000 3227.168200
126.230000 41.274000 3230.898320
126.310000 41.761000 3229.955510
126.400000 42.247000 3229.953950
126.490000 42.733000 3229.955240
126.580000 43.220000 3228.782500
126.670000 43.706000 3229.261800
126.770000 44.193000 3227.811900
126.870000 44.679000 3230.733810
126.970000 45.165000 3228.213600
127.070000 45.652000 3228.405800
127.180000 46.138000 3229.158800
127.290000 46.625000 3229.936860
127.400000 47.111000 3228.108100
127.510000 47.597000 3230.103710
127.630000 48.084000 3229.005300
127.750000 48.570000 3225.823300
127.880000 49.057000 3226.182600
128.000000 49.543000 3227.225600
128.140000 50.030000 3226.695100
126.780000 40.788000 3226.938800
126.870000 41.274000 3228.218500
126.960000 41.761000 3229.140700
127.050000 42.247000 3229.389700
127.140000 42.733000 3230.905270
127.240000 43.220000 3230.180130
127.340000 43.706000 3228.232500
127.440000 44.193000 3227.308500
127.540000 44.679000 3229.350400
127.650000 45.165000 3227.313000
127.760000 45.652000 3228.589300
127.870000 46.138000 3228.027400
127.990000 46.625000 3226.856100
128.100000 47.111000 3228.416900
128.230000 47.597000 3227.835200
128.350000 48.084000 3226.837400
128.480000 48.570000 3225.893200
128.610000 49.057000 3225.328400
128.740000 49.543000 3226.539600
128.880000 50.030000 3226.264700
127.410000 40.788000 3225.053600
127.510000 41.274000 3226.225400
127.600000 41.761000 3228.564100
127.700000 42.247000 3229.765890
127.800000 42.733000 3229.488100
127.900000 43.220000 3228.919100
128.000000 43.706000 3228.075900
128.110000 44.193000 3227.684500
128.220000 44.679000 3228.148900
128.330000 45.165000 3229.304400
128.450000 45.652000 3229.325200
128.560000 46.138000 3229.694050
128.690000 46.625000 3229.033200
128.810000 47.111000 3228.776000
128.940000 47.597000 3228.738900
129.070000 48.084000 3226.681800
129.200000 48.570000 3225.983800
129.340000 49.057000 3222.459800
129.480000 49.543000 3226.950700
129.630000 50.030000 3224.465000
128.050000 40.788000 3228.105000
128.140000 41.274000 3227.625600
128.240000 41.761000 3230.793050
128.350000 42.247000 3230.658990
128.450000 42.733000 3229.752800
128.560000 43.220000 3228.288000
128.670000 43.706000 3226.478700
128.780000 44.193000 3228.433200
128.890000 44.679000 3229.616460
129.010000 45.165000 3229.466100
129.130000 45.652000 3230.448250
129.260000 46.138000 3231.087100
129.390000 46.625000 3229.579200
129.520000 47.111000 3229.148000
129.650000 47.597000 3228.198900
129.790000 48.084000 3229.690610
129.930000 48.570000 3226.671800
128.680000 40.788000 3227.685700
128.780000 41.274000 3222.885900
128.890000 41.761000 3225.557600
128.990000 42.247000 3226.382900
129.100000 42.733000 3225.911200
129.220000 43.220000 3227.435700
129.330000 43.706000 3227.877400
129.450000 44.193000 3228.927800
129.570000 44.679000 3228.385700
129.690000 45.165000 3227.000500
129.820000 45.652000 3230.713620
129.950000 46.138000 3233.329000
129.320000 40.788000 3232.383900
129.420000 41.274000 3228.367300
129.530000 41.761000 3225.598100
129.640000 42.247000 3224.820600
129.760000 42.733000 3226.373000
129.880000 43.220000 3228.002900
130.000000 43.706000 3226.323700
129.950000 40.788000 3233.025200
