114.720000 40.788000 3251.725000
114.720000 41.274000 3272.391000
114.720000 41.761000 3241.698000
114.720000 42.247000 3239.475600
114.710000 42.733000 3236.111600
114.710000 43.220000 3233.698900
114.710000 43.706000 3231.931200
114.710000 44.193000 3229.947440
114.700000 44.679000 3232.758800
114.700000 45.165000 3238.752800
114.700000 45.652000 3240.079900
114.700000 46.138000 3241.230000
114.690000 46.625000 3239.841400
114.690000 47.111000 3242.662000
114.690000 47.597000 3240.599400
114.690000 48.084000 3236.288300
114.680000 48.570000 3231.039380
114.680000 49.057000 3231.619700
114.680000 49.543000 3231.036540
114.670000 50.030000 3233.079800
115.360000 40.788000 3253.439000
115.360000 41.274000 3249.105000
115.360000 41.761000 3235.892100
115.360000 42.247000 3238.357400
115.370000 42.733000 3233.301200
115.370000 43.220000 3231.341190
115.370000 43.706000 3230.658402
115.380000 44.193000 3230.637867
115.380000 44.679000 3233.507700
115.380000 45.165000 3232.849700
115.390000 45.652000 3234.962300
115.390000 46.138000 3236.514100
115.390000 46.625000 3235.556900
115.400000 47.111000 3236.992800
115.400000 47.597000 3234.859500
115.400000 48.084000 3232.879900
115.410000 48.570000 3229.386100
115.410000 49.057000 3227.385000
115.420000 49.543000 3227.116900
115.420000 50.030000 3230.077470
115.990000 40.788000 3233.936800
116.000000 41.274000 3231.021500
116.010000 41.761000 3228.924400
116.010000 42.247000 3234.381500
116.020000 42.733000 3236.333700
116.030000 43.220000 3232.756300
116.040000 43.706000 3231.982100
116.050000 44.193000 3232.969400
116.060000 44.679000 3233.828400
116.060000 45.165000 3230.558460
116.070000 45.652000 3234.158100
116.080000 46.138000 3234.019300
116.090000 46.625000 3233.766500
116.100000 47.111000 3234.884000
116.110000 47.597000 3237.572900
116.120000 48.084000 3235.254700
116.130000 48.570000 3231.639160
116.150000 49.057000 3227.802200
116.160000 49.543000 3225.488100
116.170000 50.030000 3227.588500
116.630000 40.788000 3232.579300
116.640000 41.274000 3235.460300
116.650000 41.761000 3235.071600
116.660000 42.247000 3231.691000
116.680000 42.733000 3230.070230
116.690000 43.220000 3230.664552
116.700000 43.706000 3230.834430
116.720000 44.193000 3230.292040
116.730000 44.679000 3230.242740
116.750000 45.165000 3232.031400
116.760000 45.652000 3234.800400
116.780000 46.138000 3232.717200
116.790000 46.625000 3233.420200
116.810000 47.111000 3234.264400
116.830000 47.597000 3234.768600
116.840000 48.084000 3236.203800
116.860000 48.570000 3233.190300
116.880000 49.057000 3229.799280
116.900000 49.543000 3227.019200
116.920000 50.030000 3228.164900
117.260000 40.788000 3230.112110
117.280000 41.274000 3230.432050
117.290000 41.761000 3235.950300
117.310000 42.247000 3232.988400
117.330000 42.733000 3231.782200
117.350000 43.220000 3229.793930
117.370000 43.706000 3230.484010
117.390000 44.193000 3230.086950
117.410000 44.679000 3230.592192
117.430000 45.165000 3234.018000
117.450000 45.652000 3235.758400
117.470000 46.138000 3232.691000
117.490000 46.625000 3230.913560
117.510000 47.111000 3231.853400
117.540000 47.597000 3233.060100
117.560000 48.084000 3232.631700
117.590000 48.570000 3231.002200
117.610000 49.057000 3231.357860
117.640000 49.543000 3233.685280
117.660000 50.030000 3232.860200
117.890000 40.788000 3230.262560
117.920000 41.274000 3230.194620
117.940000 41.761000 3231.615700
117.960000 42.247000 3231.375970
117.980000 42.733000 3230.851360
118.010000 43.220000 3231.268950
118.030000 43.706000 3233.265100
118.060000 44.193000 3232.939800
118.080000 44.679000 3231.362840
118.110000 45.165000 3233.232100
118.140000 45.652000 3231.979600
118.160000 46.138000 3230.420980
118.190000 46.625000 3230.552230
118.220000 47.111000 3232.953500
118.250000 47.597000 3235.116300
118.280000 48.084000 3236.358300
118.310000 48.570000 3231.785400
118.340000 49.057000 3231.009050
118.380000 49.543000 3231.767400
118.410000 50.030000 3235.948000
118.530000 40.788000 3229.929430
118.560000 41.274000 3230.309250
118.580000 41.761000 3229.650390
118.610000 42.247000 3229.973310
118.640000 42.733000 3230.582854
118.670000 43.220000 3229.775870
118.700000 43.706000 3231.240300
118.730000 44.193000 3235.340700
118.760000 44.679000 3232.765300
118.790000 45.165000 3233.088400
118.820000 45.652000 3232.559300
118.860000 46.138000 3233.110300
118.890000 46.625000 3232.804000
118.930000 47.111000 3233.526800
118.960000 47.597000 3234.698700
119.000000 48.084000 3233.607100
119.040000 48.570000 3233.890800
119.080000 49.057000 3233.344800
119.120000 49.543000 3230.790100
119.160000 50.030000 3231.281300
119.160000 40.788000 3229.538700
119.200000 41.274000 3228.205800
119.230000 41.761000 3230.877380
119.260000 42.247000 3232.976400
119.290000 42.733000 3232.062000
119.330000 43.220000 3229.411900
119.360000 43.706000 3229.766610
119.400000 44.193000 3234.568300
119.430000 44.679000 3236.662800
119.470000 45.165000 3231.829200
119.510000 45.652000 3232.137200
119.550000 46.138000 3231.977400
119.590000 46.625000 3233.159400
119.630000 47.111000 3234.066700
119.680000 47.597000 3232.158900
119.720000 48.084000 3231.619500
119.760000 48.570000 3233.321000
119.810000 49.057000 3232.649000
119.860000 49.543000 3231.873400
119.910000 50.030000 3230.143110
119.800000 40.788000 3230.090920
119.830000 41.274000 3229.725250
119.870000 41.761000 3231.827000
119.910000 42.247000 3234.373500
119.950000 42.733000 3232.093080
119.990000 43.220000 3231.231500
120.030000 43.706000 3229.292200
120.070000 44.193000 3231.680300
120.110000 44.679000 3235.969900
120.150000 45.165000 3233.222700
120.200000 45.652000 3231.281130
120.240000 46.138000 3230.413210
120.290000 46.625000 3232.618200
120.340000 47.111000 3235.377300
120.390000 47.597000 3232.415900
120.440000 48.084000 3231.916900
120.490000 48.570000 3231.962900
120.540000 49.057000 3232.141000
120.600000 49.543000 3231.012150
120.660000 50.030000 3228.796400
120.430000 40.788000 3232.418300
120.470000 41.274000 3232.681420
120.510000 41.761000 3233.363200
120.560000 42.247000 3231.456290
120.600000 42.733000 3231.190620
120.650000 43.220000 3231.419230
120.690000 43.706000 3231.829100
120.740000 44.193000 3230.936480
120.790000 44.679000 3231.729700
120.830000 45.165000 3231.846700
120.890000 45.652000 3230.603321
120.940000 46.138000 3229.720380
120.990000 46.625000 3230.647117
121.040000 47.111000 3232.949200
121.100000 47.597000 3233.307700
121.160000 48.084000 3231.180360
121.220000 48.570000 3230.326340
121.280000 49.057000 3231.481470
121.340000 49.543000 3231.097660
121.400000 50.030000 3228.772900
121.070000 40.788000 3232.283000
121.110000 41.274000 3232.551400
121.160000 41.761000 3233.145800
121.210000 42.247000 3231.256310
121.250000 42.733000 3239.855250
121.300000 43.220000 3231.981200
121.360000 43.706000 3232.272500
121.410000 44.193000 3231.753800
121.460000 44.679000 3231.110360
121.520000 45.165000 3230.818460
121.570000 45.652000 3231.020080
121.630000 46.138000 3230.566490
121.690000 46.625000 3230.507484
121.750000 47.111000 3231.353770
121.810000 47.597000 3229.852240
121.880000 48.084000 3230.554572
121.940000 48.570000 3229.773560
122.010000 49.057000 3230.291930
122.080000 49.543000 3230.463560
122.150000 50.030000 3229.064200
121.700000 40.788000 3235.847700
121.750000 41.274000 3236.374000
121.800000 41.761000 3232.985600
121.860000 42.247000 3240.151400
121.910000 42.733000 3236.295000
121.960000 43.220000 3233.180300
122.020000 43.706000 3232.659200
122.080000 44.193000 3231.836300
122.140000 44.679000 3231.098910
122.200000 45.165000 3232.527942
122.260000 45.652000 3232.779790
122.320000 46.138000 3230.038890
122.390000 46.625000 3229.616600
122.460000 47.111000 3230.121110
122.530000 47.597000 3230.773250
122.600000 48.084000 3231.139130
122.670000 48.570000 3233.360450
122.740000 49.057000 3231.522681
122.820000 49.543000 3230.160990
122.900000 50.030000 3228.557700
122.340000 40.788000 3236.932200
122.390000 41.274000 3234.669900
122.450000 41.761000 3235.953500
122.500000 42.247000 3235.107300
122.560000 42.733000 3231.752700
122.620000 43.220000 3233.033500
122.680000 43.706000 3232.569200
122.750000 44.193000 3235.850900
122.810000 44.679000 3231.730200
122.880000 45.165000 3230.194300
122.950000 45.652000 3230.079890
123.020000 46.138000 3231.034990
123.090000 46.625000 3231.052980
123.160000 47.111000 3231.912490
123.240000 47.597000 3230.909100
123.320000 48.084000 3232.710100
123.400000 48.570000 3231.238590
123.480000 49.057000 3231.300850
123.560000 49.543000 3232.828500
123.650000 50.030000 3232.179154
122.970000 40.788000 3233.242800
123.030000 41.274000 3233.441700
123.090000 41.761000 3235.604000
123.150000 42.247000 3234.426100
123.220000 42.733000 3232.031500
123.280000 43.220000 3232.161000
123.350000 43.706000 3235.509000
123.420000 44.193000 3232.726600
123.490000 44.679000 3234.150500
123.560000 45.165000 3233.103300
123.630000 45.652000 3233.768400
123.710000 46.138000 3236.667000
123.790000 46.625000 3232.979800
123.870000 47.111000 3234.303000
123.950000 47.597000 3233.019060
124.030000 48.084000 3234.687500
124.120000 48.570000 3230.447810
124.210000 49.057000 3232.295200
124.300000 49.543000 3235.091300
124.400000 50.030000 3233.729900
123.610000 40.788000 3232.059100
123.670000 41.274000 3232.217800
123.740000 41.761000 3232.384200
123.800000 42.247000 3233.003100
123.870000 42.733000 3230.952500
123.940000 43.220000 3233.621680
124.010000 43.706000 3237.134000
124.090000 44.193000 3239.633700
124.160000 44.679000 3236.279600
124.240000 45.165000 3236.376700
124.320000 45.652000 3237.625100
124.400000 46.138000 3238.021400
124.490000 46.625000 3239.100500
124.570000 47.111000 3245.975600
124.660000 47.597000 3232.137900
124.750000 48.084000 3232.922600
124.850000 48.570000 3230.546100
124.940000 49.057000 3230.482670
125.040000 49.543000 3231.735400
125.140000 50.030000 3231.182590
124.240000 40.788000 3232.302600
124.310000 41.274000 3229.747210
124.380000 41.761000 3230.449500
124.450000 42.247000 3232.200070
124.530000 42.733000 3230.071160
124.600000 43.220000 3231.009490
124.680000 43.706000 3241.632100
124.760000 44.193000 3240.241200
124.840000 44.679000 3235.113100
124.920000 45.165000 3235.646000
125.010000 45.652000 3238.202500
125.100000 46.138000 3244.407100
125.190000 46.625000 3242.544500
125.280000 47.111000 3237.747500
125.380000 47.597000 3232.512640
125.470000 48.084000 3236.778400
125.570000 48.570000 3229.837400
125.680000 49.057000 3227.216400
125.780000 49.543000 3227.651500
125.890000 50.030000 3228.654300
124.880000 40.788000 3230.490230
124.950000 41.274000 3226.917200
125.020000 41.761000 3226.305200
125.100000 42.247000 3229.898970
125.180000 42.733000 3230.534235
125.260000 43.220000 3229.216900
125.340000 43.706000 3232.219380
125.430000 44.193000 3231.508930
125.520000 44.679000 3232.492600
125.600000 45.165000 3233.358800
125.700000 45.652000 3234.460800
125.790000 46.138000 3238.530300
125.890000 46.625000 3236.251800
125.990000 47.111000 3234.744100
126.090000 47.597000 3236.783430
126.190000 48.084000 3241.639500
126.300000 48.570000 3240.917800
126.410000 49.057000 3227.172500
126.520000 49.543000 3228.817300
126.640000 50.030000 3226.440300
125.510000 40.788000 3231.527550
125.590000 41.274000 3230.602800
125.670000 41.761000 3231.822720
125.750000 42.247000 3228.805700
125.830000 42.733000 3229.321800
125.920000 43.220000 3230.543400
126.010000 43.706000 3228.556700
126.100000 44.193000 3230.023220
126.190000 44.679000 3231.255250
126.290000 45.165000 3231.412870
126.380000 45.652000 3237.871800
126.480000 46.138000 3243.285100
126.590000 46.625000 3237.888400
126.690000 47.111000 3232.351800
126.800000 47.597000 3235.877870
126.910000 48.084000 3234.327700
127.030000 48.570000 3238.984500
127.140000 49.057000 3233.514700
127.260000 49.543000 3234.233700
127.390000 50.030000 3231.447500
126.140000 40.788000 3229.941800
126.230000 41.274000 3231.798730
126.310000 41.761000 3226.759900
126.400000 42.247000 3227.195900
126.490000 42.733000 3229.576100
126.580000 43.220000 3229.156000
126.670000 43.706000 3231.904580
126.770000 44.193000 3228.773300
126.870000 44.679000 3231.465350
126.970000 45.165000 3234.731100
127.070000 45.652000 3240.793400
127.180000 46.138000 3241.464300
127.290000 46.625000 3231.748960
127.400000 47.111000 3230.476400
127.510000 47.597000 3231.041978
127.630000 48.084000 3231.792900
127.750000 48.570000 3232.097500
127.880000 49.057000 3239.307600
128.000000 49.543000 3242.909700
128.140000 50.030000 3235.318300
126.780000 40.788000 3228.455000
126.870000 41.274000 3226.436500
126.960000 41.761000 3225.625900
127.050000 42.247000 3226.008000
127.140000 42.733000 3228.706300
127.240000 43.220000 3231.724900
127.340000 43.706000 3228.877100
127.440000 44.193000 3228.541300
127.540000 44.679000 3230.935100
127.650000 45.165000 3230.535400
127.760000 45.652000 3242.119900
127.870000 46.138000 3232.758900
127.990000 46.625000 3232.499400
128.100000 47.111000 3228.553400
128.230000 47.597000 3229.609800
128.350000 48.084000 3233.789700
128.480000 48.570000 3227.880100
128.610000 49.057000 3232.671200
128.740000 49.543000 3227.702200
128.880000 50.030000 3242.480500
127.410000 40.788000 3226.843500
127.510000 41.274000 3224.300900
127.600000 41.761000 3224.679800
127.700000 42.247000 3226.797400
127.800000 42.733000 3227.924300
127.900000 43.220000 3227.888300
128.000000 43.706000 3226.991300
128.110000 44.193000 3228.124600
128.220000 44.679000 3228.940400
128.330000 45.165000 3232.541300
128.450000 45.652000 3229.421100
128.560000 46.138000 3228.866000
128.690000 46.625000 3229.889900
128.810000 47.111000 3232.880400
128.940000 47.597000 3229.251300
129.070000 48.084000 3231.422000
129.200000 48.570000 3228.398300
129.340000 49.057000 3226.157400
129.480000 49.543000 3228.386400
129.630000 50.030000 3227.375800
128.050000 40.788000 3229.221000
128.140000 41.274000 3225.573400
128.240000 41.761000 3227.914700
128.350000 42.247000 3227.412000
128.450000 42.733000 3226.803000
128.560000 43.220000 3227.409700
128.670000 43.706000 3226.273600
128.780000 44.193000 3228.123000
128.890000 44.679000 3229.701030
129.010000 45.165000 3229.502200
129.130000 45.652000 3229.842270
129.260000 46.138000 3230.491690
129.390000 46.625000 3231.083100
129.520000 47.111000 3228.843500
129.650000 47.597000 3228.156300
129.790000 48.084000 3228.401400
129.930000 48.570000 3227.488400
128.680000 40.788000 3228.390000
128.780000 41.274000 3217.115000
128.890000 41.761000 3218.947000
128.990000 42.247000 3222.064600
129.100000 42.733000 3224.152100
129.220000 43.220000 3226.454200
129.330000 43.706000 3228.558200
129.450000 44.193000 3229.548400
129.570000 44.679000 3229.689890
129.690000 45.165000 3229.221000
129.820000 45.652000 3230.861420
129.950000 46.138000 3232.903300
129.320000 40.788000 3226.354800
129.420000 41.274000 3220.865000
129.530000 41.761000 3225.349600
129.640000 42.247000 3221.528900
129.760000 42.733000 3225.594000
129.880000 43.220000 3229.462900
130.000000 43.706000 3229.099100
129.950000 40.788000 3230.913200
