114.720000 40.788000 3267.224000
114.720000 41.274000 3279.587000
114.720000 41.761000 3264.684000
114.720000 42.247000 3267.470000
114.710000 42.733000 3262.977000
114.710000 43.220000 3259.848000
114.710000 43.706000 3254.378000
114.710000 44.193000 3247.768000
114.700000 44.679000 3251.266000
114.700000 45.165000 3261.356000
114.700000 45.652000 3262.640000
114.700000 46.138000 3258.672000
114.690000 46.625000 3255.427000
114.690000 47.111000 3261.216000
114.690000 47.597000 3263.809000
114.690000 48.084000 3262.243000
114.680000 48.570000 3262.542000
114.680000 49.057000 3259.262000
114.680000 49.543000 3263.139000
114.670000 50.030000 3284.649000
115.360000 40.788000 3276.225000
115.360000 41.274000 3278.826000
115.360000 41.761000 3256.990000
115.360000 42.247000 3258.425000
115.370000 42.733000 3255.263000
115.370000 43.220000 3250.738000
115.370000 43.706000 3253.724000
115.380000 44.193000 3243.568000
115.380000 44.679000 3246.969000
115.380000 45.165000 3244.601000
115.390000 45.652000 3249.554000
115.390000 46.138000 3251.581000
115.390000 46.625000 3251.159000
115.400000 47.111000 3255.884000
115.400000 47.597000 3252.092000
115.400000 48.084000 3254.675000
115.410000 48.570000 3258.448000
115.410000 49.057000 3244.073000
115.420000 49.543000 3242.959000
115.420000 50.030000 3256.237000
115.990000 40.788000 3247.869000
116.000000 41.274000 3245.467000
116.010000 41.761000 3243.672500
116.010000 42.247000 3251.779000
116.020000 42.733000 3251.223000
116.030000 43.220000 3246.558000
116.040000 43.706000 3242.931000
116.050000 44.193000 3245.279000
116.060000 44.679000 3245.371000
116.060000 45.165000 3238.877300
116.070000 45.652000 3246.754000
116.080000 46.138000 3250.399000
116.090000 46.625000 3247.922000
116.100000 47.111000 3250.122000
116.110000 47.597000 3255.919000
116.120000 48.084000 3248.784000
116.130000 48.570000 3241.470000
116.150000 49.057000 3241.458100
116.160000 49.543000 3239.328100
116.170000 50.030000 3249.132000
116.630000 40.788000 3242.192000
116.640000 41.274000 3249.748000
116.650000 41.761000 3252.050000
116.660000 42.247000 3244.883000
116.680000 42.733000 3238.732700
116.690000 43.220000 3238.540000
116.700000 43.706000 3237.680600
116.720000 44.193000 3236.231200
116.730000 44.679000 3236.830600
116.750000 45.165000 3242.517000
116.760000 45.652000 3251.063000
116.780000 46.138000 3249.195000
116.790000 46.625000 3250.315000
116.810000 47.111000 3252.890000
116.830000 47.597000 3248.179000
116.840000 48.084000 3250.239000
116.860000 48.570000 3241.912000
116.880000 49.057000 3248.358300
116.900000 49.543000 3242.693000
116.920000 50.030000 3255.456000
117.260000 40.788000 3233.407000
117.280000 41.274000 3236.851900
117.290000 41.761000 3251.968000
117.310000 42.247000 3243.939000
117.330000 42.733000 3242.699000
117.350000 43.220000 3237.996400
117.370000 43.706000 3242.932000
117.390000 44.193000 3236.962000
117.410000 44.679000 3238.209300
117.430000 45.165000 3246.522000
117.450000 45.652000 3249.034000
117.470000 46.138000 3248.334000
117.490000 46.625000 3244.546800
117.510000 47.111000 3241.737200
117.540000 47.597000 3244.497100
117.560000 48.084000 3245.026100
117.590000 48.570000 3244.278700
117.610000 49.057000 3241.041200
117.640000 49.543000 3245.756000
117.660000 50.030000 3265.293000
117.890000 40.788000 3232.104900
117.920000 41.274000 3235.175400
117.940000 41.761000 3241.725000
117.960000 42.247000 3240.571500
117.980000 42.733000 3240.280600
118.010000 43.220000 3243.513000
118.030000 43.706000 3248.453000
118.060000 44.193000 3244.953000
118.080000 44.679000 3239.797000
118.110000 45.165000 3243.310000
118.140000 45.652000 3241.357000
118.160000 46.138000 3238.817300
118.190000 46.625000 3237.279700
118.220000 47.111000 3235.838700
118.250000 47.597000 3236.939400
118.280000 48.084000 3238.181300
118.310000 48.570000 3242.201200
118.340000 49.057000 3236.437900
118.380000 49.543000 3239.054200
118.410000 50.030000 3252.201000
118.530000 40.788000 3231.154490
118.560000 41.274000 3232.163850
118.580000 41.761000 3236.491000
118.610000 42.247000 3234.429000
118.640000 42.733000 3236.943900
118.670000 43.220000 3236.629700
118.700000 43.706000 3240.749000
118.730000 44.193000 3252.745000
118.760000 44.679000 3243.904000
118.790000 45.165000 3242.499000
118.820000 45.652000 3240.356700
118.860000 46.138000 3243.973200
118.890000 46.625000 3239.754800
118.930000 47.111000 3242.116000
118.960000 47.597000 3248.884900
119.000000 48.084000 3243.381900
119.040000 48.570000 3236.150700
119.080000 49.057000 3236.272100
119.120000 49.543000 3236.984200
119.160000 50.030000 3240.382400
119.160000 40.788000 3228.743700
119.200000 41.274000 3235.046400
119.230000 41.761000 3233.577010
119.260000 42.247000 3237.060000
119.290000 42.733000 3239.077200
119.330000 43.220000 3234.112100
119.360000 43.706000 3236.846700
119.400000 44.193000 3250.294000
119.430000 44.679000 3258.804000
119.470000 45.165000 3246.015800
119.510000 45.652000 3241.595900
119.550000 46.138000 3241.149800
119.590000 46.625000 3242.927200
119.630000 47.111000 3242.596000
119.680000 47.597000 3236.643400
119.720000 48.084000 3233.637400
119.760000 48.570000 3235.491200
119.810000 49.057000 3235.065400
119.860000 49.543000 3239.200600
119.910000 50.030000 3246.942400
119.800000 40.788000 3231.004900
119.830000 41.274000 3230.035000
119.870000 41.761000 3231.413890
119.910000 42.247000 3238.429200
119.950000 42.733000 3234.582300
119.990000 43.220000 3233.855200
120.030000 43.706000 3238.837300
120.070000 44.193000 3243.727700
120.110000 44.679000 3253.087000
120.150000 45.165000 3243.765000
120.200000 45.652000 3238.107300
120.240000 46.138000 3235.441700
120.290000 46.625000 3240.390500
120.340000 47.111000 3245.572000
120.390000 47.597000 3236.082400
120.440000 48.084000 3232.976300
120.490000 48.570000 3236.513800
120.540000 49.057000 3234.460500
120.600000 49.543000 3246.362900
120.660000 50.030000 3245.923200
120.430000 40.788000 3231.737000
120.470000 41.274000 3227.923600
120.510000 41.761000 3230.813070
120.560000 42.247000 3232.712500
120.600000 42.733000 3232.901600
120.650000 43.220000 3232.910600
120.690000 43.706000 3233.784300
120.740000 44.193000 3235.385700
120.790000 44.679000 3237.392500
120.830000 45.165000 3241.440600
120.890000 45.652000 3239.046600
120.940000 46.138000 3237.319000
120.990000 46.625000 3240.599800
121.040000 47.111000 3244.059000
121.100000 47.597000 3240.021300
121.160000 48.084000 3233.828500
121.220000 48.570000 3230.925200
121.280000 49.057000 3231.838630
121.340000 49.543000 3235.355600
121.400000 50.030000 3242.829400
121.070000 40.788000 3227.544900
121.110000 41.274000 3227.875500
121.160000 41.761000 3230.589804
121.210000 42.247000 3233.059090
121.250000 42.733000 3233.453800
121.300000 43.220000 3234.508000
121.360000 43.706000 3239.845800
121.410000 44.193000 3235.264500
121.460000 44.679000 3233.893300
121.520000 45.165000 3234.469200
121.570000 45.652000 3231.442210
121.630000 46.138000 3233.032440
121.690000 46.625000 3234.812100
121.750000 47.111000 3236.143200
121.810000 47.597000 3234.739200
121.880000 48.084000 3232.110900
121.940000 48.570000 3230.167740
122.010000 49.057000 3241.214000
122.080000 49.543000 3240.996200
122.150000 50.030000 3236.581900
121.700000 40.788000 3228.720900
121.750000 41.274000 3228.952600
121.800000 41.761000 3230.537683
121.860000 42.247000 3231.440960
121.910000 42.733000 3233.487000
121.960000 43.220000 3236.730300
122.020000 43.706000 3235.386200
122.080000 44.193000 3233.792100
122.140000 44.679000 3232.757100
122.200000 45.165000 3230.803250
122.260000 45.652000 3233.272520
122.320000 46.138000 3242.374500
122.390000 46.625000 3232.611900
122.460000 47.111000 3234.571700
122.530000 47.597000 3241.765800
122.600000 48.084000 3238.706600
122.670000 48.570000 3231.802200
122.740000 49.057000 3240.717810
122.820000 49.543000 3235.884710
122.900000 50.030000 3233.737700
122.340000 40.788000 3230.491680
122.390000 41.274000 3230.166020
122.450000 41.761000 3230.752070
122.500000 42.247000 3231.008230
122.560000 42.733000 3231.757000
122.620000 43.220000 3233.938300
122.680000 43.706000 3235.231700
122.750000 44.193000 3233.571300
122.810000 44.679000 3234.725000
122.880000 45.165000 3232.299100
122.950000 45.652000 3233.604070
123.020000 46.138000 3235.361850
123.090000 46.625000 3233.531500
123.160000 47.111000 3232.939700
123.240000 47.597000 3232.937400
123.320000 48.084000 3222.462000
123.400000 48.570000 3228.483000
123.480000 49.057000 3228.524400
123.560000 49.543000 3230.447260
123.650000 50.030000 3232.458300
122.970000 40.788000 3232.675200
123.030000 41.274000 3229.270700
123.090000 41.761000 3229.697300
123.150000 42.247000 3230.594720
123.220000 42.733000 3231.672660
123.280000 43.220000 3233.453900
123.350000 43.706000 3232.937100
123.420000 44.193000 3233.508400
123.490000 44.679000 3235.030100
123.560000 45.165000 3235.041300
123.630000 45.652000 3233.116400
123.710000 46.138000 3234.723720
123.790000 46.625000 3235.089410
123.870000 47.111000 3229.345300
123.950000 47.597000 3226.802400
124.030000 48.084000 3222.804000
124.120000 48.570000 3231.203900
124.210000 49.057000 3224.533400
124.300000 49.543000 3227.553300
124.400000 50.030000 3229.788720
123.610000 40.788000 3229.892880
123.670000 41.274000 3225.087900
123.740000 41.761000 3224.501500
123.800000 42.247000 3228.207300
123.870000 42.733000 3231.224990
123.940000 43.220000 3231.232680
124.010000 43.706000 3232.460400
124.090000 44.193000 3232.516800
124.160000 44.679000 3234.323900
124.240000 45.165000 3234.253600
124.320000 45.652000 3234.505000
124.400000 46.138000 3234.556300
124.490000 46.625000 3230.420540
124.570000 47.111000 3227.250500
124.660000 47.597000 3225.448000
124.750000 48.084000 3228.441000
124.850000 48.570000 3226.740000
124.940000 49.057000 3225.244400
125.040000 49.543000 3223.777000
125.140000 50.030000 3225.851300
124.240000 40.788000 3226.972200
124.310000 41.274000 3219.229000
124.380000 41.761000 3217.305000
124.450000 42.247000 3225.765900
124.530000 42.733000 3227.729400
124.600000 43.220000 3229.126500
124.680000 43.706000 3229.873350
124.760000 44.193000 3230.869060
124.840000 44.679000 3231.061870
124.920000 45.165000 3233.418700
125.010000 45.652000 3232.890400
125.100000 46.138000 3232.765800
125.190000 46.625000 3232.455940
125.280000 47.111000 3229.794800
125.380000 47.597000 3234.654400
125.470000 48.084000 3239.916000
125.570000 48.570000 3218.346000
125.680000 49.057000 3219.501000
125.780000 49.543000 3220.948800
125.890000 50.030000 3228.287300
124.880000 40.788000 3226.313900
124.950000 41.274000 3214.288000
125.020000 41.761000 3210.179000
125.100000 42.247000 3222.027800
125.180000 42.733000 3225.257900
125.260000 43.220000 3225.354600
125.340000 43.706000 3228.000900
125.430000 44.193000 3228.115200
125.520000 44.679000 3229.475400
125.600000 45.165000 3229.619980
125.700000 45.652000 3230.839950
125.790000 46.138000 3230.168640
125.890000 46.625000 3229.469300
125.990000 47.111000 3227.346400
126.090000 47.597000 3228.068100
126.190000 48.084000 3226.063000
126.300000 48.570000 3218.015000
126.410000 49.057000 3219.613000
126.520000 49.543000 3223.868000
126.640000 50.030000 3230.365000
125.510000 40.788000 3229.784810
125.590000 41.274000 3220.345000
125.670000 41.761000 3220.154000
125.750000 42.247000 3221.205800
125.830000 42.733000 3223.278400
125.920000 43.220000 3224.107800
126.010000 43.706000 3225.226600
126.100000 44.193000 3227.332000
126.190000 44.679000 3228.659500
126.290000 45.165000 3229.155900
126.380000 45.652000 3228.368700
126.480000 46.138000 3228.430700
126.590000 46.625000 3228.860600
126.690000 47.111000 3228.237100
126.800000 47.597000 3225.859900
126.910000 48.084000 3223.180400
127.030000 48.570000 3216.272000
127.140000 49.057000 3216.445000
127.260000 49.543000 3219.181000
127.390000 50.030000 3221.532000
126.140000 40.788000 3231.364620
126.230000 41.274000 3224.609400
126.310000 41.761000 3214.877000
126.400000 42.247000 3217.162000
126.490000 42.733000 3221.285600
126.580000 43.220000 3222.608400
126.670000 43.706000 3225.330700
126.770000 44.193000 3226.926300
126.870000 44.679000 3228.899100
126.970000 45.165000 3227.152800
127.070000 45.652000 3226.556700
127.180000 46.138000 3226.786400
127.290000 46.625000 3228.614400
127.400000 47.111000 3227.572800
127.510000 47.597000 3227.813100
127.630000 48.084000 3223.164100
127.750000 48.570000 3214.909000
127.880000 49.057000 3217.213000
128.000000 49.543000 3222.773000
128.140000 50.030000 3232.792100
126.780000 40.788000 3227.008100
126.870000 41.274000 3218.347000
126.960000 41.761000 3214.741000
127.050000 42.247000 3212.924000
127.140000 42.733000 3218.139000
127.240000 43.220000 3221.102300
127.340000 43.706000 3225.282800
127.440000 44.193000 3225.572900
127.540000 44.679000 3227.517400
127.650000 45.165000 3225.496000
127.760000 45.652000 3224.806100
127.870000 46.138000 3224.837800
127.990000 46.625000 3225.426200
128.100000 47.111000 3229.716100
128.230000 47.597000 3225.493900
128.350000 48.084000 3221.400800
128.480000 48.570000 3218.627000
128.610000 49.057000 3218.819000
128.740000 49.543000 3233.876000
128.880000 50.030000 3227.457300
127.410000 40.788000 3221.373200
127.510000 41.274000 3212.005000
127.600000 41.761000 3210.945000
127.700000 42.247000 3215.050000
127.800000 42.733000 3219.200000
127.900000 43.220000 3220.597000
128.000000 43.706000 3222.341700
128.110000 44.193000 3225.014400
128.220000 44.679000 3227.131700
128.330000 45.165000 3226.989200
128.450000 45.652000 3226.886600
128.560000 46.138000 3223.539800
128.690000 46.625000 3227.336400
128.810000 47.111000 3226.052700
128.940000 47.597000 3226.454800
129.070000 48.084000 3225.403800
129.200000 48.570000 3224.868700
129.340000 49.057000 3236.689000
129.480000 49.543000 3226.574000
129.630000 50.030000 3227.180800
128.050000 40.788000 3223.908600
128.140000 41.274000 3213.893000
128.240000 41.761000 3214.202000
128.350000 42.247000 3214.701000
128.450000 42.733000 3217.114000
128.560000 43.220000 3220.854900
128.670000 43.706000 3220.934700
128.780000 44.193000 3226.559800
128.890000 44.679000 3230.479580
129.010000 45.165000 3231.048210
129.130000 45.652000 3230.406040
129.260000 46.138000 3229.505600
129.390000 46.625000 3229.937740
129.520000 47.111000 3228.095600
129.650000 47.597000 3230.384880
129.790000 48.084000 3230.642561
129.930000 48.570000 3234.069505
128.680000 40.788000 3215.321000
128.780000 41.274000 3194.100000
128.890000 41.761000 3197.054000
128.990000 42.247000 3207.488000
129.100000 42.733000 3213.450000
129.220000 43.220000 3220.040000
129.330000 43.706000 3226.231900
129.450000 44.193000 3231.212710
129.570000 44.679000 3234.471000
129.690000 45.165000 3234.322900
129.820000 45.652000 3234.400700
129.950000 46.138000 3231.711600
129.320000 40.788000 3204.405000
129.420000 41.274000 3191.010000
129.530000 41.761000 3201.802000
129.640000 42.247000 3207.216000
129.760000 42.733000 3217.600000
129.880000 43.220000 3229.004300
130.000000 43.706000 3231.772000
129.950000 40.788000 3192.535000
