114.720000 40.788000 3266.054000
114.720000 41.274000 3280.209000
114.720000 41.761000 3261.841000
114.720000 42.247000 3265.385000
114.710000 42.733000 3262.043000
114.710000 43.220000 3260.164000
114.710000 43.706000 3253.415000
114.710000 44.193000 3242.835000
114.700000 44.679000 3247.291000
114.700000 45.165000 3257.815000
114.700000 45.652000 3259.728000
114.700000 46.138000 3255.932000
114.690000 46.625000 3253.376000
114.690000 47.111000 3259.704000
114.690000 47.597000 3262.415000
114.690000 48.084000 3272.208000
114.680000 48.570000 3292.594000
114.680000 49.057000 3282.745000
114.680000 49.543000 3291.433000
114.670000 50.030000 3305.175000
115.360000 40.788000 3277.735000
115.360000 41.274000 3279.540000
115.360000 41.761000 3253.932000
115.360000 42.247000 3257.813000
115.370000 42.733000 3252.652000
115.370000 43.220000 3249.035000
115.370000 43.706000 3247.782300
115.380000 44.193000 3239.869800
115.380000 44.679000 3243.834000
115.380000 45.165000 3241.894000
115.390000 45.652000 3245.750000
115.390000 46.138000 3248.614000
115.390000 46.625000 3248.828000
115.400000 47.111000 3253.165000
115.400000 47.597000 3251.032000
115.400000 48.084000 3262.194600
115.410000 48.570000 3282.673000
115.410000 49.057000 3262.414700
115.420000 49.543000 3268.964200
115.420000 50.030000 3283.727000
115.990000 40.788000 3248.138000
116.000000 41.274000 3244.554000
116.010000 41.761000 3244.355900
116.010000 42.247000 3251.219000
116.020000 42.733000 3248.979000
116.030000 43.220000 3243.608000
116.040000 43.706000 3239.495400
116.050000 44.193000 3241.425000
116.060000 44.679000 3241.141000
116.060000 45.165000 3236.861300
116.070000 45.652000 3242.338000
116.080000 46.138000 3246.976000
116.090000 46.625000 3244.372000
116.100000 47.111000 3247.658000
116.110000 47.597000 3253.813000
116.120000 48.084000 3248.190000
116.130000 48.570000 3240.266400
116.150000 49.057000 3246.905700
116.160000 49.543000 3253.819600
116.170000 50.030000 3276.505000
116.630000 40.788000 3239.516900
116.640000 41.274000 3247.133000
116.650000 41.761000 3247.952000
116.660000 42.247000 3242.877100
116.680000 42.733000 3237.179200
116.690000 43.220000 3236.240600
116.700000 43.706000 3235.079000
116.720000 44.193000 3234.218800
116.730000 44.679000 3237.136300
116.750000 45.165000 3238.991300
116.760000 45.652000 3247.632000
116.780000 46.138000 3250.473200
116.790000 46.625000 3250.266900
116.810000 47.111000 3251.890800
116.830000 47.597000 3249.354000
116.840000 48.084000 3249.644000
116.860000 48.570000 3241.407400
116.880000 49.057000 3252.833600
116.900000 49.543000 3262.759800
116.920000 50.030000 3279.745000
117.260000 40.788000 3235.514500
117.280000 41.274000 3237.572400
117.290000 41.761000 3247.741000
117.310000 42.247000 3241.363000
117.330000 42.733000 3239.256500
117.350000 43.220000 3234.928600
117.370000 43.706000 3238.339600
117.390000 44.193000 3235.463300
117.410000 44.679000 3238.313800
117.430000 45.165000 3244.981000
117.450000 45.652000 3248.019000
117.470000 46.138000 3251.695000
117.490000 46.625000 3248.142300
117.510000 47.111000 3244.026100
117.540000 47.597000 3247.666300
117.560000 48.084000 3247.009900
117.590000 48.570000 3245.549700
117.610000 49.057000 3243.463700
117.640000 49.543000 3249.770200
117.660000 50.030000 3271.104000
117.890000 40.788000 3232.750140
117.920000 41.274000 3233.415600
117.940000 41.761000 3239.547900
117.960000 42.247000 3237.454800
117.980000 42.733000 3237.626900
118.010000 43.220000 3239.430600
118.030000 43.706000 3244.226000
118.060000 44.193000 3241.563000
118.080000 44.679000 3237.345300
118.110000 45.165000 3240.724000
118.140000 45.652000 3240.358900
118.160000 46.138000 3241.737100
118.190000 46.625000 3239.115700
118.220000 47.111000 3236.138700
118.250000 47.597000 3237.113800
118.280000 48.084000 3240.154900
118.310000 48.570000 3243.207700
118.340000 49.057000 3236.923200
118.380000 49.543000 3238.712100
118.410000 50.030000 3254.473000
118.530000 40.788000 3230.487870
118.560000 41.274000 3231.889486
118.580000 41.761000 3238.087000
118.610000 42.247000 3233.615500
118.640000 42.733000 3234.346400
118.670000 43.220000 3233.966900
118.700000 43.706000 3238.245600
118.730000 44.193000 3248.909000
118.760000 44.679000 3241.569000
118.790000 45.165000 3243.182000
118.820000 45.652000 3237.415300
118.860000 46.138000 3243.245600
118.890000 46.625000 3239.835500
118.930000 47.111000 3240.752800
118.960000 47.597000 3251.613700
119.000000 48.084000 3247.139200
119.040000 48.570000 3236.007700
119.080000 49.057000 3237.618000
119.120000 49.543000 3238.526000
119.160000 50.030000 3238.786700
119.160000 40.788000 3232.458200
119.200000 41.274000 3241.605000
119.230000 41.761000 3235.107626
119.260000 42.247000 3236.576100
119.290000 42.733000 3236.438800
119.330000 43.220000 3231.717800
119.360000 43.706000 3234.581700
119.400000 44.193000 3247.382000
119.430000 44.679000 3257.671000
119.470000 45.165000 3245.502800
119.510000 45.652000 3239.590100
119.550000 46.138000 3242.771100
119.590000 46.625000 3244.150300
119.630000 47.111000 3240.085600
119.680000 47.597000 3235.786500
119.720000 48.084000 3233.713600
119.760000 48.570000 3234.870700
119.810000 49.057000 3238.843000
119.860000 49.543000 3243.521900
119.910000 50.030000 3249.682600
119.800000 40.788000 3232.020300
119.830000 41.274000 3231.309500
119.870000 41.761000 3231.737560
119.910000 42.247000 3237.693300
119.950000 42.733000 3234.802500
119.990000 43.220000 3235.359250
120.030000 43.706000 3241.633000
120.070000 44.193000 3245.853200
120.110000 44.679000 3248.624000
120.150000 45.165000 3241.918700
120.200000 45.652000 3238.565800
120.240000 46.138000 3238.562500
120.290000 46.625000 3243.667300
120.340000 47.111000 3242.649000
120.390000 47.597000 3235.005000
120.440000 48.084000 3233.877100
120.490000 48.570000 3239.021600
120.540000 49.057000 3235.221600
120.600000 49.543000 3250.695200
120.660000 50.030000 3248.137100
120.430000 40.788000 3234.819850
120.470000 41.274000 3230.664400
120.510000 41.761000 3232.298620
120.560000 42.247000 3233.170200
120.600000 42.733000 3235.126500
120.650000 43.220000 3233.638000
120.690000 43.706000 3232.851000
120.740000 44.193000 3234.374100
120.790000 44.679000 3236.329900
120.830000 45.165000 3240.448800
120.890000 45.652000 3239.773400
120.940000 46.138000 3241.474800
120.990000 46.625000 3244.349300
121.040000 47.111000 3241.506000
121.100000 47.597000 3240.133800
121.160000 48.084000 3235.660800
121.220000 48.570000 3232.273500
121.280000 49.057000 3232.648140
121.340000 49.543000 3238.089400
121.400000 50.030000 3245.031290
121.070000 40.788000 3231.119200
121.110000 41.274000 3229.697900
121.160000 41.761000 3231.365150
121.210000 42.247000 3237.815690
121.250000 42.733000 3237.469000
121.300000 43.220000 3236.439000
121.360000 43.706000 3240.247200
121.410000 44.193000 3235.122500
121.460000 44.679000 3234.089100
121.520000 45.165000 3236.901790
121.570000 45.652000 3232.325350
121.630000 46.138000 3234.505310
121.690000 46.625000 3235.162500
121.750000 47.111000 3235.332600
121.810000 47.597000 3232.900100
121.880000 48.084000 3231.854500
121.940000 48.570000 3230.126140
122.010000 49.057000 3245.661530
122.080000 49.543000 3245.614014
122.150000 50.030000 3239.056330
121.700000 40.788000 3230.649496
121.750000 41.274000 3230.709610
121.800000 41.761000 3232.003230
121.860000 42.247000 3235.209500
121.910000 42.733000 3234.075700
121.960000 43.220000 3236.375100
122.020000 43.706000 3235.461500
122.080000 44.193000 3233.770000
122.140000 44.679000 3234.696530
122.200000 45.165000 3234.510160
122.260000 45.652000 3238.898090
122.320000 46.138000 3245.454680
122.390000 46.625000 3235.936200
122.460000 47.111000 3236.864650
122.530000 47.597000 3245.512000
122.600000 48.084000 3242.970100
122.670000 48.570000 3235.843500
122.740000 49.057000 3245.008370
122.820000 49.543000 3240.666840
122.900000 50.030000 3232.738000
122.340000 40.788000 3233.887600
122.390000 41.274000 3232.152420
122.450000 41.761000 3234.298300
122.500000 42.247000 3234.665200
122.560000 42.733000 3233.010600
122.620000 43.220000 3233.579800
122.680000 43.706000 3234.924700
122.750000 44.193000 3235.128000
122.810000 44.679000 3234.934200
122.880000 45.165000 3234.400800
122.950000 45.652000 3234.503460
123.020000 46.138000 3235.936700
123.090000 46.625000 3233.827500
123.160000 47.111000 3235.056800
123.240000 47.597000 3238.320000
123.320000 48.084000 3227.577000
123.400000 48.570000 3233.820400
123.480000 49.057000 3230.575700
123.560000 49.543000 3231.047070
123.650000 50.030000 3232.161300
122.970000 40.788000 3234.031900
123.030000 41.274000 3230.739160
123.090000 41.761000 3231.198610
123.150000 42.247000 3231.642200
123.220000 42.733000 3232.818100
123.280000 43.220000 3235.705500
123.350000 43.706000 3233.290600
123.420000 44.193000 3234.371600
123.490000 44.679000 3236.726500
123.560000 45.165000 3238.470700
123.630000 45.652000 3238.134200
123.710000 46.138000 3239.639200
123.790000 46.625000 3236.280500
123.870000 47.111000 3232.386100
123.950000 47.597000 3233.731900
124.030000 48.084000 3229.604600
124.120000 48.570000 3234.889700
124.210000 49.057000 3226.454300
124.300000 49.543000 3229.307800
124.400000 50.030000 3230.464410
123.610000 40.788000 3230.604562
123.670000 41.274000 3227.469500
123.740000 41.761000 3227.388700
123.800000 42.247000 3229.971300
123.870000 42.733000 3233.334930
123.940000 43.220000 3233.630000
124.010000 43.706000 3233.930000
124.090000 44.193000 3234.255800
124.160000 44.679000 3235.428500
124.240000 45.165000 3235.617600
124.320000 45.652000 3238.157300
124.400000 46.138000 3236.801900
124.490000 46.625000 3232.882600
124.570000 47.111000 3233.185000
124.660000 47.597000 3232.401400
124.750000 48.084000 3232.846000
124.850000 48.570000 3231.598600
124.940000 49.057000 3228.365300
125.040000 49.543000 3225.927900
125.140000 50.030000 3228.876500
124.240000 40.788000 3228.799800
124.310000 41.274000 3222.624600
124.380000 41.761000 3221.559400
124.450000 42.247000 3228.015200
124.530000 42.733000 3230.534900
124.600000 43.220000 3233.038330
124.680000 43.706000 3231.579240
124.760000 44.193000 3233.202100
124.840000 44.679000 3233.162900
124.920000 45.165000 3235.228000
125.010000 45.652000 3235.156900
125.100000 46.138000 3237.352600
125.190000 46.625000 3239.416000
125.280000 47.111000 3234.457200
125.380000 47.597000 3239.114200
125.470000 48.084000 3246.975800
125.570000 48.570000 3223.787000
125.680000 49.057000 3225.188800
125.780000 49.543000 3224.944900
125.890000 50.030000 3236.307900
124.880000 40.788000 3228.078300
124.950000 41.274000 3217.361000
125.020000 41.761000 3214.716000
125.100000 42.247000 3224.479000
125.180000 42.733000 3226.991400
125.260000 43.220000 3226.696600
125.340000 43.706000 3228.788900
125.430000 44.193000 3229.507500
125.520000 44.679000 3231.101030
125.600000 45.165000 3231.439900
125.700000 45.652000 3232.571000
125.790000 46.138000 3232.943600
125.890000 46.625000 3232.351800
125.990000 47.111000 3232.701500
126.090000 47.597000 3236.169500
126.190000 48.084000 3235.840800
126.300000 48.570000 3224.416000
126.410000 49.057000 3226.558900
126.520000 49.543000 3231.980200
126.640000 50.030000 3239.279400
125.510000 40.788000 3230.534908
125.590000 41.274000 3222.917900
125.670000 41.761000 3223.081400
125.750000 42.247000 3223.478000
125.830000 42.733000 3224.895900
125.920000 43.220000 3226.073900
126.010000 43.706000 3225.841100
126.100000 44.193000 3228.707200
126.190000 44.679000 3229.844030
126.290000 45.165000 3230.082370
126.380000 45.652000 3230.416730
126.480000 46.138000 3230.115630
126.590000 46.625000 3231.433517
126.690000 47.111000 3229.701200
126.800000 47.597000 3229.508600
126.910000 48.084000 3230.303700
127.030000 48.570000 3218.907000
127.140000 49.057000 3219.351000
127.260000 49.543000 3226.340000
127.390000 50.030000 3228.807000
126.140000 40.788000 3231.371150
126.230000 41.274000 3225.505300
126.310000 41.761000 3217.375000
126.400000 42.247000 3219.785000
126.490000 42.733000 3223.584800
126.580000 43.220000 3224.458100
126.670000 43.706000 3226.799200
126.770000 44.193000 3227.326200
126.870000 44.679000 3229.397000
126.970000 45.165000 3227.278700
127.070000 45.652000 3227.527800
127.180000 46.138000 3231.098800
127.290000 46.625000 3230.119900
127.400000 47.111000 3228.895500
127.510000 47.597000 3229.486100
127.630000 48.084000 3224.734000
127.750000 48.570000 3218.021000
127.880000 49.057000 3221.077000
128.000000 49.543000 3229.967000
128.140000 50.030000 3240.049900
126.780000 40.788000 3227.828900
126.870000 41.274000 3220.939200
126.960000 41.761000 3217.318000
127.050000 42.247000 3215.702000
127.140000 42.733000 3221.378400
127.240000 43.220000 3223.582000
127.340000 43.706000 3225.856500
127.440000 44.193000 3226.439100
127.540000 44.679000 3227.984300
127.650000 45.165000 3226.212100
127.760000 45.652000 3227.444100
127.870000 46.138000 3230.898900
127.990000 46.625000 3232.610900
128.100000 47.111000 3233.073400
128.230000 47.597000 3225.139000
128.350000 48.084000 3222.270700
128.480000 48.570000 3219.783000
128.610000 49.057000 3223.153000
128.740000 49.543000 3240.165000
128.880000 50.030000 3228.254300
127.410000 40.788000 3223.610200
127.510000 41.274000 3216.095000
127.600000 41.761000 3213.944000
127.700000 42.247000 3218.170000
127.800000 42.733000 3221.064000
127.900000 43.220000 3222.542200
128.000000 43.706000 3223.667900
128.110000 44.193000 3225.676400
128.220000 44.679000 3226.667200
128.330000 45.165000 3227.537900
128.450000 45.652000 3228.446900
128.560000 46.138000 3225.600800
128.690000 46.625000 3229.848700
128.810000 47.111000 3227.128700
128.940000 47.597000 3226.314700
129.070000 48.084000 3226.142500
129.200000 48.570000 3224.944500
129.340000 49.057000 3248.513000
129.480000 49.543000 3239.546500
129.630000 50.030000 3230.854000
128.050000 40.788000 3226.399100
128.140000 41.274000 3216.937000
128.240000 41.761000 3217.670000
128.350000 42.247000 3217.633000
128.450000 42.733000 3219.643000
128.560000 43.220000 3222.329900
128.670000 43.706000 3222.415700
128.780000 44.193000 3226.617100
128.890000 44.679000 3229.791890
129.010000 45.165000 3229.967290
129.130000 45.652000 3229.341700
129.260000 46.138000 3229.574600
129.390000 46.625000 3229.038900
129.520000 47.111000 3227.574600
129.650000 47.597000 3229.294200
129.790000 48.084000 3229.138500
129.930000 48.570000 3235.852800
128.680000 40.788000 3218.564000
128.780000 41.274000 3196.379000
128.890000 41.761000 3201.010000
128.990000 42.247000 3210.760000
129.100000 42.733000 3217.694000
129.220000 43.220000 3221.435800
129.330000 43.706000 3227.207300
129.450000 44.193000 3230.314750
129.570000 44.679000 3232.056400
129.690000 45.165000 3232.353000
129.820000 45.652000 3233.086300
129.950000 46.138000 3230.475640
129.320000 40.788000 3205.996000
129.420000 41.274000 3193.144000
129.530000 41.761000 3206.312000
129.640000 42.247000 3211.210000
129.760000 42.733000 3219.864000
129.880000 43.220000 3228.374000
130.000000 43.706000 3231.202570
129.950000 40.788000 3196.811000
