114.720000 40.788000 3247.600000
114.720000 41.274000 3265.004000
114.720000 41.761000 3234.796000
114.720000 42.247000 3232.969800
114.710000 42.733000 3232.626800
114.710000 43.220000 3230.264870
114.710000 43.706000 3229.665970
114.710000 44.193000 3227.529300
114.700000 44.679000 3229.923330
114.700000 45.165000 3234.952000
114.700000 45.652000 3235.556300
114.700000 46.138000 3237.364000
114.690000 46.625000 3236.143300
114.690000 47.111000 3239.380000
114.690000 47.597000 3238.023600
114.690000 48.084000 3232.193800
114.680000 48.570000 3225.595400
114.680000 49.057000 3225.682100
114.680000 49.543000 3225.078200
114.670000 50.030000 3222.976000
115.360000 40.788000 3244.753000
115.360000 41.274000 3235.263800
115.360000 41.761000 3231.223700
115.360000 42.247000 3234.475300
115.370000 42.733000 3230.697769
115.370000 43.220000 3229.703190
115.370000 43.706000 3230.588374
115.380000 44.193000 3229.857820
115.380000 44.679000 3231.813800
115.380000 45.165000 3231.030070
115.390000 45.652000 3232.693000
115.390000 46.138000 3233.413700
115.390000 46.625000 3233.875200
115.400000 47.111000 3235.317300
115.400000 47.597000 3232.982500
115.400000 48.084000 3230.727250
115.410000 48.570000 3226.555000
115.410000 49.057000 3224.960900
115.420000 49.543000 3224.657800
115.420000 50.030000 3226.441400
115.990000 40.788000 3232.039500
116.000000 41.274000 3228.995500
116.010000 41.761000 3227.279900
116.010000 42.247000 3232.071200
116.020000 42.733000 3234.335900
116.030000 43.220000 3232.318800
116.040000 43.706000 3230.962850
116.050000 44.193000 3232.347000
116.060000 44.679000 3232.865100
116.060000 45.165000 3230.214640
116.070000 45.652000 3231.149140
116.080000 46.138000 3232.128700
116.090000 46.625000 3232.288500
116.100000 47.111000 3234.015500
116.110000 47.597000 3236.215400
116.120000 48.084000 3234.814700
116.130000 48.570000 3230.956080
116.150000 49.057000 3226.332500
116.160000 49.543000 3223.145600
116.170000 50.030000 3224.767900
116.630000 40.788000 3231.078390
116.640000 41.274000 3234.207100
116.650000 41.761000 3232.304500
116.660000 42.247000 3230.946470
116.680000 42.733000 3229.961910
116.690000 43.220000 3231.140680
116.700000 43.706000 3230.680769
116.720000 44.193000 3229.961010
116.730000 44.679000 3230.616803
116.750000 45.165000 3231.149510
116.760000 45.652000 3233.106700
116.780000 46.138000 3231.602600
116.790000 46.625000 3231.982900
116.810000 47.111000 3232.863400
116.830000 47.597000 3233.874600
116.840000 48.084000 3234.898100
116.860000 48.570000 3232.730400
116.880000 49.057000 3229.406500
116.900000 49.543000 3224.377700
116.920000 50.030000 3224.404200
117.260000 40.788000 3229.593700
117.280000 41.274000 3229.921770
117.290000 41.761000 3233.521000
117.310000 42.247000 3231.390350
117.330000 42.733000 3230.817910
117.350000 43.220000 3229.122400
117.370000 43.706000 3229.640110
117.390000 44.193000 3230.017520
117.410000 44.679000 3230.032220
117.430000 45.165000 3232.630700
117.450000 45.652000 3234.047700
117.470000 46.138000 3231.802100
117.490000 46.625000 3230.507004
117.510000 47.111000 3231.951000
117.540000 47.597000 3232.746600
117.560000 48.084000 3232.031200
117.590000 48.570000 3231.162110
117.610000 49.057000 3231.400260
117.640000 49.543000 3230.201030
117.660000 50.030000 3228.615400
117.890000 40.788000 3230.268040
117.920000 41.274000 3230.128540
117.940000 41.761000 3230.631787
117.960000 42.247000 3230.552468
117.980000 42.733000 3230.342350
118.010000 43.220000 3229.542500
118.030000 43.706000 3230.597900
118.060000 44.193000 3231.221680
118.080000 44.679000 3231.388720
118.110000 45.165000 3232.884000
118.140000 45.652000 3231.332480
118.160000 46.138000 3230.298830
118.190000 46.625000 3230.723860
118.220000 47.111000 3232.608100
118.250000 47.597000 3233.644400
118.280000 48.084000 3232.814600
118.310000 48.570000 3231.544160
118.340000 49.057000 3230.747310
118.380000 49.543000 3230.570445
118.410000 50.030000 3233.699500
118.530000 40.788000 3230.080750
118.560000 41.274000 3230.022650
118.580000 41.761000 3229.614840
118.610000 42.247000 3230.094770
118.640000 42.733000 3229.688470
118.670000 43.220000 3228.970900
118.700000 43.706000 3229.878110
118.730000 44.193000 3233.183600
118.760000 44.679000 3231.464220
118.790000 45.165000 3232.753200
118.820000 45.652000 3232.135200
118.860000 46.138000 3232.343300
118.890000 46.625000 3231.558790
118.930000 47.111000 3233.150300
118.960000 47.597000 3233.516500
119.000000 48.084000 3233.470000
119.040000 48.570000 3233.560100
119.080000 49.057000 3233.565100
119.120000 49.543000 3231.038180
119.160000 50.030000 3230.627920
119.160000 40.788000 3230.188400
119.200000 41.274000 3229.117200
119.230000 41.761000 3231.345640
119.260000 42.247000 3232.653400
119.290000 42.733000 3230.962560
119.330000 43.220000 3229.295600
119.360000 43.706000 3228.713600
119.400000 44.193000 3231.272080
119.430000 44.679000 3233.114200
119.470000 45.165000 3231.193560
119.510000 45.652000 3232.017700
119.550000 46.138000 3231.953900
119.590000 46.625000 3232.474000
119.630000 47.111000 3233.200900
119.680000 47.597000 3232.110200
119.720000 48.084000 3232.513500
119.760000 48.570000 3233.814700
119.810000 49.057000 3232.942800
119.860000 49.543000 3232.254500
119.910000 50.030000 3228.846800
119.800000 40.788000 3230.970330
119.830000 41.274000 3231.216690
119.870000 41.761000 3231.958300
119.910000 42.247000 3232.819900
119.950000 42.733000 3231.727700
119.990000 43.220000 3230.505772
120.030000 43.706000 3229.029600
120.070000 44.193000 3230.454730
120.110000 44.679000 3233.318200
120.150000 45.165000 3231.794700
120.200000 45.652000 3230.464320
120.240000 46.138000 3230.159070
120.290000 46.625000 3230.296970
120.340000 47.111000 3233.702100
120.390000 47.597000 3231.811500
120.440000 48.084000 3232.027500
120.490000 48.570000 3232.155900
120.540000 49.057000 3231.963900
120.600000 49.543000 3231.094390
120.660000 50.030000 3227.945300
120.430000 40.788000 3231.753500
120.470000 41.274000 3231.950300
120.510000 41.761000 3231.923500
120.560000 42.247000 3231.608900
120.600000 42.733000 3230.874810
120.650000 43.220000 3231.759700
120.690000 43.706000 3230.686801
120.740000 44.193000 3230.616377
120.790000 44.679000 3230.778480
120.830000 45.165000 3230.870670
120.890000 45.652000 3230.130010
120.940000 46.138000 3229.824430
120.990000 46.625000 3229.992780
121.040000 47.111000 3231.836800
121.100000 47.597000 3232.122300
121.160000 48.084000 3230.428210
121.220000 48.570000 3231.101010
121.280000 49.057000 3231.836800
121.340000 49.543000 3230.879980
121.400000 50.030000 3227.722700
121.070000 40.788000 3232.888500
121.110000 41.274000 3233.144200
121.160000 41.761000 3232.213700
121.210000 42.247000 3231.120730
121.250000 42.733000 3230.576572
121.300000 43.220000 3231.406450
121.360000 43.706000 3232.086800
121.410000 44.193000 3231.023610
121.460000 44.679000 3231.038620
121.520000 45.165000 3230.261010
121.570000 45.652000 3229.442000
121.630000 46.138000 3229.300600
121.690000 46.625000 3229.933830
121.750000 47.111000 3230.690097
121.810000 47.597000 3228.883200
121.880000 48.084000 3230.276130
121.940000 48.570000 3229.796040
122.010000 49.057000 3230.141580
122.080000 49.543000 3230.166240
122.150000 50.030000 3227.920700
121.700000 40.788000 3234.270700
121.750000 41.274000 3233.789300
121.800000 41.761000 3232.782300
121.860000 42.247000 3231.713800
121.910000 42.733000 3231.787700
121.960000 43.220000 3232.828600
122.020000 43.706000 3232.355900
122.080000 44.193000 3231.674700
122.140000 44.679000 3231.087050
122.200000 45.165000 3230.514857
122.260000 45.652000 3230.071320
122.320000 46.138000 3229.394800
122.390000 46.625000 3228.159500
122.460000 47.111000 3229.731760
122.530000 47.597000 3230.423510
122.600000 48.084000 3230.583486
122.670000 48.570000 3230.003660
122.740000 49.057000 3230.076120
122.820000 49.543000 3229.893690
122.900000 50.030000 3228.469800
122.340000 40.788000 3234.363300
122.390000 41.274000 3233.384500
122.450000 41.761000 3234.761500
122.500000 42.247000 3232.996100
122.560000 42.733000 3231.094090
122.620000 43.220000 3231.588700
122.680000 43.706000 3231.411560
122.750000 44.193000 3231.698600
122.810000 44.679000 3231.488400
122.880000 45.165000 3229.028300
122.950000 45.652000 3229.636860
123.020000 46.138000 3230.922040
123.090000 46.625000 3230.755640
123.160000 47.111000 3231.025400
123.240000 47.597000 3229.252000
123.320000 48.084000 3226.435400
123.400000 48.570000 3231.113890
123.480000 49.057000 3231.690600
123.560000 49.543000 3232.001200
123.650000 50.030000 3229.675350
122.970000 40.788000 3232.594000
123.030000 41.274000 3233.667600
123.090000 41.761000 3233.654800
123.150000 42.247000 3233.425000
123.220000 42.733000 3232.320900
123.280000 43.220000 3231.909800
123.350000 43.706000 3231.795500
123.420000 44.193000 3232.501600
123.490000 44.679000 3234.124800
123.560000 45.165000 3232.670000
123.630000 45.652000 3233.469300
123.710000 46.138000 3233.444400
123.790000 46.625000 3232.531100
123.870000 47.111000 3231.870900
123.950000 47.597000 3230.217380
124.030000 48.084000 3228.712100
124.120000 48.570000 3230.863580
124.210000 49.057000 3232.458300
124.300000 49.543000 3235.503600
124.400000 50.030000 3232.176400
123.610000 40.788000 3231.775800
123.670000 41.274000 3233.048600
123.740000 41.761000 3232.911100
123.800000 42.247000 3231.828200
123.870000 42.733000 3230.747980
123.940000 43.220000 3231.678000
124.010000 43.706000 3233.202500
124.090000 44.193000 3234.678200
124.160000 44.679000 3236.181200
124.240000 45.165000 3236.496200
124.320000 45.652000 3236.492100
124.400000 46.138000 3237.256600
124.490000 46.625000 3235.570200
124.570000 47.111000 3233.807900
124.660000 47.597000 3230.300080
124.750000 48.084000 3227.669700
124.850000 48.570000 3229.341000
124.940000 49.057000 3231.500540
125.040000 49.543000 3232.462200
125.140000 50.030000 3231.490010
124.240000 40.788000 3232.879700
124.310000 41.274000 3231.867400
124.380000 41.761000 3230.148850
124.450000 42.247000 3231.759900
124.530000 42.733000 3229.530300
124.600000 43.220000 3229.758590
124.680000 43.706000 3232.321260
124.760000 44.193000 3234.620300
124.840000 44.679000 3234.437300
124.920000 45.165000 3236.061000
125.010000 45.652000 3236.649300
125.100000 46.138000 3238.053000
125.190000 46.625000 3236.082000
125.280000 47.111000 3234.997800
125.380000 47.597000 3231.628300
125.470000 48.084000 3229.267000
125.570000 48.570000 3228.296500
125.680000 49.057000 3228.254900
125.780000 49.543000 3229.775760
125.890000 50.030000 3228.925400
124.880000 40.788000 3230.918560
124.950000 41.274000 3228.573400
125.020000 41.761000 3228.626700
125.100000 42.247000 3230.256990
125.180000 42.733000 3230.063390
125.260000 43.220000 3228.756200
125.340000 43.706000 3230.778860
125.430000 44.193000 3231.499120
125.520000 44.679000 3232.155500
125.600000 45.165000 3233.107200
125.700000 45.652000 3235.043000
125.790000 46.138000 3235.018100
125.890000 46.625000 3235.351800
125.990000 47.111000 3233.320500
126.090000 47.597000 3230.996780
126.190000 48.084000 3228.951800
126.300000 48.570000 3227.686800
126.410000 49.057000 3227.411300
126.520000 49.543000 3227.862000
126.640000 50.030000 3226.380300
125.510000 40.788000 3231.050240
125.590000 41.274000 3229.827050
125.670000 41.761000 3230.517374
125.750000 42.247000 3229.321700
125.830000 42.733000 3229.458800
125.920000 43.220000 3229.379800
126.010000 43.706000 3228.459900
126.100000 44.193000 3230.165450
126.190000 44.679000 3231.238000
126.290000 45.165000 3230.800440
126.380000 45.652000 3232.431800
126.480000 46.138000 3232.940000
126.590000 46.625000 3232.415400
126.690000 47.111000 3231.821600
126.800000 47.597000 3230.056430
126.910000 48.084000 3230.476700
127.030000 48.570000 3231.514100
127.140000 49.057000 3226.499000
127.260000 49.543000 3227.366800
127.390000 50.030000 3226.428700
126.140000 40.788000 3228.475500
126.230000 41.274000 3230.567732
126.310000 41.761000 3228.236400
126.400000 42.247000 3229.217200
126.490000 42.733000 3229.649450
126.580000 43.220000 3228.735700
126.670000 43.706000 3230.277500
126.770000 44.193000 3228.401900
126.870000 44.679000 3230.785310
126.970000 45.165000 3229.009500
127.070000 45.652000 3229.601700
127.180000 46.138000 3231.054000
127.290000 46.625000 3230.541071
127.400000 47.111000 3228.673000
127.510000 47.597000 3230.296310
127.630000 48.084000 3228.981000
127.750000 48.570000 3225.146800
127.880000 49.057000 3227.442400
128.000000 49.543000 3225.950700
128.140000 50.030000 3226.688500
126.780000 40.788000 3227.753600
126.870000 41.274000 3227.716900
126.960000 41.761000 3227.415500
127.050000 42.247000 3228.306800
127.140000 42.733000 3229.112100
127.240000 43.220000 3229.959600
127.340000 43.706000 3228.413200
127.440000 44.193000 3228.076100
127.540000 44.679000 3229.450700
127.650000 45.165000 3227.563600
127.760000 45.652000 3229.528000
127.870000 46.138000 3228.829300
127.990000 46.625000 3226.746900
128.100000 47.111000 3228.393500
128.230000 47.597000 3227.881100
128.350000 48.084000 3227.605000
128.480000 48.570000 3224.511700
128.610000 49.057000 3224.077000
128.740000 49.543000 3225.145300
128.880000 50.030000 3225.278900
127.410000 40.788000 3226.507700
127.510000 41.274000 3225.150500
127.600000 41.761000 3226.947300
127.700000 42.247000 3228.500600
127.800000 42.733000 3228.838300
127.900000 43.220000 3227.725500
128.000000 43.706000 3227.192800
128.110000 44.193000 3228.273000
128.220000 44.679000 3228.453400
128.330000 45.165000 3228.979900
128.450000 45.652000 3229.379600
128.560000 46.138000 3228.832700
128.690000 46.625000 3228.976200
128.810000 47.111000 3228.154400
128.940000 47.597000 3228.552100
129.070000 48.084000 3227.008600
129.200000 48.570000 3225.907000
129.340000 49.057000 3222.759000
129.480000 49.543000 3226.269300
129.630000 50.030000 3224.936700
128.050000 40.788000 3228.892500
128.140000 41.274000 3226.776200
128.240000 41.761000 3228.973200
128.350000 42.247000 3229.352100
128.450000 42.733000 3228.244700
128.560000 43.220000 3227.615900
128.670000 43.706000 3226.759300
128.780000 44.193000 3228.605900
128.890000 44.679000 3229.546900
129.010000 45.165000 3229.477600
129.130000 45.652000 3230.053820
129.260000 46.138000 3230.517870
129.390000 46.625000 3229.278400
129.520000 47.111000 3228.419800
129.650000 47.597000 3228.223900
129.790000 48.084000 3228.907700
129.930000 48.570000 3227.258500
128.680000 40.788000 3228.278200
128.780000 41.274000 3219.303000
128.890000 41.761000 3222.420900
128.990000 42.247000 3224.129300
129.100000 42.733000 3225.533400
129.220000 43.220000 3226.405100
129.330000 43.706000 3227.981000
129.450000 44.193000 3229.183100
129.570000 44.679000 3228.590500
129.690000 45.165000 3228.411100
129.820000 45.652000 3230.706080
129.950000 46.138000 3232.793300
129.320000 40.788000 3229.813760
129.420000 41.274000 3224.932800
129.530000 41.761000 3224.201800
129.640000 42.247000 3223.251800
129.760000 42.733000 3226.397900
129.880000 43.220000 3228.549200
130.000000 43.706000 3227.996600
129.950000 40.788000 3236.044900
