114.720000 40.788000 3257.865000
114.720000 41.274000 3277.101000
114.720000 41.761000 3252.403000
114.720000 42.247000 3255.067000
114.710000 42.733000 3246.720000
114.710000 43.220000 3245.202000
114.710000 43.706000 3241.366300
114.710000 44.193000 3234.844500
114.700000 44.679000 3239.649600
114.700000 45.165000 3246.562000
114.700000 45.652000 3250.254000
114.700000 46.138000 3250.362000
114.690000 46.625000 3246.285000
114.690000 47.111000 3252.053000
114.690000 47.597000 3252.467000
114.690000 48.084000 3259.384000
114.680000 48.570000 3283.036000
114.680000 49.057000 3288.662000
114.680000 49.543000 3282.914000
114.670000 50.030000 3288.952000
115.360000 40.788000 3264.154000
115.360000 41.274000 3266.853000
115.360000 41.761000 3246.470000
115.360000 42.247000 3252.146000
115.370000 42.733000 3240.331600
115.370000 43.220000 3237.530500
115.370000 43.706000 3235.709800
115.380000 44.193000 3233.784000
115.380000 44.679000 3238.137500
115.380000 45.165000 3235.997000
115.390000 45.652000 3240.236200
115.390000 46.138000 3241.021000
115.390000 46.625000 3240.655000
115.400000 47.111000 3250.508000
115.400000 47.597000 3247.629700
115.400000 48.084000 3253.494300
115.410000 48.570000 3277.121400
115.410000 49.057000 3278.282500
115.420000 49.543000 3275.404400
115.420000 50.030000 3276.952600
115.990000 40.788000 3244.449100
116.000000 41.274000 3240.170700
116.010000 41.761000 3239.088590
116.010000 42.247000 3243.358100
116.020000 42.733000 3241.540000
116.030000 43.220000 3235.651100
116.040000 43.706000 3234.912200
116.050000 44.193000 3236.639000
116.060000 44.679000 3238.590600
116.060000 45.165000 3232.250500
116.070000 45.652000 3236.710000
116.080000 46.138000 3238.648500
116.090000 46.625000 3238.130200
116.100000 47.111000 3241.501500
116.110000 47.597000 3246.126000
116.120000 48.084000 3250.935800
116.130000 48.570000 3246.806900
116.150000 49.057000 3265.340180
116.160000 49.543000 3272.633600
116.170000 50.030000 3278.146000
116.630000 40.788000 3240.233500
116.640000 41.274000 3243.145000
116.650000 41.761000 3241.902000
116.660000 42.247000 3239.292400
116.680000 42.733000 3234.536600
116.690000 43.220000 3231.955700
116.700000 43.706000 3232.503700
116.720000 44.193000 3234.633760
116.730000 44.679000 3237.805300
116.750000 45.165000 3236.362300
116.760000 45.652000 3239.753700
116.780000 46.138000 3240.306900
116.790000 46.625000 3243.025400
116.810000 47.111000 3243.694200
116.830000 47.597000 3249.160800
116.840000 48.084000 3246.764400
116.860000 48.570000 3244.837100
116.880000 49.057000 3253.497720
116.900000 49.543000 3274.627100
116.920000 50.030000 3274.940900
117.260000 40.788000 3246.978624
117.280000 41.274000 3243.735100
117.290000 41.761000 3242.350000
117.310000 42.247000 3239.548800
117.330000 42.733000 3234.457500
117.350000 43.220000 3232.500500
117.370000 43.706000 3235.694200
117.390000 44.193000 3238.020710
117.410000 44.679000 3235.910400
117.430000 45.165000 3240.974900
117.450000 45.652000 3243.992500
117.470000 46.138000 3252.759600
117.490000 46.625000 3249.008970
117.510000 47.111000 3247.097450
117.540000 47.597000 3253.334100
117.560000 48.084000 3247.361600
117.590000 48.570000 3239.136720
117.610000 49.057000 3245.439920
117.640000 49.543000 3254.578600
117.660000 50.030000 3263.988000
117.890000 40.788000 3238.684878
117.920000 41.274000 3233.573700
117.940000 41.761000 3239.036100
117.960000 42.247000 3237.105700
117.980000 42.733000 3235.140900
118.010000 43.220000 3235.396300
118.030000 43.706000 3240.432700
118.060000 44.193000 3238.864100
118.080000 44.679000 3233.218900
118.110000 45.165000 3235.842900
118.140000 45.652000 3237.822200
118.160000 46.138000 3241.341080
118.190000 46.625000 3240.497930
118.220000 47.111000 3240.168400
118.250000 47.597000 3241.752000
118.280000 48.084000 3244.201600
118.310000 48.570000 3240.484080
118.340000 49.057000 3240.553450
118.380000 49.543000 3242.679800
118.410000 50.030000 3247.452400
118.530000 40.788000 3230.737670
118.560000 41.274000 3231.656400
118.580000 41.761000 3244.400980
118.610000 42.247000 3244.316280
118.640000 42.733000 3236.031600
118.670000 43.220000 3234.431400
118.700000 43.706000 3235.798400
118.730000 44.193000 3241.737000
118.760000 44.679000 3237.665200
118.790000 45.165000 3239.765000
118.820000 45.652000 3234.893800
118.860000 46.138000 3241.854900
118.890000 46.625000 3240.404100
118.930000 47.111000 3236.351100
118.960000 47.597000 3242.380500
119.000000 48.084000 3248.626400
119.040000 48.570000 3240.806700
119.080000 49.057000 3243.444400
119.120000 49.543000 3239.718400
119.160000 50.030000 3236.121900
119.160000 40.788000 3232.932100
119.200000 41.274000 3239.230500
119.230000 41.761000 3239.664740
119.260000 42.247000 3235.763900
119.290000 42.733000 3237.310400
119.330000 43.220000 3232.604105
119.360000 43.706000 3232.164800
119.400000 44.193000 3240.282200
119.430000 44.679000 3248.571000
119.470000 45.165000 3243.470800
119.510000 45.652000 3235.522300
119.550000 46.138000 3240.583000
119.590000 46.625000 3243.150100
119.630000 47.111000 3236.844100
119.680000 47.597000 3234.219000
119.720000 48.084000 3233.007400
119.760000 48.570000 3240.260300
119.810000 49.057000 3242.983600
119.860000 49.543000 3245.659400
119.910000 50.030000 3241.249250
119.800000 40.788000 3231.069400
119.830000 41.274000 3229.731000
119.870000 41.761000 3232.264470
119.910000 42.247000 3240.191200
119.950000 42.733000 3238.941300
119.990000 43.220000 3238.266530
120.030000 43.706000 3243.838200
120.070000 44.193000 3245.505200
120.110000 44.679000 3241.930800
120.150000 45.165000 3238.760500
120.200000 45.652000 3240.023600
120.240000 46.138000 3243.976200
120.290000 46.625000 3244.125000
120.340000 47.111000 3238.373700
120.390000 47.597000 3236.402700
120.440000 48.084000 3236.230540
120.490000 48.570000 3238.038400
120.540000 49.057000 3234.842800
120.600000 49.543000 3245.866200
120.660000 50.030000 3236.738430
120.430000 40.788000 3241.283720
120.470000 41.274000 3239.861700
120.510000 41.761000 3241.405600
120.560000 42.247000 3238.766600
120.600000 42.733000 3236.584110
120.650000 43.220000 3234.927290
120.690000 43.706000 3231.445280
120.740000 44.193000 3232.378500
120.790000 44.679000 3237.163700
120.830000 45.165000 3238.593700
120.890000 45.652000 3238.278800
120.940000 46.138000 3242.593180
120.990000 46.625000 3242.194700
121.040000 47.111000 3238.495100
121.100000 47.597000 3243.616700
121.160000 48.084000 3243.347100
121.220000 48.570000 3240.109300
121.280000 49.057000 3236.603300
121.340000 49.543000 3240.099940
121.400000 50.030000 3242.104540
121.070000 40.788000 3236.452040
121.110000 41.274000 3233.091724
121.160000 41.761000 3234.469200
121.210000 42.247000 3242.683670
121.250000 42.733000 3244.322360
121.300000 43.220000 3237.003300
121.360000 43.706000 3237.846800
121.410000 44.193000 3233.855200
121.460000 44.679000 3236.712810
121.520000 45.165000 3240.353180
121.570000 45.652000 3234.615180
121.630000 46.138000 3238.048200
121.690000 46.625000 3237.194250
121.750000 47.111000 3237.112900
121.810000 47.597000 3240.871800
121.880000 48.084000 3232.996590
121.940000 48.570000 3232.179250
122.010000 49.057000 3245.355750
122.080000 49.543000 3244.450410
122.150000 50.030000 3240.225250
121.700000 40.788000 3235.451510
121.750000 41.274000 3236.704000
121.800000 41.761000 3236.904200
121.860000 42.247000 3245.044000
121.910000 42.733000 3238.240000
121.960000 43.220000 3238.113400
122.020000 43.706000 3237.360900
122.080000 44.193000 3238.723400
122.140000 44.679000 3237.654920
122.200000 45.165000 3240.915750
122.260000 45.652000 3250.387640
122.320000 46.138000 3244.138890
122.390000 46.625000 3243.810506
122.460000 47.111000 3241.054950
122.530000 47.597000 3245.070580
122.600000 48.084000 3239.699880
122.670000 48.570000 3242.468340
122.740000 49.057000 3251.150590
122.820000 49.543000 3245.189770
122.900000 50.030000 3236.520730
122.340000 40.788000 3238.008000
122.390000 41.274000 3235.795400
122.450000 41.761000 3242.201000
122.500000 42.247000 3240.164700
122.560000 42.733000 3232.928600
122.620000 43.220000 3234.195800
122.680000 43.706000 3236.966600
122.750000 44.193000 3239.674100
122.810000 44.679000 3232.758600
122.880000 45.165000 3238.003270
122.950000 45.652000 3233.447680
123.020000 46.138000 3236.476170
123.090000 46.625000 3234.781260
123.160000 47.111000 3240.424890
123.240000 47.597000 3244.893500
123.320000 48.084000 3239.266200
123.400000 48.570000 3239.980400
123.480000 49.057000 3239.270020
123.560000 49.543000 3237.841400
123.650000 50.030000 3236.913730
122.970000 40.788000 3234.446100
123.030000 41.274000 3231.861600
123.090000 41.761000 3233.159800
123.150000 42.247000 3233.315900
123.220000 42.733000 3234.381300
123.280000 43.220000 3235.219900
123.350000 43.706000 3236.330100
123.420000 44.193000 3233.382100
123.490000 44.679000 3236.214300
123.560000 45.165000 3239.145300
123.630000 45.652000 3240.758700
123.710000 46.138000 3245.416900
123.790000 46.625000 3234.802800
123.870000 47.111000 3241.985980
123.950000 47.597000 3241.993800
124.030000 48.084000 3245.691500
124.120000 48.570000 3238.833130
124.210000 49.057000 3231.726410
124.300000 49.543000 3233.722500
124.400000 50.030000 3237.047000
123.610000 40.788000 3232.448800
123.670000 41.274000 3229.593600
123.740000 41.761000 3232.522420
123.800000 42.247000 3235.597780
123.870000 42.733000 3236.871700
123.940000 43.220000 3236.434900
124.010000 43.706000 3237.880700
124.090000 44.193000 3237.939800
124.160000 44.679000 3234.510400
124.240000 45.165000 3235.208900
124.320000 45.652000 3239.697100
124.400000 46.138000 3235.609600
124.490000 46.625000 3238.178700
124.570000 47.111000 3242.177878
124.660000 47.597000 3240.648600
124.750000 48.084000 3240.100700
124.850000 48.570000 3239.257200
124.940000 49.057000 3233.301230
125.040000 49.543000 3230.689500
125.140000 50.030000 3235.653480
124.240000 40.788000 3231.925636
124.310000 41.274000 3229.080800
124.380000 41.761000 3232.271700
124.450000 42.247000 3239.791970
124.530000 42.733000 3238.979820
124.600000 43.220000 3238.883160
124.680000 43.706000 3236.927400
124.760000 44.193000 3234.554600
124.840000 44.679000 3233.784300
124.920000 45.165000 3235.022900
125.010000 45.652000 3236.613300
125.100000 46.138000 3243.001000
125.190000 46.625000 3247.634000
125.280000 47.111000 3239.785900
125.380000 47.597000 3239.977800
125.470000 48.084000 3252.874700
125.570000 48.570000 3234.098200
125.680000 49.057000 3232.973700
125.780000 49.543000 3233.876000
125.890000 50.030000 3246.782600
124.880000 40.788000 3237.920140
124.950000 41.274000 3226.513500
125.020000 41.761000 3221.300700
125.100000 42.247000 3228.569100
125.180000 42.733000 3229.786140
125.260000 43.220000 3229.431300
125.340000 43.706000 3230.314410
125.430000 44.193000 3230.813290
125.520000 44.679000 3231.639700
125.600000 45.165000 3232.167900
125.700000 45.652000 3233.559200
125.790000 46.138000 3234.187800
125.890000 46.625000 3234.133400
125.990000 47.111000 3237.236840
126.090000 47.597000 3243.389800
126.190000 48.084000 3248.419100
126.300000 48.570000 3241.568800
126.410000 49.057000 3236.922200
126.520000 49.543000 3242.739700
126.640000 50.030000 3252.704000
125.510000 40.788000 3231.197830
125.590000 41.274000 3226.659000
125.670000 41.761000 3226.860200
125.750000 42.247000 3227.370200
125.830000 42.733000 3229.696000
125.920000 43.220000 3232.702300
126.010000 43.706000 3228.259200
126.100000 44.193000 3229.808460
126.190000 44.679000 3230.646026
126.290000 45.165000 3232.456500
126.380000 45.652000 3232.328610
126.480000 46.138000 3236.819990
126.590000 46.625000 3235.755800
126.690000 47.111000 3232.609500
126.800000 47.597000 3239.331800
126.910000 48.084000 3239.815200
127.030000 48.570000 3225.117600
127.140000 49.057000 3236.341300
127.260000 49.543000 3241.092400
127.390000 50.030000 3246.509900
126.140000 40.788000 3232.270100
126.230000 41.274000 3228.368200
126.310000 41.761000 3223.568600
126.400000 42.247000 3225.602800
126.490000 42.733000 3228.749800
126.580000 43.220000 3227.975000
126.670000 43.706000 3229.330800
126.770000 44.193000 3229.481500
126.870000 44.679000 3231.870535
126.970000 45.165000 3233.802000
127.070000 45.652000 3233.577400
127.180000 46.138000 3240.868700
127.290000 46.625000 3233.619220
127.400000 47.111000 3235.473300
127.510000 47.597000 3232.039020
127.630000 48.084000 3228.957300
127.750000 48.570000 3229.958700
127.880000 49.057000 3235.713800
128.000000 49.543000 3246.255700
128.140000 50.030000 3253.581800
126.780000 40.788000 3229.768270
126.870000 41.274000 3225.005500
126.960000 41.761000 3228.169900
127.050000 42.247000 3226.443900
127.140000 42.733000 3226.950600
127.240000 43.220000 3228.818600
127.340000 43.706000 3230.035200
127.440000 44.193000 3228.879800
127.540000 44.679000 3229.901300
127.650000 45.165000 3229.030000
127.760000 45.652000 3233.735300
127.870000 46.138000 3240.118000
127.990000 46.625000 3244.888200
128.100000 47.111000 3236.766900
128.230000 47.597000 3230.115400
128.350000 48.084000 3231.736700
128.480000 48.570000 3235.291700
128.610000 49.057000 3238.465800
128.740000 49.543000 3248.345100
128.880000 50.030000 3249.612600
127.410000 40.788000 3226.944600
127.510000 41.274000 3222.258800
127.600000 41.761000 3221.631100
127.700000 42.247000 3223.650500
127.800000 42.733000 3227.581700
127.900000 43.220000 3229.907000
128.000000 43.706000 3226.878800
128.110000 44.193000 3227.780600
128.220000 44.679000 3229.688400
128.330000 45.165000 3230.030900
128.450000 45.652000 3233.018700
128.560000 46.138000 3231.554300
128.690000 46.625000 3234.235200
128.810000 47.111000 3232.685500
128.940000 47.597000 3234.849300
129.070000 48.084000 3231.920500
129.200000 48.570000 3233.429700
129.340000 49.057000 3258.904300
129.480000 49.543000 3246.889100
129.630000 50.030000 3250.384100
128.050000 40.788000 3229.801600
128.140000 41.274000 3223.408100
128.240000 41.761000 3224.633500
128.350000 42.247000 3223.443100
128.450000 42.733000 3225.144300
128.560000 43.220000 3227.963400
128.670000 43.706000 3226.407600
128.780000 44.193000 3227.888300
128.890000 44.679000 3230.608631
129.010000 45.165000 3230.453980
129.130000 45.652000 3234.556170
129.260000 46.138000 3234.263960
129.390000 46.625000 3231.939210
129.520000 47.111000 3235.704700
129.650000 47.597000 3236.913000
129.790000 48.084000 3231.357080
129.930000 48.570000 3237.984400
128.680000 40.788000 3225.303100
128.780000 41.274000 3211.648000
128.890000 41.761000 3212.976000
128.990000 42.247000 3218.599000
129.100000 42.733000 3222.052200
129.220000 43.220000 3225.432500
129.330000 43.706000 3227.849400
129.450000 44.193000 3230.523696
129.570000 44.679000 3231.658400
129.690000 45.165000 3234.017204
129.820000 45.652000 3235.274300
129.950000 46.138000 3232.726600
129.320000 40.788000 3215.051000
129.420000 41.274000 3206.083000
129.530000 41.761000 3217.269000
129.640000 42.247000 3218.421000
129.760000 42.733000 3223.720000
129.880000 43.220000 3229.508200
130.000000 43.706000 3231.440010
129.950000 40.788000 3218.366000
