114.720000 40.788000 2496.300000
114.720000 41.274000 2630.306000
114.720000 41.761000 2565.142000
114.720000 42.247000 2546.086000
114.710000 42.733000 2560.811000
114.710000 43.220000 2550.493000
114.710000 43.706000 2562.766000
114.710000 44.193000 2549.724000
114.700000 44.679000 2536.869000
114.700000 45.165000 2531.315000
114.700000 45.652000 2535.466000
114.700000 46.138000 2551.568000
114.690000 46.625000 2561.867000
114.690000 47.111000 2560.337000
114.690000 47.597000 2578.160200
114.690000 48.084000 2609.273000
114.680000 48.570000 2711.440000
114.680000 49.057000 2715.299000
114.680000 49.543000 2726.888000
114.670000 50.030000 2694.760000
115.360000 40.788000 2622.137000
115.360000 41.274000 2649.267000
115.360000 41.761000 2604.081000
115.360000 42.247000 2591.655000
115.370000 42.733000 2587.506700
115.370000 43.220000 2575.801500
115.370000 43.706000 2581.430000
115.380000 44.193000 2567.092600
115.380000 44.679000 2559.180000
115.380000 45.165000 2562.463100
115.390000 45.652000 2541.753300
115.390000 46.138000 2567.423000
115.390000 46.625000 2583.337000
115.400000 47.111000 2577.457000
115.400000 47.597000 2618.457000
115.400000 48.084000 2642.107300
115.410000 48.570000 2724.974000
115.410000 49.057000 2738.214000
115.420000 49.543000 2774.674000
115.420000 50.030000 2734.901000
115.990000 40.788000 2632.137000
116.000000 41.274000 2613.262400
116.010000 41.761000 2616.216400
116.010000 42.247000 2601.485330
116.020000 42.733000 2593.488900
116.030000 43.220000 2584.026200
116.040000 43.706000 2582.423000
116.050000 44.193000 2580.993000
116.060000 44.679000 2562.659100
116.060000 45.165000 2576.092000
116.070000 45.652000 2565.991300
116.080000 46.138000 2553.799200
116.090000 46.625000 2568.321000
116.100000 47.111000 2575.919000
116.110000 47.597000 2573.137000
116.120000 48.084000 2594.461000
116.130000 48.570000 2612.649000
116.150000 49.057000 2695.231000
116.160000 49.543000 2744.641000
116.170000 50.030000 2729.745000
116.630000 40.788000 2612.386600
116.640000 41.274000 2594.683000
116.650000 41.761000 2585.227000
116.660000 42.247000 2592.963270
116.680000 42.733000 2573.531000
116.690000 43.220000 2596.522000
116.700000 43.706000 2586.992000
116.720000 44.193000 2575.261000
116.730000 44.679000 2566.396000
116.750000 45.165000 2579.977100
116.760000 45.652000 2566.707800
116.780000 46.138000 2572.042700
116.790000 46.625000 2569.641000
116.810000 47.111000 2570.581000
116.830000 47.597000 2570.939000
116.840000 48.084000 2570.834000
116.860000 48.570000 2566.444000
116.880000 49.057000 2600.314000
116.900000 49.543000 2717.998000
116.920000 50.030000 2722.539000
117.260000 40.788000 2613.160000
117.280000 41.274000 2607.207800
117.290000 41.761000 2580.166000
117.310000 42.247000 2590.257800
117.330000 42.733000 2568.695900
117.350000 43.220000 2578.253900
117.370000 43.706000 2578.742000
117.390000 44.193000 2581.398000
117.410000 44.679000 2581.772100
117.430000 45.165000 2581.882020
117.450000 45.652000 2575.220600
117.470000 46.138000 2551.154000
117.490000 46.625000 2560.043300
117.510000 47.111000 2577.614000
117.540000 47.597000 2560.052000
117.560000 48.084000 2551.561000
117.590000 48.570000 2560.633500
117.610000 49.057000 2590.804000
117.640000 49.543000 2609.205700
117.660000 50.030000 2650.682000
117.890000 40.788000 2616.256000
117.920000 41.274000 2604.978900
117.940000 41.761000 2594.523000
117.960000 42.247000 2580.667900
117.980000 42.733000 2575.828100
118.010000 43.220000 2594.892000
118.030000 43.706000 2584.173000
118.060000 44.193000 2590.011000
118.080000 44.679000 2603.065000
118.110000 45.165000 2572.873000
118.140000 45.652000 2584.637000
118.160000 46.138000 2585.592100
118.190000 46.625000 2576.870000
118.220000 47.111000 2587.120000
118.250000 47.597000 2586.824000
118.280000 48.084000 2593.573000
118.310000 48.570000 2566.336000
118.340000 49.057000 2562.994680
118.380000 49.543000 2585.539000
118.410000 50.030000 2548.366000
118.530000 40.788000 2603.126700
118.560000 41.274000 2598.038000
118.580000 41.761000 2578.750700
118.610000 42.247000 2587.359000
118.640000 42.733000 2574.018400
118.670000 43.220000 2572.945200
118.700000 43.706000 2587.491300
118.730000 44.193000 2572.516000
118.760000 44.679000 2582.128200
118.790000 45.165000 2595.768000
118.820000 45.652000 2593.786000
118.860000 46.138000 2574.995500
118.890000 46.625000 2592.530700
118.930000 47.111000 2592.071600
118.960000 47.597000 2594.270000
119.000000 48.084000 2596.717000
119.040000 48.570000 2573.601000
119.080000 49.057000 2576.039000
119.120000 49.543000 2588.812100
119.160000 50.030000 2592.077000
119.160000 40.788000 2596.027000
119.200000 41.274000 2586.773000
119.230000 41.761000 2565.947000
119.260000 42.247000 2567.642000
119.290000 42.733000 2558.347000
119.330000 43.220000 2576.792760
119.360000 43.706000 2581.641500
119.400000 44.193000 2573.925000
119.430000 44.679000 2579.949000
119.470000 45.165000 2593.517400
119.510000 45.652000 2606.550000
119.550000 46.138000 2601.267000
119.590000 46.625000 2576.092600
119.630000 47.111000 2574.974580
119.680000 47.597000 2568.928000
119.720000 48.084000 2560.903600
119.760000 48.570000 2589.380000
119.810000 49.057000 2576.568000
119.860000 49.543000 2583.836000
119.910000 50.030000 2594.840000
119.800000 40.788000 2586.261000
119.830000 41.274000 2587.432000
119.870000 41.761000 2560.185800
119.910000 42.247000 2557.118000
119.950000 42.733000 2567.442000
119.990000 43.220000 2580.634400
120.030000 43.706000 2588.581000
120.070000 44.193000 2592.930000
120.110000 44.679000 2584.745000
120.150000 45.165000 2584.764300
120.200000 45.652000 2592.396400
120.240000 46.138000 2598.663200
120.290000 46.625000 2595.952000
120.340000 47.111000 2574.082000
120.390000 47.597000 2576.224800
120.440000 48.084000 2566.914000
120.490000 48.570000 2582.459000
120.540000 49.057000 2592.349900
120.600000 49.543000 2597.139900
120.660000 50.030000 2572.622000
120.430000 40.788000 2568.290700
120.470000 41.274000 2581.730000
120.510000 41.761000 2574.468700
120.560000 42.247000 2563.107000
120.600000 42.733000 2567.389500
120.650000 43.220000 2573.841000
120.690000 43.706000 2576.231000
120.740000 44.193000 2587.097200
120.790000 44.679000 2601.032290
120.830000 45.165000 2598.743000
120.890000 45.652000 2582.683100
120.940000 46.138000 2601.900440
120.990000 46.625000 2595.471000
121.040000 47.111000 2579.874000
121.100000 47.597000 2568.010000
121.160000 48.084000 2573.958800
121.220000 48.570000 2594.280920
121.280000 49.057000 2604.119000
121.340000 49.543000 2589.383300
121.400000 50.030000 2579.321000
121.070000 40.788000 2573.888000
121.110000 41.274000 2557.746000
121.160000 41.761000 2579.853100
121.210000 42.247000 2582.422750
121.250000 42.733000 2571.086800
121.300000 43.220000 2557.697500
121.360000 43.706000 2538.436600
121.410000 44.193000 2542.681400
121.460000 44.679000 2576.129300
121.520000 45.165000 2571.642000
121.570000 45.652000 2585.695000
121.630000 46.138000 2588.246400
121.690000 46.625000 2595.956400
121.750000 47.111000 2609.717000
121.810000 47.597000 2590.047000
121.880000 48.084000 2577.401000
121.940000 48.570000 2583.098000
122.010000 49.057000 2612.594600
122.080000 49.543000 2596.836900
122.150000 50.030000 2575.867000
121.700000 40.788000 2537.306000
121.750000 41.274000 2552.909000
121.800000 41.761000 2576.418600
121.860000 42.247000 2586.563500
121.910000 42.733000 2581.347200
121.960000 43.220000 2556.803000
122.020000 43.706000 2546.402600
122.080000 44.193000 2557.985630
122.140000 44.679000 2571.613300
122.200000 45.165000 2586.953100
122.260000 45.652000 2583.164100
122.320000 46.138000 2575.879200
122.390000 46.625000 2607.067000
122.460000 47.111000 2595.495000
122.530000 47.597000 2590.036100
122.600000 48.084000 2590.190947
122.670000 48.570000 2583.372000
122.740000 49.057000 2598.375800
122.820000 49.543000 2586.230300
122.900000 50.030000 2585.710000
122.340000 40.788000 2556.915000
122.390000 41.274000 2555.892000
122.450000 41.761000 2600.198000
122.500000 42.247000 2602.411500
122.560000 42.733000 2576.812500
122.620000 43.220000 2568.598800
122.680000 43.706000 2565.647900
122.750000 44.193000 2553.763630
122.810000 44.679000 2546.417810
122.880000 45.165000 2543.503000
122.950000 45.652000 2560.581000
123.020000 46.138000 2574.050900
123.090000 46.625000 2581.298100
123.160000 47.111000 2581.659090
123.240000 47.597000 2585.539600
123.320000 48.084000 2579.039000
123.400000 48.570000 2606.157900
123.480000 49.057000 2596.554600
123.560000 49.543000 2599.106600
123.650000 50.030000 2581.063400
122.970000 40.788000 2550.999000
123.030000 41.274000 2598.386000
123.090000 41.761000 2590.298000
123.150000 42.247000 2598.771000
123.220000 42.733000 2603.017100
123.280000 43.220000 2578.551600
123.350000 43.706000 2569.463000
123.420000 44.193000 2532.788800
123.490000 44.679000 2502.143000
123.560000 45.165000 2486.213600
123.630000 45.652000 2518.036600
123.710000 46.138000 2509.562600
123.790000 46.625000 2520.371630
123.870000 47.111000 2526.931700
123.950000 47.597000 2550.209960
124.030000 48.084000 2563.136400
124.120000 48.570000 2571.003900
124.210000 49.057000 2610.022000
124.300000 49.543000 2609.955000
124.400000 50.030000 2589.406000
123.610000 40.788000 2609.212300
123.670000 41.274000 2617.453000
123.740000 41.761000 2628.357000
123.800000 42.247000 2627.014540
123.870000 42.733000 2590.779000
123.940000 43.220000 2579.145200
124.010000 43.706000 2567.223000
124.090000 44.193000 2530.653000
124.160000 44.679000 2504.834000
124.240000 45.165000 2505.781000
124.320000 45.652000 2514.144000
124.400000 46.138000 2496.012000
124.490000 46.625000 2464.785000
124.570000 47.111000 2458.926700
124.660000 47.597000 2506.834000
124.750000 48.084000 2572.456500
124.850000 48.570000 2584.078200
124.940000 49.057000 2602.418650
125.040000 49.543000 2614.278000
125.140000 50.030000 2581.355000
124.240000 40.788000 2632.691000
124.310000 41.274000 2637.111000
124.380000 41.761000 2629.131000
124.450000 42.247000 2611.095200
124.530000 42.733000 2580.925000
124.600000 43.220000 2561.612000
124.680000 43.706000 2551.457600
124.760000 44.193000 2526.348000
124.840000 44.679000 2527.202600
124.920000 45.165000 2502.304000
125.010000 45.652000 2496.345000
125.100000 46.138000 2476.524000
125.190000 46.625000 2490.444000
125.280000 47.111000 2493.567000
125.380000 47.597000 2507.172300
125.470000 48.084000 2581.126000
125.570000 48.570000 2603.022500
125.680000 49.057000 2604.125000
125.780000 49.543000 2597.164500
125.890000 50.030000 2584.120030
124.880000 40.788000 2619.771300
124.950000 41.274000 2623.365000
125.020000 41.761000 2608.094000
125.100000 42.247000 2579.561500
125.180000 42.733000 2579.814400
125.260000 43.220000 2543.587000
125.340000 43.706000 2550.531500
125.430000 44.193000 2556.657330
125.520000 44.679000 2535.229500
125.600000 45.165000 2514.033000
125.700000 45.652000 2502.150000
125.790000 46.138000 2476.288000
125.890000 46.625000 2492.206000
125.990000 47.111000 2532.503700
126.090000 47.597000 2571.685200
126.190000 48.084000 2584.815800
126.300000 48.570000 2586.753000
126.410000 49.057000 2580.203000
126.520000 49.543000 2597.989000
126.640000 50.030000 2573.942000
125.510000 40.788000 2631.325300
125.590000 41.274000 2650.925100
125.670000 41.761000 2623.424000
125.750000 42.247000 2623.694000
125.830000 42.733000 2601.590000
125.920000 43.220000 2593.303700
126.010000 43.706000 2560.260000
126.100000 44.193000 2561.869380
126.190000 44.679000 2557.796600
126.290000 45.165000 2544.064400
126.380000 45.652000 2517.272500
126.480000 46.138000 2519.022300
126.590000 46.625000 2524.940600
126.690000 47.111000 2538.290200
126.800000 47.597000 2562.777000
126.910000 48.084000 2574.399000
127.030000 48.570000 2574.478000
127.140000 49.057000 2583.683000
127.260000 49.543000 2602.641800
127.390000 50.030000 2567.556000
126.140000 40.788000 2616.402000
126.230000 41.274000 2621.014100
126.310000 41.761000 2630.299000
126.400000 42.247000 2622.406600
126.490000 42.733000 2600.485500
126.580000 43.220000 2599.483000
126.670000 43.706000 2576.412000
126.770000 44.193000 2568.548000
126.870000 44.679000 2567.482300
126.970000 45.165000 2567.782000
127.070000 45.652000 2570.661000
127.180000 46.138000 2564.528000
127.290000 46.625000 2561.388000
127.400000 47.111000 2565.809000
127.510000 47.597000 2544.509600
127.630000 48.084000 2553.188000
127.750000 48.570000 2566.248000
127.880000 49.057000 2576.639000
128.000000 49.543000 2582.657100
128.140000 50.030000 2528.718000
126.780000 40.788000 2574.903000
126.870000 41.274000 2602.816700
126.960000 41.761000 2625.382200
127.050000 42.247000 2615.807000
127.140000 42.733000 2608.020100
127.240000 43.220000 2594.022100
127.340000 43.706000 2601.427000
127.440000 44.193000 2591.739000
127.540000 44.679000 2605.033000
127.650000 45.165000 2585.609000
127.760000 45.652000 2586.835500
127.870000 46.138000 2564.120000
127.990000 46.625000 2558.243000
128.100000 47.111000 2549.497000
128.230000 47.597000 2567.324000
128.350000 48.084000 2553.118000
128.480000 48.570000 2584.662000
128.610000 49.057000 2589.011000
128.740000 49.543000 2572.945000
128.880000 50.030000 2574.706900
127.410000 40.788000 2574.002000
127.510000 41.274000 2602.203000
127.600000 41.761000 2620.242800
127.700000 42.247000 2606.934300
127.800000 42.733000 2589.381800
127.900000 43.220000 2592.356000
128.000000 43.706000 2601.310000
128.110000 44.193000 2597.265000
128.220000 44.679000 2585.448000
128.330000 45.165000 2589.614200
128.450000 45.652000 2568.851200
128.560000 46.138000 2582.231000
128.690000 46.625000 2579.734300
128.810000 47.111000 2598.306000
128.940000 47.597000 2597.623100
129.070000 48.084000 2582.005000
129.200000 48.570000 2578.258000
129.340000 49.057000 2575.657000
129.480000 49.543000 2619.103000
129.630000 50.030000 2676.428000
128.050000 40.788000 2566.252000
128.140000 41.274000 2588.226000
128.240000 41.761000 2587.310300
128.350000 42.247000 2585.579500
128.450000 42.733000 2602.836080
128.560000 43.220000 2597.159000
128.670000 43.706000 2599.172000
128.780000 44.193000 2596.265200
128.890000 44.679000 2587.743300
129.010000 45.165000 2613.701000
129.130000 45.652000 2612.167700
129.260000 46.138000 2577.578500
129.390000 46.625000 2587.880500
129.520000 47.111000 2604.368900
129.650000 47.597000 2572.900000
129.790000 48.084000 2586.990200
129.930000 48.570000 2560.790000
128.680000 40.788000 2537.526000
128.780000 41.274000 2594.431000
128.890000 41.761000 2584.844000
128.990000 42.247000 2582.348000
129.100000 42.733000 2591.792000
129.220000 43.220000 2602.253000
129.330000 43.706000 2601.767800
129.450000 44.193000 2579.210900
129.570000 44.679000 2595.491000
129.690000 45.165000 2622.607000
129.820000 45.652000 2619.819800
129.950000 46.138000 2604.778000
129.320000 40.788000 2531.075000
129.420000 41.274000 2523.578000
129.530000 41.761000 2548.122000
129.640000 42.247000 2556.421000
129.760000 42.733000 2605.582000
129.880000 43.220000 2600.031000
130.000000 43.706000 2578.268000
129.950000 40.788000 2425.470000
