114.720000 40.788000 2695.059000
114.720000 41.274000 2781.122900
114.720000 41.761000 2758.226000
114.720000 42.247000 2733.355000
114.710000 42.733000 2738.443000
114.710000 43.220000 2726.067000
114.710000 43.706000 2741.577000
114.710000 44.193000 2729.612000
114.700000 44.679000 2734.222000
114.700000 45.165000 2716.076000
114.700000 45.652000 2714.398000
114.700000 46.138000 2728.237000
114.690000 46.625000 2750.729900
114.690000 47.111000 2745.045000
114.690000 47.597000 2759.763700
114.690000 48.084000 2745.089000
114.680000 48.570000 2735.547000
114.680000 49.057000 2733.253000
114.680000 49.543000 2746.489000
114.670000 50.030000 2718.300000
115.360000 40.788000 2798.610000
115.360000 41.274000 2825.017000
115.360000 41.761000 2797.803000
115.360000 42.247000 2765.853000
115.370000 42.733000 2767.860800
115.370000 43.220000 2761.126300
115.370000 43.706000 2774.290000
115.380000 44.193000 2760.092900
115.380000 44.679000 2763.457700
115.380000 45.165000 2758.537000
115.390000 45.652000 2749.114600
115.390000 46.138000 2759.406000
115.390000 46.625000 2762.839000
115.400000 47.111000 2762.508000
115.400000 47.597000 2783.938000
115.400000 48.084000 2780.841700
115.410000 48.570000 2753.228000
115.410000 49.057000 2761.951000
115.420000 49.543000 2792.451000
115.420000 50.030000 2761.726000
115.990000 40.788000 2805.601000
116.000000 41.274000 2789.700800
116.010000 41.761000 2777.148966
116.010000 42.247000 2767.170200
116.020000 42.733000 2773.736000
116.030000 43.220000 2767.598000
116.040000 43.706000 2759.485100
116.050000 44.193000 2766.162000
116.060000 44.679000 2756.297900
116.060000 45.165000 2771.765000
116.070000 45.652000 2761.228400
116.080000 46.138000 2749.007900
116.090000 46.625000 2753.110000
116.100000 47.111000 2750.189000
116.110000 47.597000 2743.794000
116.120000 48.084000 2763.790000
116.130000 48.570000 2776.335000
116.150000 49.057000 2775.053000
116.160000 49.543000 2774.971000
116.170000 50.030000 2751.410000
116.630000 40.788000 2803.243300
116.640000 41.274000 2779.555000
116.650000 41.761000 2757.942000
116.660000 42.247000 2764.155700
116.680000 42.733000 2776.336700
116.690000 43.220000 2794.323000
116.700000 43.706000 2785.088000
116.720000 44.193000 2781.421000
116.730000 44.679000 2778.057000
116.750000 45.165000 2764.879200
116.760000 45.652000 2762.392500
116.780000 46.138000 2764.503690
116.790000 46.625000 2764.589000
116.810000 47.111000 2752.839000
116.830000 47.597000 2739.314000
116.840000 48.084000 2754.700000
116.860000 48.570000 2766.101000
116.880000 49.057000 2774.541100
116.900000 49.543000 2750.727000
116.920000 50.030000 2744.687000
117.260000 40.788000 2823.253000
117.280000 41.274000 2802.316300
117.290000 41.761000 2757.554000
117.310000 42.247000 2767.639300
117.330000 42.733000 2768.760400
117.350000 43.220000 2780.252740
117.370000 43.706000 2765.139000
117.390000 44.193000 2788.799000
117.410000 44.679000 2770.075800
117.430000 45.165000 2768.898880
117.450000 45.652000 2767.199000
117.470000 46.138000 2762.121000
117.490000 46.625000 2760.910890
117.510000 47.111000 2761.569000
117.540000 47.597000 2752.587000
117.560000 48.084000 2744.090000
117.590000 48.570000 2754.048000
117.610000 49.057000 2774.340000
117.640000 49.543000 2772.486700
117.660000 50.030000 2740.935000
117.890000 40.788000 2813.131000
117.920000 41.274000 2792.507600
117.940000 41.761000 2765.867000
117.960000 42.247000 2762.578000
117.980000 42.733000 2769.233000
118.010000 43.220000 2774.908000
118.030000 43.706000 2772.858000
118.060000 44.193000 2779.241000
118.080000 44.679000 2786.551000
118.110000 45.165000 2763.406000
118.140000 45.652000 2766.810000
118.160000 46.138000 2774.701850
118.190000 46.625000 2769.189887
118.220000 47.111000 2769.664000
118.250000 47.597000 2771.559000
118.280000 48.084000 2766.552000
118.310000 48.570000 2763.004000
118.340000 49.057000 2757.582100
118.380000 49.543000 2782.260000
118.410000 50.030000 2750.138000
118.530000 40.788000 2806.912200
118.560000 41.274000 2789.951800
118.580000 41.761000 2777.161900
118.610000 42.247000 2788.299000
118.640000 42.733000 2777.366000
118.670000 43.220000 2790.242800
118.700000 43.706000 2796.300000
118.730000 44.193000 2779.667000
118.760000 44.679000 2789.354800
118.790000 45.165000 2785.165000
118.820000 45.652000 2768.925000
118.860000 46.138000 2769.175000
118.890000 46.625000 2781.706800
118.930000 47.111000 2773.231600
118.960000 47.597000 2787.514000
119.000000 48.084000 2781.699000
119.040000 48.570000 2775.604000
119.080000 49.057000 2785.105000
119.120000 49.543000 2768.070000
119.160000 50.030000 2790.829000
119.160000 40.788000 2797.568000
119.200000 41.274000 2796.537000
119.230000 41.761000 2781.188000
119.260000 42.247000 2771.789200
119.290000 42.733000 2773.656000
119.330000 43.220000 2791.137000
119.360000 43.706000 2790.525600
119.400000 44.193000 2780.707000
119.430000 44.679000 2764.471000
119.470000 45.165000 2775.034400
119.510000 45.652000 2795.604000
119.550000 46.138000 2790.647000
119.590000 46.625000 2786.102300
119.630000 47.111000 2780.703880
119.680000 47.597000 2792.782000
119.720000 48.084000 2780.601700
119.760000 48.570000 2783.809000
119.810000 49.057000 2779.361000
119.860000 49.543000 2794.446000
119.910000 50.030000 2761.515000
119.800000 40.788000 2798.949000
119.830000 41.274000 2811.671000
119.870000 41.761000 2776.522700
119.910000 42.247000 2768.918000
119.950000 42.733000 2797.237000
119.990000 43.220000 2798.118600
120.030000 43.706000 2778.574000
120.070000 44.193000 2788.867000
120.110000 44.679000 2780.818000
120.150000 45.165000 2784.997000
120.200000 45.652000 2784.621700
120.240000 46.138000 2786.047600
120.290000 46.625000 2777.417000
120.340000 47.111000 2772.017000
120.390000 47.597000 2792.682200
120.440000 48.084000 2796.740000
120.490000 48.570000 2788.459000
120.540000 49.057000 2781.132500
120.600000 49.543000 2791.210900
120.660000 50.030000 2773.332000
120.430000 40.788000 2761.247750
120.470000 41.274000 2779.085000
120.510000 41.761000 2773.243000
120.560000 42.247000 2765.678200
120.600000 42.733000 2766.157300
120.650000 43.220000 2766.794000
120.690000 43.706000 2769.034500
120.740000 44.193000 2780.222800
120.790000 44.679000 2791.632190
120.830000 45.165000 2782.598000
120.890000 45.652000 2808.042400
120.940000 46.138000 2801.633290
120.990000 46.625000 2785.887000
121.040000 47.111000 2774.441000
121.100000 47.597000 2776.372000
121.160000 48.084000 2785.264000
121.220000 48.570000 2782.890230
121.280000 49.057000 2794.392000
121.340000 49.543000 2791.298200
121.400000 50.030000 2770.601000
121.070000 40.788000 2761.993000
121.110000 41.274000 2775.509000
121.160000 41.761000 2777.224000
121.210000 42.247000 2775.290530
121.250000 42.733000 2754.479600
121.300000 43.220000 2747.679300
121.360000 43.706000 2747.906200
121.410000 44.193000 2760.875300
121.460000 44.679000 2791.220900
121.520000 45.165000 2804.404400
121.570000 45.652000 2798.126100
121.630000 46.138000 2805.634500
121.690000 46.625000 2810.918300
121.750000 47.111000 2802.512000
121.810000 47.597000 2783.328000
121.880000 48.084000 2793.096000
121.940000 48.570000 2785.399000
122.010000 49.057000 2791.488000
122.080000 49.543000 2797.476100
122.150000 50.030000 2772.868000
121.700000 40.788000 2770.597000
121.750000 41.274000 2767.041000
121.800000 41.761000 2773.447000
121.860000 42.247000 2773.615900
121.910000 42.733000 2768.336700
121.960000 43.220000 2760.902000
122.020000 43.706000 2763.284300
122.080000 44.193000 2765.342560
122.140000 44.679000 2785.803100
122.200000 45.165000 2792.762000
122.260000 45.652000 2793.777500
122.320000 46.138000 2804.974100
122.390000 46.625000 2794.188000
122.460000 47.111000 2798.590000
122.530000 47.597000 2807.376000
122.600000 48.084000 2810.933170
122.670000 48.570000 2792.468000
122.740000 49.057000 2794.437000
122.820000 49.543000 2797.203900
122.900000 50.030000 2785.270000
122.340000 40.788000 2769.697000
122.390000 41.274000 2756.777000
122.450000 41.761000 2779.951000
122.500000 42.247000 2777.217900
122.560000 42.733000 2771.616300
122.620000 43.220000 2768.357900
122.680000 43.706000 2767.994700
122.750000 44.193000 2773.248898
122.810000 44.679000 2772.649800
122.880000 45.165000 2746.417000
122.950000 45.652000 2771.883000
123.020000 46.138000 2781.130100
123.090000 46.625000 2779.713600
123.160000 47.111000 2777.990769
123.240000 47.597000 2795.209300
123.320000 48.084000 2821.670000
123.400000 48.570000 2801.623800
123.480000 49.057000 2800.389200
123.560000 49.543000 2798.847700
123.650000 50.030000 2796.669000
122.970000 40.788000 2770.226000
123.030000 41.274000 2787.273000
123.090000 41.761000 2790.056000
123.150000 42.247000 2800.388000
123.220000 42.733000 2797.536600
123.280000 43.220000 2791.708800
123.350000 43.706000 2774.222000
123.420000 44.193000 2760.380800
123.490000 44.679000 2749.937000
123.560000 45.165000 2730.591600
123.630000 45.652000 2728.339600
123.710000 46.138000 2736.217800
123.790000 46.625000 2744.286660
123.870000 47.111000 2760.536000
123.950000 47.597000 2773.423800
124.030000 48.084000 2779.077000
124.120000 48.570000 2787.282300
124.210000 49.057000 2805.347000
124.300000 49.543000 2819.455000
124.400000 50.030000 2799.121500
123.610000 40.788000 2814.460700
123.670000 41.274000 2822.220000
123.740000 41.761000 2822.032000
123.800000 42.247000 2811.580460
123.870000 42.733000 2795.445700
123.940000 43.220000 2783.036200
124.010000 43.706000 2754.439000
124.090000 44.193000 2731.747000
124.160000 44.679000 2745.033000
124.240000 45.165000 2732.820000
124.320000 45.652000 2721.163000
124.400000 46.138000 2710.651000
124.490000 46.625000 2736.810000
124.570000 47.111000 2760.923800
124.660000 47.597000 2775.448000
124.750000 48.084000 2780.549600
124.850000 48.570000 2786.378500
124.940000 49.057000 2789.142440
125.040000 49.543000 2802.275000
125.140000 50.030000 2797.077000
124.240000 40.788000 2827.306000
124.310000 41.274000 2824.722000
124.380000 41.761000 2820.214000
124.450000 42.247000 2815.079800
124.530000 42.733000 2795.177000
124.600000 43.220000 2771.304000
124.680000 43.706000 2764.958500
124.760000 44.193000 2763.084000
124.840000 44.679000 2744.633000
124.920000 45.165000 2746.845000
125.010000 45.652000 2729.947000
125.100000 46.138000 2743.572000
125.190000 46.625000 2737.517000
125.280000 47.111000 2755.910000
125.380000 47.597000 2773.376900
125.470000 48.084000 2769.823000
125.570000 48.570000 2798.159100
125.680000 49.057000 2802.797300
125.780000 49.543000 2801.894100
125.890000 50.030000 2792.779320
124.880000 40.788000 2814.767500
124.950000 41.274000 2825.204000
125.020000 41.761000 2838.909000
125.100000 42.247000 2803.748200
125.180000 42.733000 2793.972300
125.260000 43.220000 2768.124000
125.340000 43.706000 2762.495300
125.430000 44.193000 2751.188230
125.520000 44.679000 2741.837100
125.600000 45.165000 2736.142500
125.700000 45.652000 2736.070000
125.790000 46.138000 2746.194000
125.890000 46.625000 2752.038000
125.990000 47.111000 2746.168200
126.090000 47.597000 2759.767700
126.190000 48.084000 2787.786800
126.300000 48.570000 2792.519000
126.410000 49.057000 2801.197100
126.520000 49.543000 2795.843000
126.640000 50.030000 2776.712000
125.510000 40.788000 2814.160100
125.590000 41.274000 2817.999500
125.670000 41.761000 2806.310000
125.750000 42.247000 2798.295800
125.830000 42.733000 2795.484000
125.920000 43.220000 2791.942600
126.010000 43.706000 2758.703000
126.100000 44.193000 2775.034900
126.190000 44.679000 2767.130100
126.290000 45.165000 2755.146000
126.380000 45.652000 2756.986200
126.480000 46.138000 2758.602100
126.590000 46.625000 2749.718600
126.690000 47.111000 2760.478300
126.800000 47.597000 2771.267000
126.910000 48.084000 2780.555300
127.030000 48.570000 2785.612000
127.140000 49.057000 2788.312000
127.260000 49.543000 2798.589600
127.390000 50.030000 2801.850000
126.140000 40.788000 2786.301000
126.230000 41.274000 2805.597900
126.310000 41.761000 2826.485000
126.400000 42.247000 2823.742900
126.490000 42.733000 2806.187800
126.580000 43.220000 2792.825000
126.670000 43.706000 2790.221000
126.770000 44.193000 2769.624000
126.870000 44.679000 2793.655200
126.970000 45.165000 2770.976000
127.070000 45.652000 2774.873000
127.180000 46.138000 2763.133000
127.290000 46.625000 2769.093000
127.400000 47.111000 2761.816000
127.510000 47.597000 2777.783100
127.630000 48.084000 2782.127000
127.750000 48.570000 2765.898000
127.880000 49.057000 2779.446000
128.000000 49.543000 2775.595600
128.140000 50.030000 2770.661000
126.780000 40.788000 2776.154000
126.870000 41.274000 2796.875200
126.960000 41.761000 2805.424100
127.050000 42.247000 2817.993000
127.140000 42.733000 2806.269700
127.240000 43.220000 2809.991400
127.340000 43.706000 2788.861000
127.440000 44.193000 2783.554000
127.540000 44.679000 2787.569000
127.650000 45.165000 2782.190000
127.760000 45.652000 2786.351000
127.870000 46.138000 2784.220000
127.990000 46.625000 2775.264000
128.100000 47.111000 2775.310000
128.230000 47.597000 2782.097000
128.350000 48.084000 2783.840000
128.480000 48.570000 2783.152000
128.610000 49.057000 2781.744000
128.740000 49.543000 2775.088000
128.880000 50.030000 2766.776800
127.410000 40.788000 2759.023000
127.510000 41.274000 2777.268000
127.600000 41.761000 2806.798400
127.700000 42.247000 2794.710600
127.800000 42.733000 2795.052700
127.900000 43.220000 2793.642000
128.000000 43.706000 2800.765000
128.110000 44.193000 2810.970000
128.220000 44.679000 2802.173000
128.330000 45.165000 2802.293300
128.450000 45.652000 2791.629200
128.560000 46.138000 2817.760000
128.690000 46.625000 2810.519000
128.810000 47.111000 2807.931200
128.940000 47.597000 2813.891900
129.070000 48.084000 2790.302000
129.200000 48.570000 2797.914000
129.340000 49.057000 2750.004000
129.480000 49.543000 2797.409400
129.630000 50.030000 2759.798000
128.050000 40.788000 2753.923000
128.140000 41.274000 2777.413200
128.240000 41.761000 2790.352300
128.350000 42.247000 2796.214600
128.450000 42.733000 2810.924300
128.560000 43.220000 2807.012000
128.670000 43.706000 2810.940000
128.780000 44.193000 2826.153000
128.890000 44.679000 2827.154100
129.010000 45.165000 2821.827700
129.130000 45.652000 2824.314700
129.260000 46.138000 2821.032300
129.390000 46.625000 2808.942600
129.520000 47.111000 2822.616900
129.650000 47.597000 2803.199000
129.790000 48.084000 2802.144800
129.930000 48.570000 2773.943000
128.680000 40.788000 2745.329000
128.780000 41.274000 2798.500000
128.890000 41.761000 2787.839000
128.990000 42.247000 2782.928800
129.100000 42.733000 2799.702000
129.220000 43.220000 2802.075000
129.330000 43.706000 2797.480000
129.450000 44.193000 2806.153300
129.570000 44.679000 2806.417700
129.690000 45.165000 2813.401000
129.820000 45.652000 2826.721900
129.950000 46.138000 2816.728000
129.320000 40.788000 2738.780000
129.420000 41.274000 2757.380000
129.530000 41.761000 2775.059000
129.640000 42.247000 2785.053000
129.760000 42.733000 2813.103500
129.880000 43.220000 2793.067000
130.000000 43.706000 2779.674000
129.950000 40.788000 2881.390000
