114.720000 40.788000 2732.189000
114.720000 41.274000 2771.234000
114.720000 41.761000 2788.932000
114.720000 42.247000 2768.849000
114.710000 42.733000 2783.985000
114.710000 43.220000 2768.174000
114.710000 43.706000 2782.375000
114.710000 44.193000 2775.724000
114.700000 44.679000 2780.074000
114.700000 45.165000 2761.053000
114.700000 45.652000 2751.265000
114.700000 46.138000 2769.635000
114.690000 46.625000 2788.248000
114.690000 47.111000 2775.476000
114.690000 47.597000 2784.699500
114.690000 48.084000 2769.378000
114.680000 48.570000 2738.274000
114.680000 49.057000 2734.402000
114.680000 49.543000 2750.839000
114.670000 50.030000 2719.860000
115.360000 40.788000 2807.673600
115.360000 41.274000 2822.119000
115.360000 41.761000 2819.721000
115.360000 42.247000 2793.894000
115.370000 42.733000 2803.592100
115.370000 43.220000 2802.265700
115.370000 43.706000 2820.191000
115.380000 44.193000 2808.414300
115.380000 44.679000 2812.781400
115.380000 45.165000 2808.082800
115.390000 45.652000 2795.940400
115.390000 46.138000 2802.866500
115.390000 46.625000 2804.071000
115.400000 47.111000 2793.968000
115.400000 47.597000 2812.215000
115.400000 48.084000 2806.375000
115.410000 48.570000 2758.682000
115.410000 49.057000 2764.804000
115.420000 49.543000 2793.576000
115.420000 50.030000 2762.584000
115.990000 40.788000 2822.431000
116.000000 41.274000 2806.768800
116.010000 41.761000 2796.534200
116.010000 42.247000 2792.339600
116.020000 42.733000 2803.706300
116.030000 43.220000 2807.132000
116.040000 43.706000 2797.597600
116.050000 44.193000 2809.994000
116.060000 44.679000 2808.624400
116.060000 45.165000 2821.632000
116.070000 45.652000 2805.255700
116.080000 46.138000 2795.885400
116.090000 46.625000 2799.514000
116.100000 47.111000 2793.373000
116.110000 47.597000 2782.830900
116.120000 48.084000 2791.716000
116.130000 48.570000 2800.635000
116.150000 49.057000 2787.881000
116.160000 49.543000 2776.469000
116.170000 50.030000 2755.587000
116.630000 40.788000 2825.664600
116.640000 41.274000 2799.079000
116.650000 41.761000 2786.198000
116.660000 42.247000 2797.409400
116.680000 42.733000 2811.226700
116.690000 43.220000 2828.938000
116.700000 43.706000 2819.262000
116.720000 44.193000 2818.445000
116.730000 44.679000 2822.736000
116.750000 45.165000 2806.584600
116.760000 45.652000 2804.140000
116.780000 46.138000 2805.914050
116.790000 46.625000 2806.742000
116.810000 47.111000 2795.540000
116.830000 47.597000 2783.494000
116.840000 48.084000 2792.466000
116.860000 48.570000 2804.727000
116.880000 49.057000 2808.141000
116.900000 49.543000 2758.356000
116.920000 50.030000 2746.303000
117.260000 40.788000 2854.488000
117.280000 41.274000 2832.785800
117.290000 41.761000 2788.105000
117.310000 42.247000 2795.116700
117.330000 42.733000 2801.298100
117.350000 43.220000 2814.229850
117.370000 43.706000 2797.339000
117.390000 44.193000 2825.851000
117.410000 44.679000 2808.748400
117.430000 45.165000 2806.051230
117.450000 45.652000 2808.629600
117.470000 46.138000 2808.119000
117.490000 46.625000 2810.488120
117.510000 47.111000 2805.688000
117.540000 47.597000 2801.323000
117.560000 48.084000 2792.761000
117.590000 48.570000 2805.398000
117.610000 49.057000 2817.430000
117.640000 49.543000 2805.722800
117.660000 50.030000 2766.529000
117.890000 40.788000 2845.952000
117.920000 41.274000 2824.341300
117.940000 41.761000 2793.003000
117.960000 42.247000 2793.628000
117.980000 42.733000 2800.494000
118.010000 43.220000 2803.958000
118.030000 43.706000 2802.537000
118.060000 44.193000 2805.485000
118.080000 44.679000 2821.090000
118.110000 45.165000 2810.019000
118.140000 45.652000 2812.708000
118.160000 46.138000 2808.069800
118.190000 46.625000 2812.322618
118.220000 47.111000 2809.580000
118.250000 47.597000 2806.837000
118.280000 48.084000 2805.731000
118.310000 48.570000 2809.599000
118.340000 49.057000 2801.661000
118.380000 49.543000 2826.737000
118.410000 50.030000 2801.865000
118.530000 40.788000 2849.727200
118.560000 41.274000 2826.667200
118.580000 41.761000 2812.457700
118.610000 42.247000 2819.493000
118.640000 42.733000 2803.290700
118.670000 43.220000 2823.998000
118.700000 43.706000 2830.004000
118.730000 44.193000 2808.630000
118.760000 44.679000 2817.358110
118.790000 45.165000 2820.920000
118.820000 45.652000 2803.030000
118.860000 46.138000 2807.560600
118.890000 46.625000 2818.890600
118.930000 47.111000 2814.054500
118.960000 47.597000 2833.182000
119.000000 48.084000 2824.452000
119.040000 48.570000 2819.582000
119.080000 49.057000 2821.207000
119.120000 49.543000 2806.922000
119.160000 50.030000 2827.516000
119.160000 40.788000 2841.021000
119.200000 41.274000 2844.042000
119.230000 41.761000 2831.147000
119.260000 42.247000 2815.794300
119.290000 42.733000 2811.437000
119.330000 43.220000 2827.590300
119.360000 43.706000 2828.729200
119.400000 44.193000 2811.833000
119.430000 44.679000 2793.941000
119.470000 45.165000 2807.190600
119.510000 45.652000 2832.274000
119.550000 46.138000 2825.208000
119.590000 46.625000 2825.436200
119.630000 47.111000 2817.882043
119.680000 47.597000 2830.929000
119.720000 48.084000 2821.981700
119.760000 48.570000 2825.148000
119.810000 49.057000 2819.041000
119.860000 49.543000 2832.985000
119.910000 50.030000 2801.548000
119.800000 40.788000 2845.488000
119.830000 41.274000 2859.440000
119.870000 41.761000 2822.475200
119.910000 42.247000 2811.253000
119.950000 42.733000 2832.419000
119.990000 43.220000 2829.547100
120.030000 43.706000 2816.361000
120.070000 44.193000 2828.292000
120.110000 44.679000 2817.178000
120.150000 45.165000 2817.728000
120.200000 45.652000 2815.549800
120.240000 46.138000 2815.520100
120.290000 46.625000 2808.017000
120.340000 47.111000 2808.547000
120.390000 47.597000 2823.087000
120.440000 48.084000 2831.777000
120.490000 48.570000 2829.809000
120.540000 49.057000 2823.695700
120.600000 49.543000 2834.643100
120.660000 50.030000 2815.757000
120.430000 40.788000 2823.350760
120.470000 41.274000 2835.204000
120.510000 41.761000 2821.093600
120.560000 42.247000 2808.335300
120.600000 42.733000 2807.442900
120.650000 43.220000 2815.578000
120.690000 43.706000 2817.468900
120.740000 44.193000 2823.547100
120.790000 44.679000 2821.614200
120.830000 45.165000 2817.765000
120.890000 45.652000 2841.085400
120.940000 46.138000 2831.449950
120.990000 46.625000 2821.803000
121.040000 47.111000 2810.641000
121.100000 47.597000 2812.788000
121.160000 48.084000 2821.924700
121.220000 48.570000 2817.733160
121.280000 49.057000 2828.614000
121.340000 49.543000 2833.597600
121.400000 50.030000 2811.668000
121.070000 40.788000 2832.462000
121.110000 41.274000 2836.507000
121.160000 41.761000 2822.833300
121.210000 42.247000 2812.183800
121.250000 42.733000 2798.384100
121.300000 43.220000 2794.526400
121.360000 43.706000 2809.961200
121.410000 44.193000 2816.741500
121.460000 44.679000 2835.345000
121.520000 45.165000 2841.624400
121.570000 45.652000 2832.216900
121.630000 46.138000 2838.513500
121.690000 46.625000 2848.485100
121.750000 47.111000 2843.357000
121.810000 47.597000 2817.702000
121.880000 48.084000 2824.426000
121.940000 48.570000 2822.883000
122.010000 49.057000 2822.286900
122.080000 49.543000 2830.960100
122.150000 50.030000 2806.444000
121.700000 40.788000 2818.873000
121.750000 41.274000 2815.636000
121.800000 41.761000 2814.725100
121.860000 42.247000 2812.490900
121.910000 42.733000 2804.666800
121.960000 43.220000 2808.563000
122.020000 43.706000 2814.844500
122.080000 44.193000 2821.017400
122.140000 44.679000 2833.608100
122.200000 45.165000 2830.493900
122.260000 45.652000 2835.509100
122.320000 46.138000 2855.116400
122.390000 46.625000 2844.263000
122.460000 47.111000 2844.822000
122.530000 47.597000 2851.643200
122.600000 48.084000 2847.720300
122.670000 48.570000 2825.526000
122.740000 49.057000 2823.596100
122.820000 49.543000 2832.384600
122.900000 50.030000 2819.359000
122.340000 40.788000 2819.752000
122.390000 41.274000 2807.586000
122.450000 41.761000 2826.369000
122.500000 42.247000 2818.742900
122.560000 42.733000 2809.686030
122.620000 43.220000 2811.609200
122.680000 43.706000 2816.936700
122.750000 44.193000 2831.831730
122.810000 44.679000 2834.670279
122.880000 45.165000 2809.964000
122.950000 45.652000 2832.111000
123.020000 46.138000 2845.512300
123.090000 46.625000 2838.243500
123.160000 47.111000 2839.746510
123.240000 47.597000 2846.943600
123.320000 48.084000 2869.864000
123.400000 48.570000 2841.964400
123.480000 49.057000 2836.380000
123.560000 49.543000 2834.278800
123.650000 50.030000 2834.463000
122.970000 40.788000 2824.378000
123.030000 41.274000 2834.205000
123.090000 41.761000 2828.488000
123.150000 42.247000 2835.971000
123.220000 42.733000 2834.731500
123.280000 43.220000 2837.450600
123.350000 43.706000 2821.531300
123.420000 44.193000 2824.217300
123.490000 44.679000 2827.543000
123.560000 45.165000 2812.373330
123.630000 45.652000 2804.993800
123.710000 46.138000 2822.567700
123.790000 46.625000 2824.372130
123.870000 47.111000 2833.612000
123.950000 47.597000 2831.084300
124.030000 48.084000 2834.718300
124.120000 48.570000 2836.616000
124.210000 49.057000 2841.941000
124.300000 49.543000 2859.174000
124.400000 50.030000 2838.140100
123.610000 40.788000 2848.994500
123.670000 41.274000 2856.486000
123.740000 41.761000 2854.052000
123.800000 42.247000 2838.292650
123.870000 42.733000 2827.512300
123.940000 43.220000 2822.518800
124.010000 43.706000 2806.059000
124.090000 44.193000 2796.382000
124.160000 44.679000 2806.292000
124.240000 45.165000 2794.136000
124.320000 45.652000 2797.545000
124.400000 46.138000 2789.354000
124.490000 46.625000 2820.546000
124.570000 47.111000 2835.173400
124.660000 47.597000 2840.282000
124.750000 48.084000 2833.350000
124.850000 48.570000 2834.450700
124.940000 49.057000 2829.799100
125.040000 49.543000 2844.275000
125.140000 50.030000 2844.700000
124.240000 40.788000 2850.458000
124.310000 41.274000 2850.585000
124.380000 41.761000 2846.449000
124.450000 42.247000 2848.441200
124.530000 42.733000 2843.328000
124.600000 43.220000 2829.590000
124.680000 43.706000 2817.826300
124.760000 44.193000 2809.373000
124.840000 44.679000 2793.562700
124.920000 45.165000 2799.241000
125.010000 45.652000 2793.449000
125.100000 46.138000 2809.426000
125.190000 46.625000 2810.520000
125.280000 47.111000 2823.641000
125.380000 47.597000 2827.836000
125.470000 48.084000 2810.779000
125.570000 48.570000 2838.448500
125.680000 49.057000 2847.452700
125.780000 49.543000 2848.902300
125.890000 50.030000 2842.903300
124.880000 40.788000 2840.090400
124.950000 41.274000 2853.463000
125.020000 41.761000 2868.777000
125.100000 42.247000 2850.701700
125.180000 42.733000 2843.608100
125.260000 43.220000 2818.421000
125.340000 43.706000 2814.681200
125.430000 44.193000 2801.755660
125.520000 44.679000 2796.950200
125.600000 45.165000 2798.011800
125.700000 45.652000 2799.973000
125.790000 46.138000 2815.747000
125.890000 46.625000 2825.165000
125.990000 47.111000 2818.718000
126.090000 47.597000 2815.406300
126.190000 48.084000 2831.371000
126.300000 48.570000 2828.827000
126.410000 49.057000 2840.869600
126.520000 49.543000 2838.707000
126.640000 50.030000 2825.288000
125.510000 40.788000 2842.561300
125.590000 41.274000 2843.282800
125.670000 41.761000 2838.438600
125.750000 42.247000 2826.510600
125.830000 42.733000 2828.433000
125.920000 43.220000 2835.868300
126.010000 43.706000 2815.552000
126.100000 44.193000 2835.851200
126.190000 44.679000 2817.246000
126.290000 45.165000 2803.480600
126.380000 45.652000 2808.395000
126.480000 46.138000 2815.581700
126.590000 46.625000 2808.850800
126.690000 47.111000 2822.212800
126.800000 47.597000 2827.803000
126.910000 48.084000 2827.767400
127.030000 48.570000 2830.732000
127.140000 49.057000 2828.522000
127.260000 49.543000 2834.936000
127.390000 50.030000 2849.815000
126.140000 40.788000 2813.784000
126.230000 41.274000 2833.368800
126.310000 41.761000 2856.660000
126.400000 42.247000 2851.433900
126.490000 42.733000 2838.310900
126.580000 43.220000 2825.097000
126.670000 43.706000 2832.218000
126.770000 44.193000 2808.782000
126.870000 44.679000 2832.831700
126.970000 45.165000 2813.055000
127.070000 45.652000 2814.333000
127.180000 46.138000 2814.578000
127.290000 46.625000 2820.482700
127.400000 47.111000 2815.075000
127.510000 47.597000 2835.411100
127.630000 48.084000 2832.690000
127.750000 48.570000 2815.077000
127.880000 49.057000 2824.266000
128.000000 49.543000 2822.677800
128.140000 50.030000 2828.023000
126.780000 40.788000 2803.337000
126.870000 41.274000 2826.019900
126.960000 41.761000 2834.103400
127.050000 42.247000 2849.823000
127.140000 42.733000 2839.433800
127.240000 43.220000 2839.240500
127.340000 43.706000 2819.850000
127.440000 44.193000 2818.027000
127.540000 44.679000 2826.859000
127.650000 45.165000 2824.795000
127.760000 45.652000 2833.003600
127.870000 46.138000 2833.171000
127.990000 46.625000 2829.436000
128.100000 47.111000 2824.863000
128.230000 47.597000 2829.859000
128.350000 48.084000 2829.024000
128.480000 48.570000 2830.410000
128.610000 49.057000 2828.190000
128.740000 49.543000 2829.858000
128.880000 50.030000 2812.217600
127.410000 40.788000 2793.415000
127.510000 41.274000 2818.790000
127.600000 41.761000 2848.603300
127.700000 42.247000 2834.781020
127.800000 42.733000 2840.016400
127.900000 43.220000 2830.564000
128.000000 43.706000 2833.519000
128.110000 44.193000 2850.936000
128.220000 44.679000 2848.475000
128.330000 45.165000 2843.473100
128.450000 45.652000 2839.994200
128.560000 46.138000 2867.077000
128.690000 46.625000 2855.768200
128.810000 47.111000 2847.527500
128.940000 47.597000 2855.962700
129.070000 48.084000 2836.150000
129.200000 48.570000 2841.640000
129.340000 49.057000 2814.175000
129.480000 49.543000 2810.166900
129.630000 50.030000 2771.851000
128.050000 40.788000 2804.164000
128.140000 41.274000 2825.621600
128.240000 41.761000 2840.303000
128.350000 42.247000 2849.632000
128.450000 42.733000 2857.578400
128.560000 43.220000 2847.837000
128.670000 43.706000 2849.333000
128.780000 44.193000 2876.136000
128.890000 44.679000 2875.303400
129.010000 45.165000 2864.807100
129.130000 45.652000 2876.210200
129.260000 46.138000 2873.857400
129.390000 46.625000 2869.220200
129.520000 47.111000 2869.227700
129.650000 47.597000 2852.026000
129.790000 48.084000 2850.417100
129.930000 48.570000 2832.107000
128.680000 40.788000 2817.096000
128.780000 41.274000 2861.330000
128.890000 41.761000 2854.619000
128.990000 42.247000 2840.240000
129.100000 42.733000 2847.260000
129.220000 43.220000 2841.699000
129.330000 43.706000 2848.951500
129.450000 44.193000 2858.124700
129.570000 44.679000 2854.581100
129.690000 45.165000 2852.917000
129.820000 45.652000 2874.135400
129.950000 46.138000 2864.127000
129.320000 40.788000 2829.082000
129.420000 41.274000 2844.984000
129.530000 41.761000 2859.301000
129.640000 42.247000 2856.105000
129.760000 42.733000 2862.131100
129.880000 43.220000 2829.230000
130.000000 43.706000 2819.395000
129.950000 40.788000 2975.199000
