114.720000 40.788000 2774.347000
114.720000 41.274000 2757.246000
114.720000 41.761000 2800.855000
114.720000 42.247000 2785.186000
114.710000 42.733000 2807.522000
114.710000 43.220000 2791.473000
114.710000 43.706000 2800.713000
114.710000 44.193000 2801.768000
114.700000 44.679000 2808.695000
114.700000 45.165000 2787.510000
114.700000 45.652000 2775.215000
114.700000 46.138000 2792.705000
114.690000 46.625000 2806.588200
114.690000 47.111000 2791.618000
114.690000 47.597000 2798.524000
114.690000 48.084000 2780.237000
114.680000 48.570000 2746.789000
114.680000 49.057000 2741.295000
114.680000 49.543000 2756.192000
114.670000 50.030000 2711.990000
115.360000 40.788000 2803.365000
115.360000 41.274000 2810.319000
115.360000 41.761000 2821.367300
115.360000 42.247000 2804.267000
115.370000 42.733000 2821.500418
115.370000 43.220000 2824.417600
115.370000 43.706000 2840.673200
115.380000 44.193000 2835.846700
115.380000 44.679000 2838.180300
115.380000 45.165000 2838.091600
115.390000 45.652000 2819.776700
115.390000 46.138000 2829.542000
115.390000 46.625000 2824.696000
115.400000 47.111000 2810.383000
115.400000 47.597000 2821.945000
115.400000 48.084000 2816.414040
115.410000 48.570000 2771.031000
115.410000 49.057000 2769.058000
115.420000 49.543000 2794.027000
115.420000 50.030000 2763.520000
115.990000 40.788000 2826.511000
116.000000 41.274000 2814.271690
116.010000 41.761000 2804.376500
116.010000 42.247000 2801.572600
116.020000 42.733000 2818.166800
116.030000 43.220000 2828.164600
116.040000 43.706000 2821.773970
116.050000 44.193000 2837.774000
116.060000 44.679000 2838.415400
116.060000 45.165000 2848.977000
116.070000 45.652000 2831.964200
116.080000 46.138000 2827.520300
116.090000 46.625000 2828.269000
116.100000 47.111000 2817.020000
116.110000 47.597000 2807.539000
116.120000 48.084000 2808.810000
116.130000 48.570000 2812.564000
116.150000 49.057000 2801.870000
116.160000 49.543000 2787.539000
116.170000 50.030000 2767.220000
116.630000 40.788000 2834.046400
116.640000 41.274000 2809.313000
116.650000 41.761000 2801.632000
116.660000 42.247000 2814.020400
116.680000 42.733000 2826.098400
116.690000 43.220000 2842.803000
116.700000 43.706000 2833.809000
116.720000 44.193000 2837.064000
116.730000 44.679000 2845.948000
116.750000 45.165000 2829.822200
116.760000 45.652000 2827.464400
116.780000 46.138000 2828.700000
116.790000 46.625000 2827.128000
116.810000 47.111000 2822.704000
116.830000 47.597000 2815.108000
116.840000 48.084000 2817.655000
116.860000 48.570000 2826.709000
116.880000 49.057000 2825.045700
116.900000 49.543000 2776.608000
116.920000 50.030000 2758.081000
117.260000 40.788000 2864.220000
117.280000 41.274000 2845.444900
117.290000 41.761000 2803.297000
117.310000 42.247000 2810.863300
117.330000 42.733000 2813.983000
117.350000 43.220000 2829.446000
117.370000 43.706000 2812.089000
117.390000 44.193000 2840.303000
117.410000 44.679000 2826.895600
117.430000 45.165000 2823.382870
117.450000 45.652000 2824.828700
117.470000 46.138000 2827.706000
117.490000 46.625000 2833.214700
117.510000 47.111000 2829.167000
117.540000 47.597000 2830.063000
117.560000 48.084000 2822.715000
117.590000 48.570000 2838.431000
117.610000 49.057000 2844.277000
117.640000 49.543000 2824.532300
117.660000 50.030000 2784.841000
117.890000 40.788000 2861.047000
117.920000 41.274000 2840.348400
117.940000 41.761000 2807.920000
117.960000 42.247000 2809.100000
117.980000 42.733000 2816.157000
118.010000 43.220000 2819.213000
118.030000 43.706000 2817.804000
118.060000 44.193000 2818.134000
118.080000 44.679000 2837.834000
118.110000 45.165000 2839.006000
118.140000 45.652000 2837.067000
118.160000 46.138000 2824.499110
118.190000 46.625000 2831.517400
118.220000 47.111000 2827.772000
118.250000 47.597000 2825.175000
118.280000 48.084000 2826.434000
118.310000 48.570000 2835.441000
118.340000 49.057000 2827.074900
118.380000 49.543000 2846.666100
118.410000 50.030000 2825.313000
118.530000 40.788000 2865.971700
118.560000 41.274000 2844.133900
118.580000 41.761000 2827.217900
118.610000 42.247000 2831.949000
118.640000 42.733000 2818.073900
118.670000 43.220000 2839.857000
118.700000 43.706000 2845.652000
118.730000 44.193000 2824.325000
118.760000 44.679000 2831.036160
118.790000 45.165000 2841.061000
118.820000 45.652000 2826.189000
118.860000 46.138000 2824.375600
118.890000 46.625000 2838.412100
118.930000 47.111000 2834.140200
118.960000 47.597000 2853.981000
119.000000 48.084000 2844.110000
119.040000 48.570000 2839.657000
119.080000 49.057000 2839.856000
119.120000 49.543000 2827.395600
119.160000 50.030000 2845.340000
119.160000 40.788000 2864.258000
119.200000 41.274000 2868.068000
119.230000 41.761000 2855.954000
119.260000 42.247000 2839.920920
119.290000 42.733000 2829.251000
119.330000 43.220000 2845.066800
119.360000 43.706000 2847.605000
119.400000 44.193000 2824.670000
119.430000 44.679000 2807.131000
119.470000 45.165000 2824.124400
119.510000 45.652000 2851.047000
119.550000 46.138000 2841.874000
119.590000 46.625000 2841.998400
119.630000 47.111000 2835.763571
119.680000 47.597000 2845.395000
119.720000 48.084000 2845.243000
119.760000 48.570000 2846.992000
119.810000 49.057000 2841.412000
119.860000 49.543000 2848.964000
119.910000 50.030000 2823.834000
119.800000 40.788000 2868.616000
119.830000 41.274000 2883.024000
119.870000 41.761000 2846.132800
119.910000 42.247000 2834.143700
119.950000 42.733000 2850.845000
119.990000 43.220000 2846.723200
120.030000 43.706000 2836.599000
120.070000 44.193000 2845.516000
120.110000 44.679000 2827.184000
120.150000 45.165000 2831.908000
120.200000 45.652000 2828.726000
120.240000 46.138000 2827.160000
120.290000 46.625000 2818.861000
120.340000 47.111000 2822.581000
120.390000 47.597000 2835.959000
120.440000 48.084000 2847.343000
120.490000 48.570000 2850.533000
120.540000 49.057000 2846.867300
120.600000 49.543000 2853.151200
120.660000 50.030000 2832.313000
120.430000 40.788000 2862.922680
120.470000 41.274000 2869.451000
120.510000 41.761000 2847.997900
120.560000 42.247000 2835.423500
120.600000 42.733000 2835.712800
120.650000 43.220000 2848.061000
120.690000 43.706000 2850.627900
120.740000 44.193000 2849.101470
120.790000 44.679000 2840.636000
120.830000 45.165000 2832.765000
120.890000 45.652000 2855.620000
120.940000 46.138000 2847.866260
120.990000 46.625000 2840.348000
121.040000 47.111000 2827.944000
121.100000 47.597000 2834.784000
121.160000 48.084000 2838.710200
121.220000 48.570000 2835.420980
121.280000 49.057000 2844.730000
121.340000 49.543000 2851.265400
121.400000 50.030000 2826.468000
121.070000 40.788000 2885.986000
121.110000 41.274000 2874.211000
121.160000 41.761000 2849.285500
121.210000 42.247000 2834.534120
121.250000 42.733000 2824.778600
121.300000 43.220000 2831.314300
121.360000 43.706000 2854.584800
121.410000 44.193000 2853.844400
121.460000 44.679000 2861.048400
121.520000 45.165000 2859.007600
121.570000 45.652000 2847.419500
121.630000 46.138000 2851.791500
121.690000 46.625000 2866.755300
121.750000 47.111000 2861.613000
121.810000 47.597000 2831.535000
121.880000 48.084000 2840.471000
121.940000 48.570000 2841.626000
122.010000 49.057000 2837.570200
122.080000 49.543000 2843.664690
122.150000 50.030000 2824.367000
121.700000 40.788000 2865.276000
121.750000 41.274000 2855.602000
121.800000 41.761000 2843.333000
121.860000 42.247000 2836.632800
121.910000 42.733000 2827.847400
121.960000 43.220000 2840.028000
122.020000 43.706000 2848.341000
122.080000 44.193000 2855.807570
122.140000 44.679000 2862.954000
122.200000 45.165000 2856.023300
122.260000 45.652000 2858.203300
122.320000 46.138000 2876.597400
122.390000 46.625000 2869.538000
122.460000 47.111000 2865.770000
122.530000 47.597000 2874.149600
122.600000 48.084000 2864.447100
122.670000 48.570000 2840.294000
122.740000 49.057000 2837.082600
122.820000 49.543000 2846.229500
122.900000 50.030000 2834.462000
122.340000 40.788000 2862.594000
122.390000 41.274000 2843.894000
122.450000 41.761000 2855.610000
122.500000 42.247000 2844.823800
122.560000 42.733000 2838.683560
122.620000 43.220000 2842.367300
122.680000 43.706000 2847.616100
122.750000 44.193000 2865.153810
122.810000 44.679000 2870.981330
122.880000 45.165000 2851.107000
122.950000 45.652000 2871.960000
123.020000 46.138000 2886.938000
123.090000 46.625000 2876.204700
123.160000 47.111000 2876.106020
123.240000 47.597000 2871.886100
123.320000 48.084000 2891.723000
123.400000 48.570000 2859.205800
123.480000 49.057000 2854.974800
123.560000 49.543000 2853.530700
123.650000 50.030000 2849.477300
122.970000 40.788000 2857.811000
123.030000 41.274000 2870.908000
123.090000 41.761000 2855.380000
123.150000 42.247000 2858.432000
123.220000 42.733000 2861.070500
123.280000 43.220000 2867.086200
123.350000 43.706000 2852.397800
123.420000 44.193000 2863.144000
123.490000 44.679000 2881.923000
123.560000 45.165000 2870.199400
123.630000 45.652000 2864.059400
123.710000 46.138000 2880.520100
123.790000 46.625000 2875.741600
123.870000 47.111000 2875.831700
123.950000 47.597000 2869.377200
124.030000 48.084000 2868.363300
124.120000 48.570000 2865.894200
124.210000 49.057000 2863.374000
124.300000 49.543000 2877.887000
124.400000 50.030000 2857.648900
123.610000 40.788000 2865.531100
123.670000 41.274000 2873.381000
123.740000 41.761000 2871.226000
123.800000 42.247000 2853.653500
123.870000 42.733000 2846.573400
123.940000 43.220000 2846.857700
124.010000 43.706000 2842.873000
124.090000 44.193000 2844.243000
124.160000 44.679000 2860.562000
124.240000 45.165000 2848.394000
124.320000 45.652000 2858.936000
124.400000 46.138000 2857.091000
124.490000 46.625000 2873.690000
124.570000 47.111000 2874.523000
124.660000 47.597000 2877.141000
124.750000 48.084000 2868.446000
124.850000 48.570000 2867.412000
124.940000 49.057000 2856.997900
125.040000 49.543000 2869.021000
125.140000 50.030000 2874.216000
124.240000 40.788000 2862.723000
124.310000 41.274000 2866.146000
124.380000 41.761000 2862.333000
124.450000 42.247000 2864.410100
124.530000 42.733000 2867.754000
124.600000 43.220000 2863.050000
124.680000 43.706000 2849.173900
124.760000 44.193000 2848.465000
124.840000 44.679000 2841.594000
124.920000 45.165000 2849.202000
125.010000 45.652000 2847.277000
125.100000 46.138000 2861.945000
125.190000 46.625000 2859.785000
125.280000 47.111000 2863.829000
125.380000 47.597000 2860.252000
125.470000 48.084000 2840.421400
125.570000 48.570000 2862.656700
125.680000 49.057000 2872.453300
125.780000 49.543000 2873.847000
125.890000 50.030000 2869.007100
124.880000 40.788000 2855.571900
124.950000 41.274000 2869.471000
125.020000 41.761000 2883.956000
125.100000 42.247000 2873.594600
125.180000 42.733000 2876.405600
125.260000 43.220000 2850.846000
125.340000 43.706000 2858.844700
125.430000 44.193000 2848.707000
125.520000 44.679000 2844.586800
125.600000 45.165000 2850.384400
125.700000 45.652000 2854.026000
125.790000 46.138000 2866.241000
125.890000 46.625000 2868.015000
125.990000 47.111000 2869.663000
126.090000 47.597000 2849.134500
126.190000 48.084000 2852.286500
126.300000 48.570000 2850.441000
126.410000 49.057000 2861.984500
126.520000 49.543000 2859.294000
126.640000 50.030000 2849.547000
125.510000 40.788000 2856.036800
125.590000 41.274000 2858.621800
125.670000 41.761000 2853.884000
125.750000 42.247000 2845.587700
125.830000 42.733000 2849.159000
125.920000 43.220000 2861.455300
126.010000 43.706000 2854.223000
126.100000 44.193000 2873.330560
126.190000 44.679000 2851.373700
126.290000 45.165000 2843.394900
126.380000 45.652000 2843.588100
126.480000 46.138000 2851.156300
126.590000 46.625000 2854.523500
126.690000 47.111000 2868.694700
126.800000 47.597000 2860.321000
126.910000 48.084000 2852.562600
127.030000 48.570000 2851.745000
127.140000 49.057000 2854.459000
127.260000 49.543000 2855.408450
127.390000 50.030000 2877.605400
126.140000 40.788000 2825.886000
126.230000 41.274000 2845.747400
126.310000 41.761000 2868.852000
126.400000 42.247000 2865.558400
126.490000 42.733000 2855.777500
126.580000 43.220000 2845.740000
126.670000 43.706000 2860.221600
126.770000 44.193000 2833.111000
126.870000 44.679000 2858.247500
126.970000 45.165000 2845.341000
127.070000 45.652000 2841.856000
127.180000 46.138000 2845.191000
127.290000 46.625000 2854.294500
127.400000 47.111000 2848.979000
127.510000 47.597000 2869.467000
127.630000 48.084000 2865.256000
127.750000 48.570000 2840.640000
127.880000 49.057000 2849.294000
128.000000 49.543000 2851.673800
128.140000 50.030000 2864.480000
126.780000 40.788000 2818.949000
126.870000 41.274000 2844.447100
126.960000 41.761000 2851.351200
127.050000 42.247000 2868.215000
127.140000 42.733000 2857.251900
127.240000 43.220000 2855.741900
127.340000 43.706000 2837.927000
127.440000 44.193000 2837.895000
127.540000 44.679000 2850.529000
127.650000 45.165000 2848.312000
127.760000 45.652000 2859.808100
127.870000 46.138000 2863.342000
127.990000 46.625000 2861.320000
128.100000 47.111000 2861.832000
128.230000 47.597000 2851.531000
128.350000 48.084000 2859.063000
128.480000 48.570000 2858.644000
128.610000 49.057000 2857.290000
128.740000 49.543000 2868.971000
128.880000 50.030000 2861.577300
127.410000 40.788000 2818.208000
127.510000 41.274000 2844.595000
127.600000 41.761000 2870.387000
127.700000 42.247000 2859.051400
127.800000 42.733000 2861.443200
127.900000 43.220000 2850.649000
128.000000 43.706000 2853.222000
128.110000 44.193000 2866.591000
128.220000 44.679000 2870.409000
128.330000 45.165000 2867.249600
128.450000 45.652000 2870.237000
128.560000 46.138000 2894.676000
128.690000 46.625000 2879.767500
128.810000 47.111000 2866.016600
128.940000 47.597000 2878.715500
129.070000 48.084000 2858.782000
129.200000 48.570000 2870.504000
129.340000 49.057000 2856.895000
129.480000 49.543000 2887.803400
129.630000 50.030000 2850.151000
128.050000 40.788000 2837.609000
128.140000 41.274000 2852.487700
128.240000 41.761000 2869.342000
128.350000 42.247000 2879.917000
128.450000 42.733000 2882.119100
128.560000 43.220000 2868.916000
128.670000 43.706000 2869.168000
128.780000 44.193000 2897.043000
128.890000 44.679000 2895.327000
129.010000 45.165000 2884.241800
129.130000 45.652000 2900.265900
129.260000 46.138000 2899.313200
129.390000 46.625000 2897.130200
129.520000 47.111000 2890.789500
129.650000 47.597000 2872.906000
129.790000 48.084000 2871.023700
129.930000 48.570000 2864.043000
128.680000 40.788000 2869.875000
128.780000 41.274000 2900.632600
128.890000 41.761000 2906.456000
128.990000 42.247000 2881.244200
129.100000 42.733000 2875.345000
129.220000 43.220000 2866.400300
129.330000 43.706000 2875.003400
129.450000 44.193000 2878.604200
129.570000 44.679000 2875.877500
129.690000 45.165000 2868.648000
129.820000 45.652000 2894.360100
129.950000 46.138000 2890.275000
129.320000 40.788000 2923.969700
129.420000 41.274000 2935.582700
129.530000 41.761000 2923.566000
129.640000 42.247000 2909.514000
129.760000 42.733000 2888.334400
129.880000 43.220000 2854.740000
130.000000 43.706000 2844.070000
129.950000 40.788000 3008.733000
