114.720000 40.788000 2810.316000
114.720000 41.274000 2739.700000
114.720000 41.761000 2812.015000
114.720000 42.247000 2799.396000
114.710000 42.733000 2829.998000
114.710000 43.220000 2814.167000
114.710000 43.706000 2821.563000
114.710000 44.193000 2826.090000
114.700000 44.679000 2834.556000
114.700000 45.165000 2815.251000
114.700000 45.652000 2803.133000
114.700000 46.138000 2815.029000
114.690000 46.625000 2825.824900
114.690000 47.111000 2814.475000
114.690000 47.597000 2812.927000
114.690000 48.084000 2803.651000
114.680000 48.570000 2782.904000
114.680000 49.057000 2774.217000
114.680000 49.543000 2794.344000
114.670000 50.030000 2757.270000
115.360000 40.788000 2797.859000
115.360000 41.274000 2800.457000
115.360000 41.761000 2832.590500
115.360000 42.247000 2816.197000
115.370000 42.733000 2839.406800
115.370000 43.220000 2845.419400
115.370000 43.706000 2858.306300
115.380000 44.193000 2856.199600
115.380000 44.679000 2864.844000
115.380000 45.165000 2864.848400
115.390000 45.652000 2845.854400
115.390000 46.138000 2856.019600
115.390000 46.625000 2848.774000
115.400000 47.111000 2832.365000
115.400000 47.597000 2837.514000
115.400000 48.084000 2835.545500
115.410000 48.570000 2811.185000
115.410000 49.057000 2802.041000
115.420000 49.543000 2828.954000
115.420000 50.030000 2809.438000
115.990000 40.788000 2831.586500
116.000000 41.274000 2822.318100
116.010000 41.761000 2816.253900
116.010000 42.247000 2813.688600
116.020000 42.733000 2833.218900
116.030000 43.220000 2850.521900
116.040000 43.706000 2847.761990
116.050000 44.193000 2864.166000
116.060000 44.679000 2869.832100
116.060000 45.165000 2875.589000
116.070000 45.652000 2858.687000
116.080000 46.138000 2855.351600
116.090000 46.625000 2859.613000
116.100000 47.111000 2845.901000
116.110000 47.597000 2836.144000
116.120000 48.084000 2829.502000
116.130000 48.570000 2830.406600
116.150000 49.057000 2826.316000
116.160000 49.543000 2817.595000
116.170000 50.030000 2799.577000
116.630000 40.788000 2847.406700
116.640000 41.274000 2826.741000
116.650000 41.761000 2816.792000
116.660000 42.247000 2830.572700
116.680000 42.733000 2838.453500
116.690000 43.220000 2859.079000
116.700000 43.706000 2847.447800
116.720000 44.193000 2849.317000
116.730000 44.679000 2867.171000
116.750000 45.165000 2857.291100
116.760000 45.652000 2848.832000
116.780000 46.138000 2855.918900
116.790000 46.625000 2853.945000
116.810000 47.111000 2851.122000
116.830000 47.597000 2853.379000
116.840000 48.084000 2851.379000
116.860000 48.570000 2849.811000
116.880000 49.057000 2844.256300
116.900000 49.543000 2806.734000
116.920000 50.030000 2793.499000
117.260000 40.788000 2876.054000
117.280000 41.274000 2860.593800
117.290000 41.761000 2825.983000
117.310000 42.247000 2827.914500
117.330000 42.733000 2829.370900
117.350000 43.220000 2844.753800
117.370000 43.706000 2829.100000
117.390000 44.193000 2855.224000
117.410000 44.679000 2846.940500
117.430000 45.165000 2843.518600
117.450000 45.652000 2840.947400
117.470000 46.138000 2849.665000
117.490000 46.625000 2852.103914
117.510000 47.111000 2854.493000
117.540000 47.597000 2859.747000
117.560000 48.084000 2857.349000
117.590000 48.570000 2872.423000
117.610000 49.057000 2875.021000
117.640000 49.543000 2849.164500
117.660000 50.030000 2819.578000
117.890000 40.788000 2875.397000
117.920000 41.274000 2858.543700
117.940000 41.761000 2827.928000
117.960000 42.247000 2825.687000
117.980000 42.733000 2832.431000
118.010000 43.220000 2835.969000
118.030000 43.706000 2835.289000
118.060000 44.193000 2833.896000
118.080000 44.679000 2856.051300
118.110000 45.165000 2862.723000
118.140000 45.652000 2858.865000
118.160000 46.138000 2844.701148
118.190000 46.625000 2852.119800
118.220000 47.111000 2850.775000
118.250000 47.597000 2847.398000
118.280000 48.084000 2852.477000
118.310000 48.570000 2866.788000
118.340000 49.057000 2859.212200
118.380000 49.543000 2868.975300
118.410000 50.030000 2848.618000
118.530000 40.788000 2880.415200
118.560000 41.274000 2858.810700
118.580000 41.761000 2841.562900
118.610000 42.247000 2850.070000
118.640000 42.733000 2839.966800
118.670000 43.220000 2860.719000
118.700000 43.706000 2860.516000
118.730000 44.193000 2838.760000
118.760000 44.679000 2846.791600
118.790000 45.165000 2858.852000
118.820000 45.652000 2855.184000
118.860000 46.138000 2847.300800
118.890000 46.625000 2857.521400
118.930000 47.111000 2857.813300
118.960000 47.597000 2875.381000
119.000000 48.084000 2865.670000
119.040000 48.570000 2859.916000
119.080000 49.057000 2867.710000
119.120000 49.543000 2854.792700
119.160000 50.030000 2868.265000
119.160000 40.788000 2885.689000
119.200000 41.274000 2888.135000
119.230000 41.761000 2875.279600
119.260000 42.247000 2864.989930
119.290000 42.733000 2853.392000
119.330000 43.220000 2868.564000
119.360000 43.706000 2870.220000
119.400000 44.193000 2842.574000
119.430000 44.679000 2823.640000
119.470000 45.165000 2841.137000
119.510000 45.652000 2869.347000
119.550000 46.138000 2858.504000
119.590000 46.625000 2859.658600
119.630000 47.111000 2853.983724
119.680000 47.597000 2864.860000
119.720000 48.084000 2868.509000
119.760000 48.570000 2869.722000
119.810000 49.057000 2864.482000
119.860000 49.543000 2868.539000
119.910000 50.030000 2843.600000
119.800000 40.788000 2892.995000
119.830000 41.274000 2904.337000
119.870000 41.761000 2870.777440
119.910000 42.247000 2856.814300
119.950000 42.733000 2870.843000
119.990000 43.220000 2869.896200
120.030000 43.706000 2861.190000
120.070000 44.193000 2862.589000
120.110000 44.679000 2843.855000
120.150000 45.165000 2849.796000
120.200000 45.652000 2847.886000
120.240000 46.138000 2849.023000
120.290000 46.625000 2834.864000
120.340000 47.111000 2841.856000
120.390000 47.597000 2856.376400
120.440000 48.084000 2868.743400
120.490000 48.570000 2872.365000
120.540000 49.057000 2867.182000
120.600000 49.543000 2869.904600
120.660000 50.030000 2848.245000
120.430000 40.788000 2899.276100
120.470000 41.274000 2899.592000
120.510000 41.761000 2873.901600
120.560000 42.247000 2867.257300
120.600000 42.733000 2869.682800
120.650000 43.220000 2884.261000
120.690000 43.706000 2889.371600
120.740000 44.193000 2880.834450
120.790000 44.679000 2867.768900
120.830000 45.165000 2853.538000
120.890000 45.652000 2874.739200
120.940000 46.138000 2869.670900
120.990000 46.625000 2863.022000
121.040000 47.111000 2849.353000
121.100000 47.597000 2856.396000
121.160000 48.084000 2860.984600
121.220000 48.570000 2858.001397
121.280000 49.057000 2866.400000
121.340000 49.543000 2870.207100
121.400000 50.030000 2844.653000
121.070000 40.788000 2932.894000
121.110000 41.274000 2915.827000
121.160000 41.761000 2879.328900
121.210000 42.247000 2865.106120
121.250000 42.733000 2855.464100
121.300000 43.220000 2875.140000
121.360000 43.706000 2899.014100
121.410000 44.193000 2897.973500
121.460000 44.679000 2892.278300
121.520000 45.165000 2882.623600
121.570000 45.652000 2871.459200
121.630000 46.138000 2870.476300
121.690000 46.625000 2887.002100
121.750000 47.111000 2882.084000
121.810000 47.597000 2856.727000
121.880000 48.084000 2868.445500
121.940000 48.570000 2862.196000
122.010000 49.057000 2858.956100
122.080000 49.543000 2862.041520
122.150000 50.030000 2845.064000
121.700000 40.788000 2927.297000
121.750000 41.274000 2901.115000
121.800000 41.761000 2880.631200
121.860000 42.247000 2865.629700
121.910000 42.733000 2865.312600
121.960000 43.220000 2886.659000
122.020000 43.706000 2888.400300
122.080000 44.193000 2896.197530
122.140000 44.679000 2898.905600
122.200000 45.165000 2891.428800
122.260000 45.652000 2886.862100
122.320000 46.138000 2898.490400
122.390000 46.625000 2889.730000
122.460000 47.111000 2890.598000
122.530000 47.597000 2896.091300
122.600000 48.084000 2885.375700
122.670000 48.570000 2860.563000
122.740000 49.057000 2856.439900
122.820000 49.543000 2864.232300
122.900000 50.030000 2859.719000
122.340000 40.788000 2911.497000
122.390000 41.274000 2888.280000
122.450000 41.761000 2888.145000
122.500000 42.247000 2877.968300
122.560000 42.733000 2878.792820
122.620000 43.220000 2881.260200
122.680000 43.706000 2883.729000
122.750000 44.193000 2897.414890
122.810000 44.679000 2910.010270
122.880000 45.165000 2898.692000
122.950000 45.652000 2912.491000
123.020000 46.138000 2927.866900
123.090000 46.625000 2915.780600
123.160000 47.111000 2913.852714
123.240000 47.597000 2903.136700
123.320000 48.084000 2911.696000
123.400000 48.570000 2883.545800
123.480000 49.057000 2878.061000
123.560000 49.543000 2874.082800
123.650000 50.030000 2864.760000
122.970000 40.788000 2889.801000
123.030000 41.274000 2917.198000
123.090000 41.761000 2893.116000
123.150000 42.247000 2888.966000
123.220000 42.733000 2895.015100
123.280000 43.220000 2903.694700
123.350000 43.706000 2888.935840
123.420000 44.193000 2901.622200
123.490000 44.679000 2929.808000
123.560000 45.165000 2924.662100
123.630000 45.652000 2914.380600
123.710000 46.138000 2930.359100
123.790000 46.625000 2924.107500
123.870000 47.111000 2922.511100
123.950000 47.597000 2912.387800
124.030000 48.084000 2907.694770
124.120000 48.570000 2897.403500
124.210000 49.057000 2892.175000
124.300000 49.543000 2900.668000
124.400000 50.030000 2880.748200
123.610000 40.788000 2884.940500
123.670000 41.274000 2894.249000
123.740000 41.761000 2896.506000
123.800000 42.247000 2876.247000
123.870000 42.733000 2875.654100
123.940000 43.220000 2881.934800
124.010000 43.706000 2888.951000
124.090000 44.193000 2900.511000
124.160000 44.679000 2923.596000
124.240000 45.165000 2912.660000
124.320000 45.652000 2925.949000
124.400000 46.138000 2923.327000
124.490000 46.625000 2919.571000
124.570000 47.111000 2916.742000
124.660000 47.597000 2917.854000
124.750000 48.084000 2913.075000
124.850000 48.570000 2907.134100
124.940000 49.057000 2891.396500
125.040000 49.543000 2901.360000
125.140000 50.030000 2907.726000
124.240000 40.788000 2883.398000
124.310000 41.274000 2886.225000
124.380000 41.761000 2883.312000
124.450000 42.247000 2885.795000
124.530000 42.733000 2895.557700
124.600000 43.220000 2893.410000
124.680000 43.706000 2883.872400
124.760000 44.193000 2898.921000
124.840000 44.679000 2905.633000
124.920000 45.165000 2911.348000
125.010000 45.652000 2910.489000
125.100000 46.138000 2922.378000
125.190000 46.625000 2915.293000
125.280000 47.111000 2911.728000
125.380000 47.597000 2898.973000
125.470000 48.084000 2879.710800
125.570000 48.570000 2890.753000
125.680000 49.057000 2901.433700
125.780000 49.543000 2904.925000
125.890000 50.030000 2896.062640
124.880000 40.788000 2875.407900
124.950000 41.274000 2888.379000
125.020000 41.761000 2906.177000
125.100000 42.247000 2899.418700
125.180000 42.733000 2910.647000
125.260000 43.220000 2890.774000
125.340000 43.706000 2913.197300
125.430000 44.193000 2911.621800
125.520000 44.679000 2910.753820
125.600000 45.165000 2917.519400
125.700000 45.652000 2921.752000
125.790000 46.138000 2926.488000
125.890000 46.625000 2921.952000
125.990000 47.111000 2920.753000
126.090000 47.597000 2891.570800
126.190000 48.084000 2884.893300
126.300000 48.570000 2880.884300
126.410000 49.057000 2893.687200
126.520000 49.543000 2884.423700
126.640000 50.030000 2876.374000
125.510000 40.788000 2876.301200
125.590000 41.274000 2877.763000
125.670000 41.761000 2873.644200
125.750000 42.247000 2875.897500
125.830000 42.733000 2883.900000
125.920000 43.220000 2899.985100
126.010000 43.706000 2899.023000
126.100000 44.193000 2918.708900
126.190000 44.679000 2899.266400
126.290000 45.165000 2901.736500
126.380000 45.652000 2898.366400
126.480000 46.138000 2903.516900
126.590000 46.625000 2910.834000
126.690000 47.111000 2918.624400
126.800000 47.597000 2900.376000
126.910000 48.084000 2889.777000
127.030000 48.570000 2881.128000
127.140000 49.057000 2887.841000
127.260000 49.543000 2884.984660
127.390000 50.030000 2911.822100
126.140000 40.788000 2845.098000
126.230000 41.274000 2862.893700
126.310000 41.761000 2887.901000
126.400000 42.247000 2885.894800
126.490000 42.733000 2885.399500
126.580000 43.220000 2875.166000
126.670000 43.706000 2889.656000
126.770000 44.193000 2867.362000
126.870000 44.679000 2897.922290
126.970000 45.165000 2885.860000
127.070000 45.652000 2882.367000
127.180000 46.138000 2890.287000
127.290000 46.625000 2898.894800
127.400000 47.111000 2891.540000
127.510000 47.597000 2909.410600
127.630000 48.084000 2907.103000
127.750000 48.570000 2884.535000
127.880000 49.057000 2886.101000
128.000000 49.543000 2889.860300
128.140000 50.030000 2906.233000
126.780000 40.788000 2847.303000
126.870000 41.274000 2866.993200
126.960000 41.761000 2868.580900
127.050000 42.247000 2892.254000
127.140000 42.733000 2886.841800
127.240000 43.220000 2878.188700
127.340000 43.706000 2871.276000
127.440000 44.193000 2865.564000
127.540000 44.679000 2883.371000
127.650000 45.165000 2881.474000
127.760000 45.652000 2902.534200
127.870000 46.138000 2903.949000
127.990000 46.625000 2899.505000
128.100000 47.111000 2903.187000
128.230000 47.597000 2884.311000
128.350000 48.084000 2897.448000
128.480000 48.570000 2896.489000
128.610000 49.057000 2897.809000
128.740000 49.543000 2912.940000
128.880000 50.030000 2872.049700
127.410000 40.788000 2850.923000
127.510000 41.274000 2870.303000
127.600000 41.761000 2890.415300
127.700000 42.247000 2891.573800
127.800000 42.733000 2888.519000
127.900000 43.220000 2881.300000
128.000000 43.706000 2874.777000
128.110000 44.193000 2885.040000
128.220000 44.679000 2892.179000
128.330000 45.165000 2898.270100
128.450000 45.652000 2908.014300
128.560000 46.138000 2923.386000
128.690000 46.625000 2902.836900
128.810000 47.111000 2888.285600
128.940000 47.597000 2904.799300
129.070000 48.084000 2887.664000
129.200000 48.570000 2898.685000
129.340000 49.057000 2902.597000
129.480000 49.543000 2891.284100
129.630000 50.030000 2851.787000
128.050000 40.788000 2864.840000
128.140000 41.274000 2878.518700
128.240000 41.761000 2896.878000
128.350000 42.247000 2910.504000
128.450000 42.733000 2910.616300
128.560000 43.220000 2893.920000
128.670000 43.706000 2890.455000
128.780000 44.193000 2917.656800
128.890000 44.679000 2915.974800
129.010000 45.165000 2899.869600
129.130000 45.652000 2917.839260
129.260000 46.138000 2923.153800
129.390000 46.625000 2920.366400
129.520000 47.111000 2912.198200
129.650000 47.597000 2891.969000
129.790000 48.084000 2894.884500
129.930000 48.570000 2893.132000
128.680000 40.788000 2922.947000
128.780000 41.274000 2942.420300
128.890000 41.761000 2953.922000
128.990000 42.247000 2923.059900
129.100000 42.733000 2909.782000
129.220000 43.220000 2901.252200
129.330000 43.706000 2909.663100
129.450000 44.193000 2901.463500
129.570000 44.679000 2897.150500
129.690000 45.165000 2887.375000
129.820000 45.652000 2914.594000
129.950000 46.138000 2913.797000
129.320000 40.788000 3055.704000
129.420000 41.274000 3062.472300
129.530000 41.761000 2993.263000
129.640000 42.247000 2960.554000
129.760000 42.733000 2921.275500
129.880000 43.220000 2893.821000
130.000000 43.706000 2875.211000
129.950000 40.788000 3114.204000
