114.720000 40.788000 2848.972000
114.720000 41.274000 2742.280000
114.720000 41.761000 2832.973000
114.720000 42.247000 2819.080000
114.710000 42.733000 2855.418000
114.710000 43.220000 2847.734000
114.710000 43.706000 2850.746000
114.710000 44.193000 2856.164000
114.700000 44.679000 2867.772000
114.700000 45.165000 2852.643000
114.700000 45.652000 2842.371000
114.700000 46.138000 2852.909000
114.690000 46.625000 2863.193000
114.690000 47.111000 2850.682000
114.690000 47.597000 2841.561000
114.690000 48.084000 2830.111000
114.680000 48.570000 2788.018000
114.680000 49.057000 2777.053000
114.680000 49.543000 2791.313000
114.670000 50.030000 2758.440000
115.360000 40.788000 2806.914000
115.360000 41.274000 2799.666000
115.360000 41.761000 2848.942000
115.360000 42.247000 2836.397000
115.370000 42.733000 2864.861100
115.370000 43.220000 2874.081300
115.370000 43.706000 2882.208600
115.380000 44.193000 2880.666400
115.380000 44.679000 2891.933000
115.380000 45.165000 2898.549300
115.390000 45.652000 2879.911700
115.390000 46.138000 2890.850600
115.390000 46.625000 2885.770000
115.400000 47.111000 2871.263000
115.400000 47.597000 2864.593000
115.400000 48.084000 2859.093500
115.410000 48.570000 2812.880000
115.410000 49.057000 2804.009000
115.420000 49.543000 2826.141000
115.420000 50.030000 2810.780000
115.990000 40.788000 2853.730300
116.000000 41.274000 2845.684200
116.010000 41.761000 2839.601000
116.010000 42.247000 2843.275400
116.020000 42.733000 2861.481600
116.030000 43.220000 2877.313300
116.040000 43.706000 2883.846200
116.050000 44.193000 2898.527000
116.060000 44.679000 2899.531500
116.060000 45.165000 2907.138000
116.070000 45.652000 2887.868500
116.080000 46.138000 2891.861800
116.090000 46.625000 2900.765000
116.100000 47.111000 2890.895000
116.110000 47.597000 2879.565000
116.120000 48.084000 2872.407000
116.130000 48.570000 2858.799500
116.150000 49.057000 2836.253000
116.160000 49.543000 2821.817000
116.170000 50.030000 2803.826000
116.630000 40.788000 2869.013000
116.640000 41.274000 2857.473000
116.650000 41.761000 2848.662000
116.660000 42.247000 2857.380500
116.680000 42.733000 2859.447400
116.690000 43.220000 2881.896000
116.700000 43.706000 2877.303200
116.720000 44.193000 2874.557000
116.730000 44.679000 2897.432000
116.750000 45.165000 2896.614500
116.760000 45.652000 2882.046500
116.780000 46.138000 2892.816700
116.790000 46.625000 2890.838000
116.810000 47.111000 2897.355000
116.830000 47.597000 2903.485000
116.840000 48.084000 2905.448000
116.860000 48.570000 2893.563000
116.880000 49.057000 2874.593300
116.900000 49.543000 2812.315000
116.920000 50.030000 2799.558000
117.260000 40.788000 2901.701000
117.280000 41.274000 2887.518688
117.290000 41.761000 2862.925000
117.310000 42.247000 2855.243700
117.330000 42.733000 2852.306900
117.350000 43.220000 2869.812950
117.370000 43.706000 2859.115000
117.390000 44.193000 2880.919000
117.410000 44.679000 2877.559400
117.430000 45.165000 2877.237500
117.450000 45.652000 2876.700400
117.470000 46.138000 2884.007000
117.490000 46.625000 2888.292200
117.510000 47.111000 2897.089000
117.540000 47.597000 2906.291000
117.560000 48.084000 2907.956000
117.590000 48.570000 2913.120000
117.610000 49.057000 2918.204000
117.640000 49.543000 2879.826200
117.660000 50.030000 2839.039000
117.890000 40.788000 2899.784100
117.920000 41.274000 2888.616200
117.940000 41.761000 2863.068000
117.960000 42.247000 2855.025000
117.980000 42.733000 2862.419000
118.010000 43.220000 2866.573000
118.030000 43.706000 2863.542000
118.060000 44.193000 2863.398000
118.080000 44.679000 2883.621000
118.110000 45.165000 2891.349200
118.140000 45.652000 2886.386400
118.160000 46.138000 2875.552800
118.190000 46.625000 2886.948210
118.220000 47.111000 2890.830000
118.250000 47.597000 2894.019000
118.280000 48.084000 2899.856000
118.310000 48.570000 2911.897000
118.340000 49.057000 2906.743300
118.380000 49.543000 2904.338300
118.410000 50.030000 2883.314000
118.530000 40.788000 2899.470300
118.560000 41.274000 2882.337000
118.580000 41.761000 2865.458300
118.610000 42.247000 2879.022000
118.640000 42.733000 2874.322400
118.670000 43.220000 2893.672000
118.700000 43.706000 2890.169000
118.730000 44.193000 2864.652000
118.760000 44.679000 2874.516100
118.790000 45.165000 2889.799000
118.820000 45.652000 2896.524000
118.860000 46.138000 2882.661427
118.890000 46.625000 2888.634600
118.930000 47.111000 2897.100600
118.960000 47.597000 2904.490000
119.000000 48.084000 2897.699000
119.040000 48.570000 2902.817000
119.080000 49.057000 2917.275000
119.120000 49.543000 2898.699100
119.160000 50.030000 2907.652600
119.160000 40.788000 2914.664000
119.200000 41.274000 2913.151000
119.230000 41.761000 2900.835000
119.260000 42.247000 2900.734920
119.290000 42.733000 2895.848000
119.330000 43.220000 2914.544200
119.360000 43.706000 2907.953000
119.400000 44.193000 2878.031000
119.430000 44.679000 2856.130000
119.470000 45.165000 2872.471000
119.510000 45.652000 2899.497000
119.550000 46.138000 2889.386000
119.590000 46.625000 2890.739000
119.630000 47.111000 2882.494900
119.680000 47.597000 2898.087000
119.720000 48.084000 2909.695000
119.760000 48.570000 2910.599000
119.810000 49.057000 2898.944000
119.860000 49.543000 2897.764000
119.910000 50.030000 2874.061000
119.800000 40.788000 2927.472000
119.830000 41.274000 2933.012000
119.870000 41.761000 2905.499540
119.910000 42.247000 2896.337000
119.950000 42.733000 2911.607000
119.990000 43.220000 2909.900700
120.030000 43.706000 2902.250000
120.070000 44.193000 2891.280000
120.110000 44.679000 2871.494000
120.150000 45.165000 2882.004000
120.200000 45.652000 2883.219000
120.240000 46.138000 2885.700000
120.290000 46.625000 2865.493000
120.340000 47.111000 2872.316000
120.390000 47.597000 2893.899200
120.440000 48.084000 2913.177000
120.490000 48.570000 2908.152000
120.540000 49.057000 2900.949800
120.600000 49.543000 2897.751500
120.660000 50.030000 2875.681000
120.430000 40.788000 2939.768200
120.470000 41.274000 2941.674000
120.510000 41.761000 2913.309300
120.560000 42.247000 2911.556300
120.600000 42.733000 2919.384200
120.650000 43.220000 2938.948000
120.690000 43.706000 2946.044400
120.740000 44.193000 2934.184840
120.790000 44.679000 2913.783200
120.830000 45.165000 2891.694000
120.890000 45.652000 2910.166700
120.940000 46.138000 2907.434800
120.990000 46.625000 2895.876000
121.040000 47.111000 2884.443000
121.100000 47.597000 2893.468000
121.160000 48.084000 2901.963000
121.220000 48.570000 2894.537800
121.280000 49.057000 2904.155000
121.340000 49.543000 2898.929800
121.400000 50.030000 2879.417000
121.070000 40.788000 2980.931000
121.110000 41.274000 2971.247000
121.160000 41.761000 2931.170400
121.210000 42.247000 2914.206840
121.250000 42.733000 2904.586400
121.300000 43.220000 2939.794200
121.360000 43.706000 2952.049900
121.410000 44.193000 2950.904700
121.460000 44.679000 2942.631800
121.520000 45.165000 2925.002330
121.570000 45.652000 2917.184900
121.630000 46.138000 2911.321600
121.690000 46.625000 2920.934100
121.750000 47.111000 2913.534000
121.810000 47.597000 2895.809000
121.880000 48.084000 2914.636500
121.940000 48.570000 2890.406000
122.010000 49.057000 2897.008000
122.080000 49.543000 2894.894000
122.150000 50.030000 2881.023000
121.700000 40.788000 3016.779000
121.750000 41.274000 2973.909000
121.800000 41.761000 2942.377000
121.860000 42.247000 2917.231150
121.910000 42.733000 2930.592500
121.960000 43.220000 2954.759000
122.020000 43.706000 2949.537200
122.080000 44.193000 2954.108900
122.140000 44.679000 2951.315300
122.200000 45.165000 2948.905800
122.260000 45.652000 2935.329700
122.320000 46.138000 2936.273800
122.390000 46.625000 2918.639000
122.460000 47.111000 2931.188000
122.530000 47.597000 2928.128900
122.600000 48.084000 2921.276700
122.670000 48.570000 2896.025000
122.740000 49.057000 2893.265000
122.820000 49.543000 2899.030300
122.900000 50.030000 2895.442000
122.340000 40.788000 2991.906000
122.390000 41.274000 2960.735000
122.450000 41.761000 2944.476000
122.500000 42.247000 2929.587200
122.560000 42.733000 2945.356740
122.620000 43.220000 2948.995990
122.680000 43.706000 2943.898300
122.750000 44.193000 2943.073840
122.810000 44.679000 2962.095503
122.880000 45.165000 2957.969000
122.950000 45.652000 2964.298000
123.020000 46.138000 2973.979500
123.090000 46.625000 2967.818500
123.160000 47.111000 2963.737220
123.240000 47.597000 2950.181800
123.320000 48.084000 2950.870000
123.400000 48.570000 2921.965300
123.480000 49.057000 2918.507500
123.560000 49.543000 2910.847600
123.650000 50.030000 2898.289800
122.970000 40.788000 2934.522900
123.030000 41.274000 2978.910000
123.090000 41.761000 2952.079000
123.150000 42.247000 2941.507000
123.220000 42.733000 2949.652200
123.280000 43.220000 2961.280000
123.350000 43.706000 2940.666150
123.420000 44.193000 2957.191500
123.490000 44.679000 2989.852000
123.560000 45.165000 2983.549700
123.630000 45.652000 2974.290750
123.710000 46.138000 2985.716500
123.790000 46.625000 2982.761600
123.870000 47.111000 2982.152300
123.950000 47.597000 2972.711300
124.030000 48.084000 2959.552600
124.120000 48.570000 2942.906400
124.210000 49.057000 2941.741000
124.300000 49.543000 2937.622000
124.400000 50.030000 2921.598400
123.610000 40.788000 2921.838900
123.670000 41.274000 2932.634000
123.740000 41.761000 2939.667000
123.800000 42.247000 2918.720500
123.870000 42.733000 2925.015900
123.940000 43.220000 2945.366500
124.010000 43.706000 2969.264000
124.090000 44.193000 2983.587000
124.160000 44.679000 3019.488000
124.240000 45.165000 3007.452000
124.320000 45.652000 3019.917000
124.400000 46.138000 3013.819000
124.490000 46.625000 2985.958000
124.570000 47.111000 2980.366700
124.660000 47.597000 2985.723000
124.750000 48.084000 2984.277600
124.850000 48.570000 2969.051700
124.940000 49.057000 2948.140900
125.040000 49.543000 2947.181000
125.140000 50.030000 2962.291000
124.240000 40.788000 2921.083000
124.310000 41.274000 2928.113000
124.380000 41.761000 2919.632000
124.450000 42.247000 2921.882780
124.530000 42.733000 2931.947000
124.600000 43.220000 2936.637000
124.680000 43.706000 2947.663600
124.760000 44.193000 2982.584000
124.840000 44.679000 3003.952000
124.920000 45.165000 3015.034000
125.010000 45.652000 3016.364000
125.100000 46.138000 3019.911000
125.190000 46.625000 2999.385000
125.280000 47.111000 2989.994000
125.380000 47.597000 2963.999000
125.470000 48.084000 2948.136800
125.570000 48.570000 2938.464000
125.680000 49.057000 2945.233800
125.780000 49.543000 2953.985100
125.890000 50.030000 2939.141379
124.880000 40.788000 2911.067000
124.950000 41.274000 2923.479000
125.020000 41.761000 2938.726000
125.100000 42.247000 2938.777800
125.180000 42.733000 2961.575800
125.260000 43.220000 2954.926000
125.340000 43.706000 3013.136500
125.430000 44.193000 3021.499000
125.520000 44.679000 3006.937610
125.600000 45.165000 3020.597800
125.700000 45.652000 3038.601000
125.790000 46.138000 3021.724000
125.890000 46.625000 3006.892000
125.990000 47.111000 2993.345000
126.090000 47.597000 2964.158900
126.190000 48.084000 2951.255100
126.300000 48.570000 2936.164000
126.410000 49.057000 2944.357800
126.520000 49.543000 2928.145000
126.640000 50.030000 2916.401000
125.510000 40.788000 2911.123500
125.590000 41.274000 2909.409300
125.670000 41.761000 2911.176000
125.750000 42.247000 2929.599800
125.830000 42.733000 2946.551000
125.920000 43.220000 2967.250700
126.010000 43.706000 2978.925000
126.100000 44.193000 3001.009700
126.190000 44.679000 2987.079300
126.290000 45.165000 3004.728200
126.380000 45.652000 3017.809000
126.480000 46.138000 2997.036900
126.590000 46.625000 2991.124500
126.690000 47.111000 2991.815500
126.800000 47.597000 2966.659000
126.910000 48.084000 2962.391200
127.030000 48.570000 2946.609000
127.140000 49.057000 2950.457500
127.260000 49.543000 2939.423900
127.390000 50.030000 2966.377200
126.140000 40.788000 2879.981000
126.230000 41.274000 2899.292600
126.310000 41.761000 2924.293000
126.400000 42.247000 2925.437600
126.490000 42.733000 2933.004400
126.580000 43.220000 2931.896000
126.670000 43.706000 2944.188000
126.770000 44.193000 2939.663000
126.870000 44.679000 2974.199800
126.970000 45.165000 3000.596000
127.070000 45.652000 2987.205000
127.180000 46.138000 2972.852000
127.290000 46.625000 2966.981400
127.400000 47.111000 2959.226000
127.510000 47.597000 2975.033100
127.630000 48.084000 2984.563000
127.750000 48.570000 2959.185000
127.880000 49.057000 2951.310000
128.000000 49.543000 2956.320600
128.140000 50.030000 2967.205000
126.780000 40.788000 2893.458000
126.870000 41.274000 2902.696400
126.960000 41.761000 2898.591900
127.050000 42.247000 2934.005000
127.140000 42.733000 2939.729100
127.240000 43.220000 2923.157200
127.340000 43.706000 2931.589000
127.440000 44.193000 2916.847000
127.540000 44.679000 2941.965000
127.650000 45.165000 2946.229000
127.760000 45.652000 2974.480000
127.870000 46.138000 2973.521000
127.990000 46.625000 2954.266000
128.100000 47.111000 2963.366000
128.230000 47.597000 2944.397000
128.350000 48.084000 2963.171000
128.480000 48.570000 2957.094000
128.610000 49.057000 2961.127000
128.740000 49.543000 2980.758000
128.880000 50.030000 2992.561700
127.410000 40.788000 2889.414000
127.510000 41.274000 2901.052000
127.600000 41.761000 2921.097000
127.700000 42.247000 2935.103600
127.800000 42.733000 2926.911300
127.900000 43.220000 2927.566000
128.000000 43.706000 2921.060000
128.110000 44.193000 2918.016000
128.220000 44.679000 2927.416000
128.330000 45.165000 2946.291300
128.450000 45.652000 2960.468100
128.560000 46.138000 2968.213200
128.690000 46.625000 2941.439800
128.810000 47.111000 2929.648000
128.940000 47.597000 2949.913900
129.070000 48.084000 2935.804000
129.200000 48.570000 2940.555000
129.340000 49.057000 2967.009000
129.480000 49.543000 2937.018400
129.630000 50.030000 2913.597000
128.050000 40.788000 2892.198000
128.140000 41.274000 2909.027700
128.240000 41.761000 2931.543000
128.350000 42.247000 2952.050000
128.450000 42.733000 2953.724500
128.560000 43.220000 2934.017000
128.670000 43.706000 2926.234000
128.780000 44.193000 2942.062000
128.890000 44.679000 2941.337500
129.010000 45.165000 2925.386300
129.130000 45.652000 2944.896300
129.260000 46.138000 2959.944000
129.390000 46.625000 2953.010600
129.520000 47.111000 2946.890300
129.650000 47.597000 2923.467000
129.790000 48.084000 2926.095800
129.930000 48.570000 2933.057000
128.680000 40.788000 2980.936000
128.780000 41.274000 2975.783000
128.890000 41.761000 3000.110000
128.990000 42.247000 2973.702200
129.100000 42.733000 2957.603000
129.220000 43.220000 2955.548000
129.330000 43.706000 2966.316300
129.450000 44.193000 2939.512400
129.570000 44.679000 2927.115300
129.690000 45.165000 2915.657000
129.820000 45.652000 2945.856100
129.950000 46.138000 2953.582000
129.320000 40.788000 3157.987000
129.420000 41.274000 3160.579200
129.530000 41.761000 3060.916000
129.640000 42.247000 3039.964000
129.760000 42.733000 2974.458600
129.880000 43.220000 2961.340000
130.000000 43.706000 2935.494000
129.950000 40.788000 3158.378000
