114.720000 40.788000 2895.671000
114.720000 41.274000 2776.660000
114.720000 41.761000 2866.254000
114.720000 42.247000 2851.275000
114.710000 42.733000 2894.687000
114.710000 43.220000 2894.174000
114.710000 43.706000 2896.596000
114.710000 44.193000 2901.265000
114.700000 44.679000 2913.826000
114.700000 45.165000 2904.074000
114.700000 45.652000 2899.169000
114.700000 46.138000 2911.488000
114.690000 46.625000 2917.257900
114.690000 47.111000 2908.235500
114.690000 47.597000 2895.475200
114.690000 48.084000 2871.503000
114.680000 48.570000 2793.760000
114.680000 49.057000 2782.357000
114.680000 49.543000 2797.629000
114.670000 50.030000 2762.620000
115.360000 40.788000 2833.629000
115.360000 41.274000 2822.563000
115.360000 41.761000 2886.218000
115.360000 42.247000 2878.317000
115.370000 42.733000 2910.881600
115.370000 43.220000 2918.899800
115.370000 43.706000 2914.752400
115.380000 44.193000 2919.377100
115.380000 44.679000 2932.741400
115.380000 45.165000 2939.202000
115.390000 45.652000 2931.416400
115.390000 46.138000 2946.942000
115.390000 46.625000 2950.249000
115.400000 47.111000 2937.444000
115.400000 47.597000 2917.058000
115.400000 48.084000 2895.923200
115.410000 48.570000 2819.481000
115.410000 49.057000 2806.645000
115.420000 49.543000 2822.936000
115.420000 50.030000 2814.702000
115.990000 40.788000 2891.105100
116.000000 41.274000 2892.739400
116.010000 41.761000 2887.268000
116.010000 42.247000 2891.952300
116.020000 42.733000 2913.834800
116.030000 43.220000 2927.866900
116.040000 43.706000 2930.932800
116.050000 44.193000 2942.012200
116.060000 44.679000 2940.887700
116.060000 45.165000 2948.819000
116.070000 45.652000 2936.722600
116.080000 46.138000 2942.822500
116.090000 46.625000 2966.719000
116.100000 47.111000 2971.386000
116.110000 47.597000 2958.228000
116.120000 48.084000 2945.859000
116.130000 48.570000 2920.283900
116.150000 49.057000 2868.407000
116.160000 49.543000 2824.372000
116.170000 50.030000 2804.460000
116.630000 40.788000 2912.141500
116.640000 41.274000 2911.202000
116.650000 41.761000 2903.848000
116.660000 42.247000 2903.983900
116.680000 42.733000 2900.386400
116.690000 43.220000 2923.260000
116.700000 43.706000 2928.013800
116.720000 44.193000 2924.104500
116.730000 44.679000 2946.123000
116.750000 45.165000 2956.778700
116.760000 45.652000 2934.681300
116.780000 46.138000 2948.844900
116.790000 46.625000 2947.108400
116.810000 47.111000 2971.090000
116.830000 47.597000 2970.249000
116.840000 48.084000 2982.687000
116.860000 48.570000 2976.593000
116.880000 49.057000 2930.146400
116.900000 49.543000 2843.630000
116.920000 50.030000 2807.621000
117.260000 40.788000 2956.727000
117.280000 41.274000 2939.377060
117.290000 41.761000 2920.551000
117.310000 42.247000 2905.290000
117.330000 42.733000 2895.527100
117.350000 43.220000 2913.014300
117.370000 43.706000 2904.104000
117.390000 44.193000 2927.101200
117.410000 44.679000 2931.832500
117.430000 45.165000 2933.731600
117.450000 45.652000 2937.684000
117.470000 46.138000 2943.285000
117.490000 46.625000 2948.094049
117.510000 47.111000 2971.124000
117.540000 47.597000 2980.675000
117.560000 48.084000 2989.940000
117.590000 48.570000 2977.393000
117.610000 49.057000 2984.264000
117.640000 49.543000 2933.659000
117.660000 50.030000 2869.252000
117.890000 40.788000 2947.903100
117.920000 41.274000 2940.169500
117.940000 41.761000 2918.308000
117.960000 42.247000 2911.356000
117.980000 42.733000 2921.892900
118.010000 43.220000 2927.911000
118.030000 43.706000 2916.878000
118.060000 44.193000 2914.849000
118.080000 44.679000 2930.956100
118.110000 45.165000 2938.170000
118.140000 45.652000 2934.925900
118.160000 46.138000 2929.754366
118.190000 46.625000 2938.939950
118.220000 47.111000 2960.495000
118.250000 47.597000 2977.521000
118.280000 48.084000 2989.322000
118.310000 48.570000 2985.136000
118.340000 49.057000 2981.157300
118.380000 49.543000 2966.113200
118.410000 50.030000 2936.409000
118.530000 40.788000 2984.319500
118.560000 41.274000 2946.607700
118.580000 41.761000 2942.611100
118.610000 42.247000 2978.470300
118.640000 42.733000 3013.541000
118.670000 43.220000 3028.337000
118.700000 43.706000 2974.132000
118.730000 44.193000 2917.388000
118.760000 44.679000 2919.853100
118.790000 45.165000 2940.219000
118.820000 45.652000 2957.343000
118.860000 46.138000 2941.031300
118.890000 46.625000 2942.879500
118.930000 47.111000 2955.173000
118.960000 47.597000 2956.307000
119.000000 48.084000 2963.953000
119.040000 48.570000 2983.481000
119.080000 49.057000 3003.840000
119.120000 49.543000 2970.422000
119.160000 50.030000 2965.418500
119.160000 40.788000 3008.856000
119.200000 41.274000 2975.757000
119.230000 41.761000 2950.594400
119.260000 42.247000 3008.266100
119.290000 42.733000 3057.155300
119.330000 43.220000 3062.435500
119.360000 43.706000 3019.958000
119.400000 44.193000 2941.425000
119.430000 44.679000 2912.956000
119.470000 45.165000 2926.623300
119.510000 45.652000 2954.708000
119.550000 46.138000 2944.899000
119.590000 46.625000 2935.835000
119.630000 47.111000 2931.545400
119.680000 47.597000 2953.302000
119.720000 48.084000 2974.694000
119.760000 48.570000 2975.170000
119.810000 49.057000 2958.063000
119.860000 49.543000 2953.416000
119.910000 50.030000 2920.658000
119.800000 40.788000 3049.617000
119.830000 41.274000 3039.067000
119.870000 41.761000 3024.116500
119.910000 42.247000 3063.940500
119.950000 42.733000 3080.395800
119.990000 43.220000 3092.590600
120.030000 43.706000 3059.858000
120.070000 44.193000 2974.456000
120.110000 44.679000 2933.859000
120.150000 45.165000 2935.853000
120.200000 45.652000 2950.927500
120.240000 46.138000 2945.203000
120.290000 46.625000 2922.546000
120.340000 47.111000 2927.066000
120.390000 47.597000 2958.008500
120.440000 48.084000 2985.375000
120.490000 48.570000 2971.136000
120.540000 49.057000 2948.647500
120.600000 49.543000 2942.856800
120.660000 50.030000 2920.946000
120.430000 40.788000 3081.883400
120.470000 41.274000 3090.251000
120.510000 41.761000 3101.973500
120.560000 42.247000 3125.888200
120.600000 42.733000 3139.838600
120.650000 43.220000 3140.259000
120.690000 43.706000 3104.517100
120.740000 44.193000 3089.885768
120.790000 44.679000 3039.145000
120.830000 45.165000 2983.867000
120.890000 45.652000 2974.186790
120.940000 46.138000 2969.816400
120.990000 46.625000 2954.033000
121.040000 47.111000 2946.187000
121.100000 47.597000 2957.784000
121.160000 48.084000 2971.736000
121.220000 48.570000 2962.206460
121.280000 49.057000 2970.553000
121.340000 49.543000 2957.275600
121.400000 50.030000 2934.402000
121.070000 40.788000 3201.133000
121.110000 41.274000 3183.125000
121.160000 41.761000 3172.625100
121.210000 42.247000 3156.263790
121.250000 42.733000 3192.146300
121.300000 43.220000 3170.843200
121.360000 43.706000 3167.775300
121.410000 44.193000 3132.828600
121.460000 44.679000 3116.165100
121.520000 45.165000 3070.646720
121.570000 45.652000 3042.236500
121.630000 46.138000 2990.431700
121.690000 46.625000 2981.867400
121.750000 47.111000 2965.303000
121.810000 47.597000 2967.001000
121.880000 48.084000 2994.117800
121.940000 48.570000 2944.734000
122.010000 49.057000 2959.315300
122.080000 49.543000 2951.936200
122.150000 50.030000 2942.680000
121.700000 40.788000 3222.622000
121.750000 41.274000 3208.217000
121.800000 41.761000 3174.267000
121.860000 42.247000 3193.880460
121.910000 42.733000 3185.925800
121.960000 43.220000 3180.508000
122.020000 43.706000 3148.014300
122.080000 44.193000 3144.422300
122.140000 44.679000 3143.428000
122.200000 45.165000 3143.612600
122.260000 45.652000 3091.532300
122.320000 46.138000 3023.098300
122.390000 46.625000 2974.885000
122.460000 47.111000 3006.154000
122.530000 47.597000 2986.818500
122.600000 48.084000 2991.068100
122.670000 48.570000 2975.056000
122.740000 49.057000 2961.350600
122.820000 49.543000 2962.757600
122.900000 50.030000 2955.304000
122.340000 40.788000 3219.488000
122.390000 41.274000 3203.733000
122.450000 41.761000 3199.103000
122.500000 42.247000 3187.037800
122.560000 42.733000 3172.232480
122.620000 43.220000 3147.860030
122.680000 43.706000 3140.881700
122.750000 44.193000 3136.816100
122.810000 44.679000 3141.760670
122.880000 45.165000 3127.631000
122.950000 45.652000 3097.764000
123.020000 46.138000 3090.864300
123.090000 46.625000 3070.738700
123.160000 47.111000 3070.018300
123.240000 47.597000 3064.211300
123.320000 48.084000 3058.524900
123.400000 48.570000 3030.858500
123.480000 49.057000 3026.035300
123.560000 49.543000 2996.634600
123.650000 50.030000 3012.811100
122.970000 40.788000 3175.140500
123.030000 41.274000 3192.219000
123.090000 41.761000 3180.616000
123.150000 42.247000 3193.594000
123.220000 42.733000 3175.550600
123.280000 43.220000 3175.626200
123.350000 43.706000 3160.277540
123.420000 44.193000 3150.334800
123.490000 44.679000 3163.931000
123.560000 45.165000 3140.911000
123.630000 45.652000 3115.549500
123.710000 46.138000 3099.865300
123.790000 46.625000 3092.138500
123.870000 47.111000 3116.322900
123.950000 47.597000 3112.433570
124.030000 48.084000 3101.668300
124.120000 48.570000 3083.712300
124.210000 49.057000 3077.470000
124.300000 49.543000 3054.072000
124.400000 50.030000 3064.024000
123.610000 40.788000 3066.744800
123.670000 41.274000 3077.786000
123.740000 41.761000 3144.223000
123.800000 42.247000 3177.691700
123.870000 42.733000 3173.166600
123.940000 43.220000 3186.323200
124.010000 43.706000 3205.659000
124.090000 44.193000 3198.307000
124.160000 44.679000 3211.597000
124.240000 45.165000 3181.226000
124.320000 45.652000 3169.783000
124.400000 46.138000 3200.671000
124.490000 46.625000 3142.314000
124.570000 47.111000 3137.292000
124.660000 47.597000 3136.056000
124.750000 48.084000 3133.038500
124.850000 48.570000 3122.159900
124.940000 49.057000 3100.307900
125.040000 49.543000 3104.511000
125.140000 50.030000 3109.398000
124.240000 40.788000 3060.040000
124.310000 41.274000 3087.984000
124.380000 41.761000 3121.663000
124.450000 42.247000 3131.320200
124.530000 42.733000 3143.332000
124.600000 43.220000 3190.790000
124.680000 43.706000 3211.081100
124.760000 44.193000 3227.262000
124.840000 44.679000 3198.049000
124.920000 45.165000 3193.401000
125.010000 45.652000 3202.046000
125.100000 46.138000 3184.034000
125.190000 46.625000 3173.502000
125.280000 47.111000 3166.674000
125.380000 47.597000 3152.105000
125.470000 48.084000 3118.798100
125.570000 48.570000 3088.597800
125.680000 49.057000 3070.047700
125.780000 49.543000 3100.770800
125.890000 50.030000 3089.846100
124.880000 40.788000 3107.696000
124.950000 41.274000 3106.121000
125.020000 41.761000 3115.841000
125.100000 42.247000 3130.511500
125.180000 42.733000 3159.762900
125.260000 43.220000 3189.701000
125.340000 43.706000 3231.023100
125.430000 44.193000 3224.143410
125.520000 44.679000 3220.506500
125.600000 45.165000 3216.744200
125.700000 45.652000 3223.274000
125.790000 46.138000 3206.708000
125.890000 46.625000 3206.568000
125.990000 47.111000 3172.844000
126.090000 47.597000 3154.612200
126.190000 48.084000 3151.920500
126.300000 48.570000 3114.831000
126.410000 49.057000 3125.005400
126.520000 49.543000 3127.343800
126.640000 50.030000 3118.247000
125.510000 40.788000 3112.079100
125.590000 41.274000 3093.819300
125.670000 41.761000 3094.381100
125.750000 42.247000 3111.056900
125.830000 42.733000 3155.129300
125.920000 43.220000 3201.667700
126.010000 43.706000 3228.968100
126.100000 44.193000 3231.785800
126.190000 44.679000 3231.988900
126.290000 45.165000 3231.036020
126.380000 45.652000 3226.372670
126.480000 46.138000 3223.648200
126.590000 46.625000 3190.479700
126.690000 47.111000 3166.807600
126.800000 47.597000 3150.965000
126.910000 48.084000 3187.454100
127.030000 48.570000 3207.222000
127.140000 49.057000 3177.058700
127.260000 49.543000 3180.004000
127.390000 50.030000 3188.536100
126.140000 40.788000 3088.714000
126.230000 41.274000 3090.250130
126.310000 41.761000 3106.560000
126.400000 42.247000 3104.227400
126.490000 42.733000 3146.817300
126.580000 43.220000 3198.090000
126.670000 43.706000 3229.713090
126.770000 44.193000 3209.755000
126.870000 44.679000 3230.537330
126.970000 45.165000 3228.948000
127.070000 45.652000 3211.842000
127.180000 46.138000 3195.927000
127.290000 46.625000 3176.836500
127.400000 47.111000 3137.494000
127.510000 47.597000 3184.159500
127.630000 48.084000 3201.994900
127.750000 48.570000 3195.785000
127.880000 49.057000 3169.957000
128.000000 49.543000 3181.895700
128.140000 50.030000 3176.818000
126.780000 40.788000 3097.419000
126.870000 41.274000 3110.617400
126.960000 41.761000 3081.882100
127.050000 42.247000 3088.677000
127.140000 42.733000 3159.406700
127.240000 43.220000 3205.261400
127.340000 43.706000 3182.415000
127.440000 44.193000 3165.456000
127.540000 44.679000 3185.597600
127.650000 45.165000 3188.429000
127.760000 45.652000 3185.687400
127.870000 46.138000 3159.451000
127.990000 46.625000 3131.927000
128.100000 47.111000 3146.023000
128.230000 47.597000 3176.637000
128.350000 48.084000 3200.413000
128.480000 48.570000 3163.616000
128.610000 49.057000 3163.319000
128.740000 49.543000 3162.431000
128.880000 50.030000 3139.954000
127.410000 40.788000 3055.096000
127.510000 41.274000 3019.845000
127.600000 41.761000 3025.869200
127.700000 42.247000 3044.340300
127.800000 42.733000 3065.817400
127.900000 43.220000 3108.113000
128.000000 43.706000 3116.029000
128.110000 44.193000 3080.722000
128.220000 44.679000 3091.111000
128.330000 45.165000 3150.806300
128.450000 45.652000 3148.434600
128.560000 46.138000 3066.928800
128.690000 46.625000 3067.752400
128.810000 47.111000 3104.271000
128.940000 47.597000 3174.111200
129.070000 48.084000 3142.378000
129.200000 48.570000 3140.391000
129.340000 49.057000 3122.839000
129.480000 49.543000 3144.068700
129.630000 50.030000 3103.881000
128.050000 40.788000 2985.777000
128.140000 41.274000 2972.900000
128.240000 41.761000 2975.421000
128.350000 42.247000 3009.437600
128.450000 42.733000 3047.700200
128.560000 43.220000 3059.848000
128.670000 43.706000 3035.126000
128.780000 44.193000 3020.230000
128.890000 44.679000 3012.372900
129.010000 45.165000 2990.075100
129.130000 45.652000 3012.055000
129.260000 46.138000 3025.498000
129.390000 46.625000 3039.923800
129.520000 47.111000 3027.231700
129.650000 47.597000 3031.878000
129.790000 48.084000 3054.117660
129.930000 48.570000 3066.851000
128.680000 40.788000 3077.129000
128.780000 41.274000 3041.806000
128.890000 41.761000 3047.938680
128.990000 42.247000 3039.114300
129.100000 42.733000 3087.431000
129.220000 43.220000 3113.319000
129.330000 43.706000 3092.049600
129.450000 44.193000 3017.153800
129.570000 44.679000 2971.002600
129.690000 45.165000 2963.113000
129.820000 45.652000 3001.025100
129.950000 46.138000 3022.274000
129.320000 40.788000 3209.524000
129.420000 41.274000 3200.024200
129.530000 41.761000 3114.464000
129.640000 42.247000 3150.515000
129.760000 42.733000 3116.107700
129.880000 43.220000 3108.041000
130.000000 43.706000 3059.103000
129.950000 40.788000 3303.167000
