114.720000 40.788000 2950.618000
114.720000 41.274000 2847.069000
114.720000 41.761000 2923.104000
114.720000 42.247000 2909.673000
114.710000 42.733000 2954.995000
114.710000 43.220000 3001.074000
114.710000 43.706000 3030.669000
114.710000 44.193000 3050.061000
114.700000 44.679000 3080.952000
114.700000 45.165000 3104.369000
114.700000 45.652000 3104.426000
114.700000 46.138000 3120.149000
114.690000 46.625000 3128.050300
114.690000 47.111000 3131.162500
114.690000 47.597000 3116.978800
114.690000 48.084000 3107.641000
114.680000 48.570000 3078.812000
114.680000 49.057000 3082.000000
114.680000 49.543000 3077.350000
114.670000 50.030000 3056.570000
115.360000 40.788000 2891.174000
115.360000 41.274000 2874.398000
115.360000 41.761000 2958.702000
115.360000 42.247000 2955.681000
115.370000 42.733000 3001.075900
115.370000 43.220000 3046.849400
115.370000 43.706000 3068.422900
115.380000 44.193000 3078.095660
115.380000 44.679000 3126.324000
115.380000 45.165000 3128.907010
115.390000 45.652000 3129.583300
115.390000 46.138000 3139.909700
115.390000 46.625000 3150.479300
115.400000 47.111000 3155.242000
115.400000 47.597000 3138.443000
115.400000 48.084000 3124.435600
115.410000 48.570000 3107.900000
115.410000 49.057000 3124.640000
115.420000 49.543000 3107.959000
115.420000 50.030000 3145.754000
115.990000 40.788000 3062.425400
116.000000 41.274000 3033.021000
116.010000 41.761000 2987.248000
116.010000 42.247000 3005.125600
116.020000 42.733000 3048.875300
116.030000 43.220000 3077.242300
116.040000 43.706000 3101.136900
116.050000 44.193000 3138.774000
116.060000 44.679000 3137.747900
116.060000 45.165000 3138.135300
116.070000 45.652000 3132.619800
116.080000 46.138000 3136.538600
116.090000 46.625000 3157.949000
116.100000 47.111000 3172.781000
116.110000 47.597000 3168.811000
116.120000 48.084000 3179.020000
116.130000 48.570000 3201.379400
116.150000 49.057000 3177.309000
116.160000 49.543000 3163.098000
116.170000 50.030000 3118.890000
116.630000 40.788000 3125.027000
116.640000 41.274000 3114.943900
116.650000 41.761000 3095.361000
116.660000 42.247000 3078.201800
116.680000 42.733000 3066.128400
116.690000 43.220000 3085.979000
116.700000 43.706000 3110.428500
116.720000 44.193000 3137.078100
116.730000 44.679000 3147.478000
116.750000 45.165000 3145.567100
116.760000 45.652000 3116.240520
116.780000 46.138000 3138.276430
116.790000 46.625000 3146.583000
116.810000 47.111000 3166.896000
116.830000 47.597000 3171.553000
116.840000 48.084000 3221.711000
116.860000 48.570000 3226.156000
116.880000 49.057000 3202.716400
116.900000 49.543000 3162.746000
116.920000 50.030000 3110.406000
117.260000 40.788000 3220.114800
117.280000 41.274000 3202.632420
117.290000 41.761000 3154.393000
117.310000 42.247000 3122.955800
117.330000 42.733000 3095.632200
117.350000 43.220000 3101.764200
117.370000 43.706000 3082.883000
117.390000 44.193000 3138.010700
117.410000 44.679000 3138.787300
117.430000 45.165000 3130.876900
117.450000 45.652000 3120.081000
117.470000 46.138000 3138.767700
117.490000 46.625000 3146.934000
117.510000 47.111000 3167.978000
117.540000 47.597000 3176.354000
117.560000 48.084000 3181.882000
117.590000 48.570000 3190.656000
117.610000 49.057000 3198.106000
117.640000 49.543000 3195.825100
117.660000 50.030000 3145.070000
117.890000 40.788000 3225.696130
117.920000 41.274000 3219.122000
117.940000 41.761000 3192.404000
117.960000 42.247000 3180.606600
117.980000 42.733000 3205.604100
118.010000 43.220000 3177.807000
118.030000 43.706000 3139.962000
118.060000 44.193000 3108.453600
118.080000 44.679000 3109.146300
118.110000 45.165000 3126.503000
118.140000 45.652000 3125.778300
118.160000 46.138000 3117.482600
118.190000 46.625000 3117.623000
118.220000 47.111000 3146.581000
118.250000 47.597000 3178.858000
118.280000 48.084000 3175.684000
118.310000 48.570000 3171.719000
118.340000 49.057000 3164.375100
118.380000 49.543000 3158.930900
118.410000 50.030000 3149.570800
118.530000 40.788000 3230.227640
118.560000 41.274000 3229.643060
118.580000 41.761000 3229.039300
118.610000 42.247000 3231.256200
118.640000 42.733000 3227.058200
118.670000 43.220000 3227.165700
118.700000 43.706000 3179.761000
118.730000 44.193000 3116.863000
118.760000 44.679000 3102.057800
118.790000 45.165000 3100.848000
118.820000 45.652000 3111.064000
118.860000 46.138000 3096.950140
118.890000 46.625000 3101.196700
118.930000 47.111000 3114.475700
118.960000 47.597000 3112.604000
119.000000 48.084000 3139.254000
119.040000 48.570000 3179.322000
119.080000 49.057000 3198.384000
119.120000 49.543000 3197.447700
119.160000 50.030000 3193.059800
119.160000 40.788000 3232.605700
119.200000 41.274000 3232.708900
119.230000 41.761000 3231.948300
119.260000 42.247000 3229.872640
119.290000 42.733000 3227.828400
119.330000 43.220000 3229.114000
119.360000 43.706000 3215.181100
119.400000 44.193000 3179.073000
119.430000 44.679000 3132.627000
119.470000 45.165000 3118.666100
119.510000 45.652000 3119.278000
119.550000 46.138000 3111.003000
119.590000 46.625000 3098.963200
119.630000 47.111000 3103.275100
119.680000 47.597000 3111.493000
119.720000 48.084000 3136.327000
119.760000 48.570000 3152.716000
119.810000 49.057000 3198.700000
119.860000 49.543000 3198.217000
119.910000 50.030000 3167.221000
119.800000 40.788000 3233.696800
119.830000 41.274000 3234.396100
119.870000 41.761000 3231.225960
119.910000 42.247000 3229.472700
119.950000 42.733000 3231.896200
119.990000 43.220000 3231.047640
120.030000 43.706000 3227.214500
120.070000 44.193000 3225.202600
120.110000 44.679000 3207.008600
120.150000 45.165000 3171.689000
120.200000 45.652000 3157.560100
120.240000 46.138000 3136.050600
120.290000 46.625000 3123.351000
120.340000 47.111000 3120.895200
120.390000 47.597000 3116.940000
120.440000 48.084000 3120.331000
120.490000 48.570000 3116.505000
120.540000 49.057000 3147.786900
120.600000 49.543000 3176.753000
120.660000 50.030000 3167.053000
120.430000 40.788000 3231.633100
120.470000 41.274000 3233.617800
120.510000 41.761000 3231.514350
120.560000 42.247000 3229.723260
120.600000 42.733000 3230.981790
120.650000 43.220000 3232.083000
120.690000 43.706000 3231.213430
120.740000 44.193000 3229.374700
120.790000 44.679000 3229.117100
120.830000 45.165000 3214.334300
120.890000 45.652000 3208.263240
120.940000 46.138000 3181.270600
120.990000 46.625000 3168.956000
121.040000 47.111000 3158.556000
121.100000 47.597000 3149.150000
121.160000 48.084000 3151.502800
121.220000 48.570000 3140.520360
121.280000 49.057000 3160.071800
121.340000 49.543000 3180.690900
121.400000 50.030000 3133.388000
121.070000 40.788000 3234.266500
121.110000 41.274000 3234.356100
121.160000 41.761000 3231.960000
121.210000 42.247000 3230.696188
121.250000 42.733000 3229.874810
121.300000 43.220000 3230.575504
121.360000 43.706000 3231.168740
121.410000 44.193000 3230.422570
121.460000 44.679000 3230.916670
121.520000 45.165000 3230.507180
121.570000 45.652000 3227.398600
121.630000 46.138000 3212.731700
121.690000 46.625000 3187.307000
121.750000 47.111000 3178.698000
121.810000 47.597000 3168.734000
121.880000 48.084000 3181.362400
121.940000 48.570000 3171.533900
122.010000 49.057000 3188.223700
122.080000 49.543000 3190.300970
122.150000 50.030000 3195.777000
121.700000 40.788000 3235.112800
121.750000 41.274000 3234.406100
121.800000 41.761000 3232.861200
121.860000 42.247000 3231.055800
121.910000 42.733000 3231.279100
121.960000 43.220000 3232.061300
122.020000 43.706000 3231.122540
122.080000 44.193000 3230.363870
122.140000 44.679000 3231.257040
122.200000 45.165000 3231.339010
122.260000 45.652000 3230.571648
122.320000 46.138000 3221.242000
122.390000 46.625000 3202.821000
122.460000 47.111000 3215.526000
122.530000 47.597000 3230.387040
122.600000 48.084000 3231.096270
122.670000 48.570000 3229.215600
122.740000 49.057000 3230.157600
122.820000 49.543000 3227.802000
122.900000 50.030000 3215.706000
122.340000 40.788000 3234.620100
122.390000 41.274000 3233.685200
122.450000 41.761000 3233.536100
122.500000 42.247000 3232.109700
122.560000 42.733000 3230.644413
122.620000 43.220000 3230.174010
122.680000 43.706000 3230.492640
122.750000 44.193000 3230.815530
122.810000 44.679000 3230.558313
122.880000 45.165000 3228.067100
122.950000 45.652000 3229.299900
123.020000 46.138000 3230.423920
123.090000 46.625000 3230.689186
123.160000 47.111000 3231.665200
123.240000 47.597000 3231.948600
123.320000 48.084000 3233.004700
123.400000 48.570000 3232.551500
123.480000 49.057000 3232.322400
123.560000 49.543000 3231.577740
123.650000 50.030000 3228.230200
122.970000 40.788000 3230.183960
123.030000 41.274000 3234.304500
123.090000 41.761000 3233.845900
123.150000 42.247000 3233.137400
123.220000 42.733000 3231.518300
123.280000 43.220000 3231.286680
123.350000 43.706000 3230.217200
123.420000 44.193000 3231.297910
123.490000 44.679000 3233.060100
123.560000 45.165000 3231.530930
123.630000 45.652000 3231.344960
123.710000 46.138000 3232.232800
123.790000 46.625000 3231.773900
123.870000 47.111000 3232.383700
123.950000 47.597000 3232.850100
124.030000 48.084000 3231.716900
124.120000 48.570000 3231.641400
124.210000 49.057000 3234.275900
124.300000 49.543000 3235.995500
124.400000 50.030000 3231.300140
123.610000 40.788000 3231.698600
123.670000 41.274000 3234.348100
123.740000 41.761000 3234.906400
123.800000 42.247000 3232.087600
123.870000 42.733000 3230.263550
123.940000 43.220000 3231.413890
124.010000 43.706000 3232.928500
124.090000 44.193000 3233.186300
124.160000 44.679000 3235.213100
124.240000 45.165000 3234.232500
124.320000 45.652000 3235.104100
124.400000 46.138000 3235.695400
124.490000 46.625000 3234.327700
124.570000 47.111000 3233.863100
124.660000 47.597000 3234.470300
124.750000 48.084000 3232.562400
124.850000 48.570000 3232.797800
124.940000 49.057000 3232.385200
125.040000 49.543000 3235.185400
125.140000 50.030000 3233.047500
124.240000 40.788000 3235.027500
124.310000 41.274000 3236.187100
124.380000 41.761000 3235.356100
124.450000 42.247000 3232.178000
124.530000 42.733000 3230.521532
124.600000 43.220000 3229.378600
124.680000 43.706000 3230.910940
124.760000 44.193000 3233.702600
124.840000 44.679000 3233.200200
124.920000 45.165000 3234.424200
125.010000 45.652000 3234.627300
125.100000 46.138000 3235.996400
125.190000 46.625000 3235.296800
125.280000 47.111000 3234.488600
125.380000 47.597000 3234.705000
125.470000 48.084000 3232.084600
125.570000 48.570000 3232.659100
125.680000 49.057000 3233.066500
125.780000 49.543000 3232.478500
125.890000 50.030000 3230.513225
124.880000 40.788000 3231.806800
124.950000 41.274000 3234.670100
125.020000 41.761000 3235.616800
125.100000 42.247000 3232.793800
125.180000 42.733000 3231.241280
125.260000 43.220000 3229.628610
125.340000 43.706000 3231.195890
125.430000 44.193000 3231.342480
125.520000 44.679000 3231.903600
125.600000 45.165000 3232.544900
125.700000 45.652000 3234.406600
125.790000 46.138000 3234.282700
125.890000 46.625000 3235.291900
125.990000 47.111000 3234.207300
126.090000 47.597000 3232.042600
126.190000 48.084000 3231.668900
126.300000 48.570000 3231.675700
126.410000 49.057000 3231.840900
126.520000 49.543000 3231.162800
126.640000 50.030000 3228.363600
125.510000 40.788000 3230.801030
125.590000 41.274000 3234.095400
125.670000 41.761000 3234.223600
125.750000 42.247000 3232.019600
125.830000 42.733000 3231.524740
125.920000 43.220000 3231.683300
126.010000 43.706000 3229.019900
126.100000 44.193000 3231.904800
126.190000 44.679000 3232.031700
126.290000 45.165000 3231.059600
126.380000 45.652000 3230.973180
126.480000 46.138000 3232.102200
126.590000 46.625000 3232.386500
126.690000 47.111000 3232.510300
126.800000 47.597000 3230.632217
126.910000 48.084000 3231.507780
127.030000 48.570000 3231.193080
127.140000 49.057000 3231.046710
127.260000 49.543000 3231.728000
127.390000 50.030000 3231.182470
126.140000 40.788000 3227.406100
126.230000 41.274000 3232.338900
126.310000 41.761000 3233.796900
126.400000 42.247000 3233.660600
126.490000 42.733000 3232.252100
126.580000 43.220000 3230.634049
126.670000 43.706000 3230.166060
126.770000 44.193000 3228.890200
126.870000 44.679000 3231.278700
126.970000 45.165000 3229.325700
127.070000 45.652000 3229.624800
127.180000 46.138000 3230.102810
127.290000 46.625000 3230.663358
127.400000 47.111000 3228.797400
127.510000 47.597000 3230.577363
127.630000 48.084000 3230.410460
127.750000 48.570000 3229.379300
127.880000 49.057000 3230.215640
128.000000 49.543000 3231.069390
128.140000 50.030000 3228.904100
126.780000 40.788000 3228.528500
126.870000 41.274000 3231.850700
126.960000 41.761000 3233.498100
127.050000 42.247000 3234.407400
127.140000 42.733000 3233.862100
127.240000 43.220000 3232.894400
127.340000 43.706000 3230.218950
127.440000 44.193000 3229.539400
127.540000 44.679000 3230.249540
127.650000 45.165000 3229.329700
127.760000 45.652000 3230.629644
127.870000 46.138000 3229.622150
127.990000 46.625000 3229.168400
128.100000 47.111000 3229.139800
128.230000 47.597000 3229.063800
128.350000 48.084000 3228.902100
128.480000 48.570000 3228.901900
128.610000 49.057000 3229.427900
128.740000 49.543000 3229.839600
128.880000 50.030000 3228.924600
127.410000 40.788000 3228.340600
127.510000 41.274000 3230.759620
127.600000 41.761000 3221.416200
127.700000 42.247000 3173.788450
127.800000 42.733000 3214.490700
127.900000 43.220000 3231.330010
128.000000 43.706000 3229.883950
128.110000 44.193000 3229.305800
128.220000 44.679000 3229.581200
128.330000 45.165000 3230.375620
128.450000 45.652000 3230.551502
128.560000 46.138000 3233.165400
128.690000 46.625000 3230.078070
128.810000 47.111000 3229.360100
128.940000 47.597000 3230.456290
129.070000 48.084000 3228.947400
129.200000 48.570000 3228.528500
129.340000 49.057000 3225.822600
129.480000 49.543000 3229.113700
129.630000 50.030000 3225.896500
128.050000 40.788000 3223.748900
128.140000 41.274000 3203.725000
128.240000 41.761000 3139.242100
128.350000 42.247000 3166.205800
128.450000 42.733000 3219.199100
128.560000 43.220000 3231.029330
128.670000 43.706000 3229.999660
128.780000 44.193000 3229.464320
128.890000 44.679000 3207.329870
129.010000 45.165000 3225.874830
129.130000 45.652000 3208.243961
129.260000 46.138000 3207.792800
129.390000 46.625000 3208.112900
129.520000 47.111000 3229.836050
129.650000 47.597000 3228.400600
129.790000 48.084000 3229.559900
129.930000 48.570000 3226.759200
128.680000 40.788000 3225.549050
128.780000 41.274000 3180.717000
128.890000 41.761000 3192.143400
128.990000 42.247000 3199.739000
129.100000 42.733000 3231.099380
129.220000 43.220000 3231.249990
129.330000 43.706000 3230.034700
129.450000 44.193000 3224.777300
129.570000 44.679000 3194.541400
129.690000 45.165000 3123.178000
129.820000 45.652000 3164.350700
129.950000 46.138000 3190.647000
129.320000 40.788000 3238.051500
129.420000 41.274000 3235.599800
129.530000 41.761000 3228.922300
129.640000 42.247000 3230.206690
129.760000 42.733000 3230.602320
129.880000 43.220000 3228.950600
130.000000 43.706000 3216.710700
129.950000 40.788000 3241.803000
