114.720000 40.788000 3212.724300
114.720000 41.274000 3167.028000
114.720000 41.761000 3211.386000
114.720000 42.247000 3205.442000
114.710000 42.733000 3223.619800
114.710000 43.220000 3224.095900
114.710000 43.706000 3225.608000
114.710000 44.193000 3223.797800
114.700000 44.679000 3225.367900
114.700000 45.165000 3226.715200
114.700000 45.652000 3225.453700
114.700000 46.138000 3228.023900
114.690000 46.625000 3229.854720
114.690000 47.111000 3230.865740
114.690000 47.597000 3230.397570
114.690000 48.084000 3225.889300
114.680000 48.570000 3216.949000
114.680000 49.057000 3217.224000
114.680000 49.543000 3215.614000
114.670000 50.030000 3209.196000
115.360000 40.788000 3217.516600
115.360000 41.274000 3173.658000
115.360000 41.761000 3229.751070
115.360000 42.247000 3232.077800
115.370000 42.733000 3227.324000
115.370000 43.220000 3228.124800
115.370000 43.706000 3230.443120
115.380000 44.193000 3229.721300
115.380000 44.679000 3229.823420
115.380000 45.165000 3229.337300
115.390000 45.652000 3228.675000
115.390000 46.138000 3229.399800
115.390000 46.625000 3230.455740
115.400000 47.111000 3231.446210
115.400000 47.597000 3230.780290
115.400000 48.084000 3228.217600
115.410000 48.570000 3220.710300
115.410000 49.057000 3219.246000
115.420000 49.543000 3219.256000
115.420000 50.030000 3217.739000
115.990000 40.788000 3228.866400
116.000000 41.274000 3227.280100
116.010000 41.761000 3225.938800
116.010000 42.247000 3228.685100
116.020000 42.733000 3231.377100
116.030000 43.220000 3230.808510
116.040000 43.706000 3229.762160
116.050000 44.193000 3230.871640
116.060000 44.679000 3231.870600
116.060000 45.165000 3230.213590
116.070000 45.652000 3229.261800
116.080000 46.138000 3229.809010
116.090000 46.625000 3231.385960
116.100000 47.111000 3232.504900
116.110000 47.597000 3233.463500
116.120000 48.084000 3231.764700
116.130000 48.570000 3230.904190
116.150000 49.057000 3224.404400
116.160000 49.543000 3220.783400
116.170000 50.030000 3218.078000
116.630000 40.788000 3230.537101
116.640000 41.274000 3229.540700
116.650000 41.761000 3227.287600
116.660000 42.247000 3228.897300
116.680000 42.733000 3230.162720
116.690000 43.220000 3231.743400
116.700000 43.706000 3230.939330
116.720000 44.193000 3230.884050
116.730000 44.679000 3231.946400
116.750000 45.165000 3230.261880
116.760000 45.652000 3229.937700
116.780000 46.138000 3229.950020
116.790000 46.625000 3231.170140
116.810000 47.111000 3233.445600
116.830000 47.597000 3233.047600
116.840000 48.084000 3234.492000
116.860000 48.570000 3233.469800
116.880000 49.057000 3230.596614
116.900000 49.543000 3220.092000
116.920000 50.030000 3217.915000
117.260000 40.788000 3231.055770
117.280000 41.274000 3229.396900
117.290000 41.761000 3228.346400
117.310000 42.247000 3228.630900
117.330000 42.733000 3228.891400
117.350000 43.220000 3229.042500
117.370000 43.706000 3226.487300
117.390000 44.193000 3231.292160
117.410000 44.679000 3229.932640
117.430000 45.165000 3230.817200
117.450000 45.652000 3230.591996
117.470000 46.138000 3228.936600
117.490000 46.625000 3229.996140
117.510000 47.111000 3233.144000
117.540000 47.597000 3233.752400
117.560000 48.084000 3232.980300
117.590000 48.570000 3232.012200
117.610000 49.057000 3232.060700
117.640000 49.543000 3228.583900
117.660000 50.030000 3222.516800
117.890000 40.788000 3230.869530
117.920000 41.274000 3229.508800
117.940000 41.761000 3227.947800
117.960000 42.247000 3228.008400
117.980000 42.733000 3227.959700
118.010000 43.220000 3226.943900
118.030000 43.706000 3226.551700
118.060000 44.193000 3227.883000
118.080000 44.679000 3231.301160
118.110000 45.165000 3231.576850
118.140000 45.652000 3231.210730
118.160000 46.138000 3230.003190
118.190000 46.625000 3229.796960
118.220000 47.111000 3233.093000
118.250000 47.597000 3234.223200
118.280000 48.084000 3233.983300
118.310000 48.570000 3232.588600
118.340000 49.057000 3231.217140
118.380000 49.543000 3230.554024
118.410000 50.030000 3228.434600
118.530000 40.788000 3230.526147
118.560000 41.274000 3229.799800
118.580000 41.761000 3229.523600
118.610000 42.247000 3231.228960
118.640000 42.733000 3228.804900
118.670000 43.220000 3227.808400
118.700000 43.706000 3227.906900
118.730000 44.193000 3226.700100
118.760000 44.679000 3229.530800
118.790000 45.165000 3232.599000
118.820000 45.652000 3232.561800
118.860000 46.138000 3231.084220
118.890000 46.625000 3231.286080
118.930000 47.111000 3231.956400
118.960000 47.597000 3233.107700
119.000000 48.084000 3233.986100
119.040000 48.570000 3234.547500
119.080000 49.057000 3234.390500
119.120000 49.543000 3231.767400
119.160000 50.030000 3231.057020
119.160000 40.788000 3232.709900
119.200000 41.274000 3232.214600
119.230000 41.761000 3232.382100
119.260000 42.247000 3230.760100
119.290000 42.733000 3229.015200
119.330000 43.220000 3228.804500
119.360000 43.706000 3227.473800
119.400000 44.193000 3226.361200
119.430000 44.679000 3226.557400
119.470000 45.165000 3229.750030
119.510000 45.652000 3233.133900
119.550000 46.138000 3231.611700
119.590000 46.625000 3231.160900
119.630000 47.111000 3231.419290
119.680000 47.597000 3232.014800
119.720000 48.084000 3232.651200
119.760000 48.570000 3234.466300
119.810000 49.057000 3233.034600
119.860000 49.543000 3232.959600
119.910000 50.030000 3227.759800
119.800000 40.788000 3233.792800
119.830000 41.274000 3234.537900
119.870000 41.761000 3231.426240
119.910000 42.247000 3230.578741
119.950000 42.733000 3232.088900
119.990000 43.220000 3231.290400
120.030000 43.706000 3227.295700
120.070000 44.193000 3227.112300
120.110000 44.679000 3227.357100
120.150000 45.165000 3228.665400
120.200000 45.652000 3228.981500
120.240000 46.138000 3228.960500
120.290000 46.625000 3228.011600
120.340000 47.111000 3229.790290
120.390000 47.597000 3230.802890
120.440000 48.084000 3231.857700
120.490000 48.570000 3232.913500
120.540000 49.057000 3231.882100
120.600000 49.543000 3231.421260
120.660000 50.030000 3226.883200
120.430000 40.788000 3231.489120
120.470000 41.274000 3233.728500
120.510000 41.761000 3231.513920
120.560000 42.247000 3230.522909
120.600000 42.733000 3231.496970
120.650000 43.220000 3232.593000
120.690000 43.706000 3231.245570
120.740000 44.193000 3230.080660
120.790000 44.679000 3229.855750
120.830000 45.165000 3227.673200
120.890000 45.652000 3230.117870
120.940000 46.138000 3229.984350
120.990000 46.625000 3227.874500
121.040000 47.111000 3227.308100
121.100000 47.597000 3229.267900
121.160000 48.084000 3229.990180
121.220000 48.570000 3230.523899
121.280000 49.057000 3232.313100
121.340000 49.543000 3231.213800
121.400000 50.030000 3226.923200
121.070000 40.788000 3234.457600
121.110000 41.274000 3234.749800
121.160000 41.761000 3232.293600
121.210000 42.247000 3230.804300
121.250000 42.733000 3229.826050
121.300000 43.220000 3231.215230
121.360000 43.706000 3231.700100
121.410000 44.193000 3231.182610
121.460000 44.679000 3231.095360
121.520000 45.165000 3230.657951
121.570000 45.652000 3229.261000
121.630000 46.138000 3228.752200
121.690000 46.625000 3228.679100
121.750000 47.111000 3228.773700
121.810000 47.597000 3226.190300
121.880000 48.084000 3229.230300
121.940000 48.570000 3228.941400
122.010000 49.057000 3230.171750
122.080000 49.543000 3230.827050
122.150000 50.030000 3227.314500
121.700000 40.788000 3236.343400
121.750000 41.274000 3234.920300
121.800000 41.761000 3233.037500
121.860000 42.247000 3231.137850
121.910000 42.733000 3231.386330
121.960000 43.220000 3232.949300
122.020000 43.706000 3231.908200
122.080000 44.193000 3230.824060
122.140000 44.679000 3231.687000
122.200000 45.165000 3231.057420
122.260000 45.652000 3229.867180
122.320000 46.138000 3228.920300
122.390000 46.625000 3227.659100
122.460000 47.111000 3228.851500
122.530000 47.597000 3229.918620
122.600000 48.084000 3230.217320
122.670000 48.570000 3228.983700
122.740000 49.057000 3229.651760
122.820000 49.543000 3229.845890
122.900000 50.030000 3226.636300
122.340000 40.788000 3235.542100
122.390000 41.274000 3234.516000
122.450000 41.761000 3234.674400
122.500000 42.247000 3232.969000
122.560000 42.733000 3231.054850
122.620000 43.220000 3231.125080
122.680000 43.706000 3230.577026
122.750000 44.193000 3230.513439
122.810000 44.679000 3230.697034
122.880000 45.165000 3227.074600
122.950000 45.652000 3228.991100
123.020000 46.138000 3230.292520
123.090000 46.625000 3230.778600
123.160000 47.111000 3230.831030
123.240000 47.597000 3230.990640
123.320000 48.084000 3230.123280
123.400000 48.570000 3231.964800
123.480000 49.057000 3232.335400
123.560000 49.543000 3232.247200
123.650000 50.030000 3228.712300
122.970000 40.788000 3230.526351
123.030000 41.274000 3234.760000
123.090000 41.761000 3234.159000
123.150000 42.247000 3233.972700
123.220000 42.733000 3231.874200
123.280000 43.220000 3231.578150
123.350000 43.706000 3230.757740
123.420000 44.193000 3231.705400
123.490000 44.679000 3233.806000
123.560000 45.165000 3231.927400
123.630000 45.652000 3231.932400
123.710000 46.138000 3232.480500
123.790000 46.625000 3231.781800
123.870000 47.111000 3232.291000
123.950000 47.597000 3231.013780
124.030000 48.084000 3230.270110
124.120000 48.570000 3230.953910
124.210000 49.057000 3234.097900
124.300000 49.543000 3236.631500
124.400000 50.030000 3232.385600
123.610000 40.788000 3232.087900
123.670000 41.274000 3233.974900
123.740000 41.761000 3234.674400
123.800000 42.247000 3231.152240
123.870000 42.733000 3229.993950
123.940000 43.220000 3231.699900
124.010000 43.706000 3233.603400
124.090000 44.193000 3233.779800
124.160000 44.679000 3237.129800
124.240000 45.165000 3236.098300
124.320000 45.652000 3236.177100
124.400000 46.138000 3237.992200
124.490000 46.625000 3234.902800
124.570000 47.111000 3233.780800
124.660000 47.597000 3232.757000
124.750000 48.084000 3230.631424
124.850000 48.570000 3231.099130
124.940000 49.057000 3231.918400
125.040000 49.543000 3234.838000
125.140000 50.030000 3233.048800
124.240000 40.788000 3234.923500
124.310000 41.274000 3235.319300
124.380000 41.761000 3233.830200
124.450000 42.247000 3231.392310
124.530000 42.733000 3229.240500
124.600000 43.220000 3229.320100
124.680000 43.706000 3230.540737
124.760000 44.193000 3233.952400
124.840000 44.679000 3234.187500
124.920000 45.165000 3235.646800
125.010000 45.652000 3236.346500
125.100000 46.138000 3237.160700
125.190000 46.625000 3236.355400
125.280000 47.111000 3235.113100
125.380000 47.597000 3233.419700
125.470000 48.084000 3229.991940
125.570000 48.570000 3230.852840
125.680000 49.057000 3231.200200
125.780000 49.543000 3231.374970
125.890000 50.030000 3229.597900
124.880000 40.788000 3231.992400
124.950000 41.274000 3233.056700
125.020000 41.761000 3233.251100
125.100000 42.247000 3231.316410
125.180000 42.733000 3230.153120
125.260000 43.220000 3228.032700
125.340000 43.706000 3230.162750
125.430000 44.193000 3230.768000
125.520000 44.679000 3231.174690
125.600000 45.165000 3232.671900
125.700000 45.652000 3234.862500
125.790000 46.138000 3235.052700
125.890000 46.625000 3235.091600
125.990000 47.111000 3233.627800
126.090000 47.597000 3231.032910
126.190000 48.084000 3229.880500
126.300000 48.570000 3229.130200
126.410000 49.057000 3229.143200
126.520000 49.543000 3229.225200
126.640000 50.030000 3225.573000
125.510000 40.788000 3230.181910
125.590000 41.274000 3232.081300
125.670000 41.761000 3232.475900
125.750000 42.247000 3230.065040
125.830000 42.733000 3229.501000
125.920000 43.220000 3230.264530
126.010000 43.706000 3227.897800
126.100000 44.193000 3230.483170
126.190000 44.679000 3230.989330
126.290000 45.165000 3230.587439
126.380000 45.652000 3230.419720
126.480000 46.138000 3231.566460
126.590000 46.625000 3231.943700
126.690000 47.111000 3232.400200
126.800000 47.597000 3229.458100
126.910000 48.084000 3230.072740
127.030000 48.570000 3228.089400
127.140000 49.057000 3227.917700
127.260000 49.543000 3229.256000
127.390000 50.030000 3228.804100
126.140000 40.788000 3226.080400
126.230000 41.274000 3230.651937
126.310000 41.761000 3231.751700
126.400000 42.247000 3231.523050
126.490000 42.733000 3230.517348
126.580000 43.220000 3228.134200
126.670000 43.706000 3229.473200
126.770000 44.193000 3227.510100
126.870000 44.679000 3230.657340
126.970000 45.165000 3227.862500
127.070000 45.652000 3228.135800
127.180000 46.138000 3228.622800
127.290000 46.625000 3230.165680
127.400000 47.111000 3227.601600
127.510000 47.597000 3229.772920
127.630000 48.084000 3228.728500
127.750000 48.570000 3226.092400
127.880000 49.057000 3226.561200
128.000000 49.543000 3228.472000
128.140000 50.030000 3227.399300
126.780000 40.788000 3226.059300
126.870000 41.274000 3228.947900
126.960000 41.761000 3230.583338
127.050000 42.247000 3231.626700
127.140000 42.733000 3231.090040
127.240000 43.220000 3231.098610
127.340000 43.706000 3228.343200
127.440000 44.193000 3227.559300
127.540000 44.679000 3229.194400
127.650000 45.165000 3227.729100
127.760000 45.652000 3229.070200
127.870000 46.138000 3228.643300
127.990000 46.625000 3227.542100
128.100000 47.111000 3228.162700
128.230000 47.597000 3227.911800
128.350000 48.084000 3226.572700
128.480000 48.570000 3225.901600
128.610000 49.057000 3226.479400
128.740000 49.543000 3227.026100
128.880000 50.030000 3227.430700
127.410000 40.788000 3225.195100
127.510000 41.274000 3227.389500
127.600000 41.761000 3231.328500
127.700000 42.247000 3231.157230
127.800000 42.733000 3230.150950
127.900000 43.220000 3229.210300
128.000000 43.706000 3228.451600
128.110000 44.193000 3228.424300
128.220000 44.679000 3228.125800
128.330000 45.165000 3229.489800
128.450000 45.652000 3229.617540
128.560000 46.138000 3230.454480
128.690000 46.625000 3229.364600
128.810000 47.111000 3229.107400
128.940000 47.597000 3229.531800
129.070000 48.084000 3227.579900
129.200000 48.570000 3226.192000
129.340000 49.057000 3222.694000
129.480000 49.543000 3227.609200
129.630000 50.030000 3223.801500
128.050000 40.788000 3226.829700
128.140000 41.274000 3229.394600
128.240000 41.761000 3232.524200
128.350000 42.247000 3232.558400
128.450000 42.733000 3231.210410
128.560000 43.220000 3228.671000
128.670000 43.706000 3228.195100
128.780000 44.193000 3228.759800
128.890000 44.679000 3229.688080
129.010000 45.165000 3228.970300
129.130000 45.652000 3230.996280
129.260000 46.138000 3231.824900
129.390000 46.625000 3229.533900
129.520000 47.111000 3229.970950
129.650000 47.597000 3227.679900
129.790000 48.084000 3229.977930
129.930000 48.570000 3226.092100
128.680000 40.788000 3226.673900
128.780000 41.274000 3225.363000
128.890000 41.761000 3228.769600
128.990000 42.247000 3228.561700
129.100000 42.733000 3227.432900
129.220000 43.220000 3228.342600
129.330000 43.706000 3228.726700
129.450000 44.193000 3229.074000
129.570000 44.679000 3227.648800
129.690000 45.165000 3226.679600
129.820000 45.652000 3231.157680
129.950000 46.138000 3234.234100
129.320000 40.788000 3235.013800
129.420000 41.274000 3231.704800
129.530000 41.761000 3226.605000
129.640000 42.247000 3225.669500
129.760000 42.733000 3228.255200
129.880000 43.220000 3227.414200
130.000000 43.706000 3225.327200
129.950000 40.788000 3237.155500
