114.804875 40.808755 25.933340
114.803506 41.268719 23.634615
114.802106 41.728684 24.001932
114.800672 42.188648 24.032710
114.799205 42.648612 27.739408
114.797702 43.108577 30.420637
114.796164 43.568541 31.206569
114.794589 44.028506 31.115269
114.792976 44.488470 29.001380
114.791323 44.948434 25.379279
114.789631 45.408399 23.929722
114.787897 45.868363 23.641790
114.786120 46.328328 23.461911
114.784299 46.788292 23.300209
114.782433 47.248257 23.409073
114.780520 47.708221 23.557492
114.778559 48.168185 23.132092
114.776548 48.628150 22.124280
114.774485 49.088114 21.621449
114.772369 49.548079 22.004322
114.770198 50.008043 24.563738
115.410947 40.808755 25.185940
115.413829 41.268719 20.771138
115.416779 41.728684 19.533711
115.419798 42.188648 22.557411
115.422888 42.648612 26.564873
115.426053 43.108577 28.781181
115.429292 43.568541 29.312896
115.432610 44.028506 28.901366
115.436007 44.488470 25.802702
115.439487 44.948434 22.005336
115.443052 45.408399 20.913739
115.446704 45.868363 20.378628
115.450446 46.328328 19.846627
115.454280 46.788292 19.708666
115.458211 47.248257 19.890254
115.462240 47.708221 19.792544
115.466370 48.168185 19.291175
115.470606 48.628150 18.426218
115.474951 49.088114 18.219694
115.479407 49.548079 18.512255
115.483979 50.008043 21.849616
116.017020 40.808755 25.236320
116.024152 41.268719 22.015662
116.031451 41.728684 22.100635
116.038923 42.188648 21.840903
116.046572 42.648612 23.073884
116.054403 43.108577 25.140954
116.062421 43.568541 26.404038
116.070631 44.028506 25.289065
116.079039 44.488470 22.104494
116.087651 44.948434 21.533918
116.096473 45.408399 21.318124
116.105511 45.868363 21.065538
116.114771 46.328328 21.010781
116.124261 46.788292 20.775055
116.133988 47.248257 20.201752
116.143959 47.708221 19.824555
116.154182 48.168185 19.829292
116.164665 48.628150 19.569282
116.175416 49.088114 19.316857
116.186445 49.548079 18.859686
116.197761 50.008043 22.548327
116.623092 40.808755 24.888341
116.634474 41.268719 21.211204
116.646124 41.728684 22.010441
116.658049 42.188648 22.950649
116.670256 42.648612 23.447819
116.682753 43.108577 23.881355
116.695549 43.568541 23.849964
116.708652 44.028506 23.038909
116.722071 44.488470 22.613488
116.735815 44.948434 22.150127
116.749894 45.408399 21.711227
116.764318 45.868363 21.887575
116.779097 46.328328 21.853509
116.794242 46.788292 21.642242
116.809766 47.248257 21.354392
116.825678 47.708221 21.163428
116.841993 48.168185 21.025599
116.858723 48.628150 20.591785
116.875882 49.088114 20.140543
116.893484 49.548079 20.120862
116.911543 50.008043 23.567230
117.229165 40.808755 25.207830
117.244797 41.268719 22.216454
117.260797 41.728684 23.060952
117.277174 42.188648 24.024218
117.293939 42.648612 24.457929
117.311103 43.108577 24.197507
117.328677 43.568541 23.759766
117.346673 44.028506 23.575671
117.365102 44.488470 23.236945
117.383979 44.948434 22.063806
117.403315 45.408399 22.489801
117.423125 45.868363 23.236790
117.443422 46.328328 24.530117
117.464223 46.788292 25.253901
117.485543 47.248257 25.166101
117.507398 47.708221 24.709354
117.529805 48.168185 24.228725
117.552782 48.628150 23.844630
117.576348 49.088114 23.348434
117.600522 49.548079 21.649620
117.625325 50.008043 23.980444
117.835237 40.808755 26.002019
117.855119 41.268719 23.278377
117.875469 41.728684 23.296297
117.896299 42.188648 23.565538
117.917623 42.648612 23.727852
117.939453 43.108577 22.982606
117.961805 43.568541 23.210146
117.984694 44.028506 24.250308
118.008134 44.488470 23.253228
118.032142 44.948434 22.284618
118.056736 45.408399 23.636102
118.081931 45.868363 25.489182
118.107748 46.328328 26.426033
118.134204 46.788292 26.443472
118.161320 47.248257 25.802706
118.189117 47.708221 25.008281
118.217616 48.168185 24.907275
118.246840 48.628150 25.269109
118.276813 49.088114 25.311151
118.307560 49.548079 24.454950
118.339107 50.008043 25.425815
118.441309 40.808755 26.317974
118.465442 41.268719 23.901405
118.490142 41.728684 23.329980
118.515425 42.188648 22.487127
118.541306 42.648612 22.216384
118.567804 43.108577 21.981046
118.594934 43.568541 22.604561
118.622715 44.028506 23.029063
118.651166 44.488470 22.492765
118.680306 44.948434 22.384258
118.710157 45.408399 22.905636
118.740738 45.868363 24.465756
118.772073 46.328328 24.890227
118.804185 46.788292 24.122012
118.837098 47.248257 22.990500
118.870837 47.708221 22.781608
118.905428 48.168185 23.166500
118.940899 48.628150 23.958550
118.977279 49.088114 24.732166
119.014598 49.548079 25.903078
119.052888 50.008043 27.974197
119.047382 40.808755 26.972720
119.075765 41.268719 24.556338
119.104815 41.728684 23.296919
119.134550 42.188648 22.057670
119.164990 42.648612 21.735091
119.196154 43.108577 21.603880
119.228062 43.568541 21.622230
119.260736 44.028506 21.262565
119.294197 44.488470 21.083020
119.328470 44.948434 21.435063
119.363578 45.408399 21.211439
119.399545 45.868363 21.600272
119.436399 46.328328 21.015565
119.474166 46.788292 20.433057
119.512875 47.248257 21.055716
119.552556 47.708221 21.751844
119.593239 48.168185 21.848255
119.634958 48.628150 22.375679
119.677745 49.088114 24.187898
119.721637 49.548079 26.039801
119.766670 50.008043 28.722973
119.653454 40.808755 26.411742
119.686087 41.268719 23.722141
119.719487 41.728684 22.156284
119.753675 42.188648 21.116802
119.788673 42.648612 20.816029
119.824504 43.108577 20.655510
119.861190 43.568541 20.178338
119.898757 44.028506 20.048494
119.937229 44.488470 20.067279
119.976634 44.948434 20.431098
120.016999 45.408399 20.483242
120.058352 45.868363 20.704752
120.100725 46.328328 20.151418
120.144147 46.788292 20.305289
120.188653 47.248257 20.755930
120.234275 47.708221 21.683720
120.281051 48.168185 22.156301
120.329016 48.628150 22.006161
120.378211 49.088114 23.605845
120.428675 49.548079 26.067371
120.480452 50.008043 28.826117
120.259527 40.808755 24.629525
120.296410 41.268719 21.212409
120.334160 41.728684 19.756681
120.372801 42.188648 19.300450
120.412357 42.648612 19.418374
120.452854 43.108577 19.728404
120.494318 43.568541 20.362104
120.536778 44.028506 20.030810
120.580261 44.488470 19.700314
120.624798 44.948434 19.530024
120.670420 45.408399 19.404478
120.717159 45.868363 19.560300
120.765050 46.328328 19.183112
120.814128 46.788292 19.185581
120.864430 47.248257 19.760824
120.915995 47.708221 21.324066
120.968862 48.168185 22.032558
121.023075 48.628150 22.147907
121.078676 49.088114 23.121883
121.135713 49.548079 25.392370
121.194234 50.008043 28.500696
120.865599 40.808755 23.110110
120.906732 41.268719 19.059474
120.948833 41.728684 17.896166
120.991926 42.188648 17.760918
121.036041 42.648612 17.496294
121.081204 43.108577 17.522306
121.127447 43.568541 17.532590
121.174799 44.028506 17.860808
121.223293 44.488470 18.117805
121.272962 44.948434 17.748405
121.323841 45.408399 17.606512
121.375966 45.868363 18.194704
121.429376 46.328328 18.870346
121.484109 46.788292 19.054632
121.540208 47.248257 19.504166
121.597714 47.708221 20.531652
121.656674 48.168185 21.317572
121.717133 48.628150 21.703144
121.779142 49.088114 21.983219
121.842752 49.548079 24.660582
121.908016 50.008043 28.091349
121.471672 40.808755 22.951045
121.517055 41.268719 17.903769
121.563505 41.728684 17.121420
121.611052 42.188648 16.890646
121.659724 42.648612 15.951243
121.709554 43.108577 15.716612
121.760575 43.568541 15.438990
121.812820 44.028506 16.139322
121.866324 44.488470 16.546755
121.921125 44.948434 15.697770
121.977262 45.408399 15.908243
122.034773 45.868363 17.925041
122.093701 46.328328 18.485006
122.154090 46.788292 18.254617
122.215985 47.248257 18.845368
122.279433 47.708221 19.821244
122.344485 48.168185 20.381957
122.411192 48.628150 21.029496
122.479608 49.088114 21.063193
122.549790 49.548079 23.912231
122.621797 50.008043 27.306376
122.077744 40.808755 24.078872
122.127378 41.268719 19.826778
122.178178 41.728684 18.304967
122.230177 42.188648 16.853053
122.283408 42.648612 15.679574
122.337905 43.108577 14.849142
122.393703 43.568541 14.192835
122.450841 44.028506 14.121370
122.509356 44.488470 14.097687
122.569289 44.948434 14.285969
122.630683 45.408399 14.910673
122.693580 45.868363 16.377709
122.758027 46.328328 16.969696
122.824071 46.788292 17.437653
122.891762 47.248257 17.861475
122.961153 47.708221 18.416722
123.032297 48.168185 19.505167
123.105250 48.628150 20.490245
123.180074 49.088114 21.326094
123.256828 49.548079 24.447772
123.335579 50.008043 26.894391
122.683816 40.808755 25.319394
122.737700 41.268719 21.884284
122.792851 41.728684 20.351204
122.849302 42.188648 18.763235
122.907091 42.648612 17.484861
122.966255 43.108577 16.297138
123.026831 43.568541 13.487957
123.088862 44.028506 12.718434
123.152388 44.488470 11.895632
123.217453 44.948434 12.731550
123.284103 45.408399 14.156248
123.352387 45.868363 15.196455
123.422352 46.328328 15.871883
123.494052 46.788292 16.126222
123.567540 47.248257 16.588080
123.642872 47.708221 17.911422
123.720108 48.168185 19.503528
123.799309 48.628150 20.447356
123.880539 49.088114 22.031421
123.963866 49.548079 24.883799
124.049361 50.008043 26.777935
123.289889 40.808755 26.427558
123.348023 41.268719 24.159766
123.407523 41.728684 21.764747
123.468428 42.188648 19.350867
123.530775 42.648612 17.945628
123.594605 43.108577 15.958714
123.659960 43.568541 13.386534
123.726883 44.028506 12.741123
123.795419 44.488470 12.288009
123.865617 44.948434 13.986116
123.937524 45.408399 15.350419
124.011194 45.868363 15.996396
124.086678 46.328328 15.162630
124.164033 46.788292 14.580165
124.243317 47.248257 16.178433
124.324592 47.708221 17.840533
124.407919 48.168185 18.941164
124.493367 48.628150 20.040617
124.581005 49.088114 22.273366
124.670905 49.548079 24.892830
124.763143 50.008043 26.838867
123.895961 40.808755 27.378175
123.958345 41.268719 24.848194
124.022196 41.728684 21.601018
124.087553 42.188648 19.366791
124.154459 42.648612 18.530476
124.222955 43.108577 16.429055
124.293088 43.568541 14.006169
124.364904 44.028506 13.558192
124.438451 44.488470 13.633047
124.513781 44.948434 15.246277
124.590945 45.408399 16.772738
124.670001 45.868363 16.420040
124.751003 46.328328 15.227666
124.834014 46.788292 15.948626
124.919095 47.248257 17.144210
125.006311 47.708221 18.055931
125.095731 48.168185 19.254523
125.187426 48.628150 20.837254
125.281471 49.088114 23.260242
125.377943 49.548079 25.411751
125.476924 50.008043 27.107636
124.502034 40.808755 25.386077
124.568668 41.268719 23.369081
124.636869 41.728684 21.768534
124.706679 42.188648 20.383954
124.778142 42.648612 18.577023
124.851305 43.108577 15.350461
124.926216 43.568541 14.109337
125.002925 44.028506 13.028940
125.081483 44.488470 12.829948
125.161944 44.948434 14.208813
125.244366 45.408399 15.603048
125.328807 45.868363 16.167967
125.415329 46.328328 16.677789
125.503995 46.788292 17.057066
125.594872 47.248257 17.456824
125.688030 47.708221 18.198316
125.783542 48.168185 19.483950
125.881485 48.628150 21.566683
125.981936 49.088114 23.798397
126.084981 49.548079 25.059527
126.190706 50.008043 26.517903
125.108106 40.808755 23.477500
125.178990 41.268719 21.969386
125.251541 41.728684 21.709431
125.325804 42.188648 19.753285
125.401826 42.648612 17.085970
125.479655 43.108577 16.059391
125.559344 43.568541 14.486843
125.640946 44.028506 12.995636
125.724514 44.488470 12.329908
125.810108 44.948434 12.589399
125.897787 45.408399 13.160780
125.987614 45.868363 13.965493
126.079655 46.328328 14.976570
126.173976 46.788292 15.831476
126.270650 47.248257 16.820897
126.369750 47.708221 17.569384
126.471354 48.168185 18.519384
126.575543 48.628150 19.967191
126.682402 49.088114 21.938643
126.792020 49.548079 23.713097
126.904488 50.008043 25.479514
125.714179 40.808755 22.304288
125.789313 41.268719 20.367305
125.866214 41.728684 19.772744
125.944929 42.188648 18.513546
126.025509 42.648612 18.311832
126.108006 43.108577 17.192850
126.192473 43.568541 15.466377
126.278967 44.028506 13.822773
126.367546 44.488470 13.410318
126.458272 44.948434 13.630188
126.551208 45.408399 13.465763
126.646421 45.868363 13.758636
126.743980 46.328328 14.380373
126.843957 46.788292 15.463208
126.946427 47.248257 17.014515
127.051469 47.708221 18.059870
127.159165 48.168185 18.073518
127.269602 48.628150 18.885465
127.382868 49.088114 20.619593
127.499058 49.548079 22.435411
127.618270 50.008043 24.302824
126.320251 40.808755 20.843546
126.399636 41.268719 17.050911
126.480887 41.728684 17.713577
126.564055 42.188648 19.555705
126.649193 42.648612 18.874535
126.736356 43.108577 16.594297
126.825601 43.568541 16.089754
126.916987 44.028506 14.669558
127.010578 44.488470 14.489165
127.106436 44.948434 14.111267
127.204629 45.408399 14.008104
127.305228 45.868363 14.068878
127.408306 46.328328 13.885578
127.513938 46.788292 15.712185
127.622204 47.248257 18.146307
127.733188 47.708221 18.587036
127.846977 48.168185 18.352690
127.963660 48.628150 18.320737
128.083334 49.088114 19.678206
128.206096 49.548079 21.181341
128.332052 50.008043 22.887848
126.926324 40.808755 21.657493
127.009958 41.268719 17.508818
127.095559 41.728684 17.662354
127.183180 42.188648 17.755641
127.272876 42.648612 15.442399
127.364706 43.108577 15.759354
127.458729 43.568541 16.764121
127.555008 44.028506 16.569001
127.653609 44.488470 15.550040
127.754600 44.948434 14.253641
127.858050 45.408399 15.429204
127.964035 45.868363 16.259384
128.072631 46.328328 17.473392
128.183919 46.788292 19.212213
128.297982 47.248257 19.553408
128.414908 47.708221 19.130400
128.534788 48.168185 18.651317
128.657719 48.628150 19.049608
128.783799 49.088114 19.978029
128.913134 49.548079 21.043962
129.045833 50.008043 22.833324
127.532396 40.808755 23.188890
127.620281 41.268719 19.588352
127.710232 41.728684 18.164201
127.802306 42.188648 18.893325
127.896560 42.648612 16.222368
127.993056 43.108577 15.638394
128.091857 43.568541 14.738084
128.193029 44.028506 15.705738
128.296641 44.488470 16.105527
128.402763 44.948434 15.865541
128.511471 45.408399 17.106901
128.622842 45.868363 20.982362
128.736957 46.328328 21.330948
128.853900 46.788292 22.482154
128.973759 47.248257 22.054650
129.096627 47.708221 21.619953
129.222600 48.168185 21.621668
129.351777 48.628150 21.969493
129.484265 49.088114 22.343559
129.620173 49.548079 23.046760
129.759615 50.008043 24.704563
128.138468 40.808755 26.200368
128.230603 41.268719 22.526975
128.324905 41.728684 21.822965
128.421431 42.188648 19.772845
128.520244 42.648612 15.396769
128.621406 43.108577 12.844228
128.724986 43.568541 12.758190
128.831050 44.028506 14.758686
128.939673 44.488470 17.023421
129.050927 44.948434 20.000366
129.164892 45.408399 19.903609
129.281649 45.868363 21.909883
129.401282 46.328328 25.281181
129.523881 46.788292 26.840650
129.649537 47.248257 26.677320
129.778347 47.708221 26.251433
129.910411 48.168185 26.127892
128.744541 40.808755 28.479308
128.840926 41.268719 25.889210
128.939577 41.728684 22.768278
129.040556 42.188648 19.963137
129.143927 42.648612 16.223043
129.249757 43.108577 13.878277
129.358114 43.568541 14.893287
129.469071 44.028506 15.455049
129.582704 44.488470 18.258123
129.699091 44.948434 22.544229
129.818313 45.408399 24.084952
129.940456 45.868363 26.404053
129.350613 40.808755 29.864580
129.451249 41.268719 27.648189
129.554250 41.728684 25.797002
129.659682 42.188648 25.139371
129.767611 42.648612 20.872186
129.878107 43.108577 19.748731
129.991242 43.568541 20.767419
129.956686 40.808755 31.963823
