114.804875 40.808755 -1.000937
114.803506 41.268719 -1.254907
114.802106 41.728684 -1.152314
114.800672 42.188648 -0.983133
114.799205 42.648612 -0.769150
114.797702 43.108577 -0.629567
114.796164 43.568541 -0.546851
114.794589 44.028506 -0.524379
114.792976 44.488470 -0.636430
114.791323 44.948434 -0.922994
114.789631 45.408399 -1.040599
114.787897 45.868363 -1.096450
114.786120 46.328328 -1.136459
114.784299 46.788292 -1.178714
114.782433 47.248257 -1.214196
114.780520 47.708221 -1.234849
114.778559 48.168185 -1.259966
114.776548 48.628150 -1.285392
114.774485 49.088114 -1.304677
114.772369 49.548079 -1.262901
114.770198 50.008043 -0.977527
115.410947 40.808755 -1.123121
115.413829 41.268719 -1.494481
115.416779 41.728684 -1.537334
115.419798 42.188648 -1.302314
115.422888 42.648612 -0.980274
115.426053 43.108577 -0.777878
115.429292 43.568541 -0.682912
115.432610 44.028506 -0.695109
115.436007 44.488470 -0.897723
115.439487 44.948434 -1.232261
115.443052 45.408399 -1.306599
115.446704 45.868363 -1.362021
115.450446 46.328328 -1.422466
115.454280 46.788292 -1.479161
115.458211 47.248257 -1.515606
115.462240 47.708221 -1.551972
115.466370 48.168185 -1.578996
115.470606 48.628150 -1.601575
115.474951 49.088114 -1.608041
115.479407 49.548079 -1.563605
115.483979 50.008043 -1.221244
116.017020 40.808755 -1.042724
116.024152 41.268719 -1.407455
116.031451 41.728684 -1.409823
116.038923 42.188648 -1.391964
116.046572 42.648612 -1.240357
116.054403 43.108577 -1.043760
116.062421 43.568541 -0.888671
116.070631 44.028506 -0.952054
116.079039 44.488470 -1.198666
116.087651 44.948434 -1.257056
116.096473 45.408399 -1.287348
116.105511 45.868363 -1.323328
116.114771 46.328328 -1.367890
116.124261 46.788292 -1.435472
116.133988 47.248257 -1.487921
116.143959 47.708221 -1.513057
116.154182 48.168185 -1.511760
116.164665 48.628150 -1.506603
116.175416 49.088114 -1.520648
116.186445 49.548079 -1.555639
116.197761 50.008043 -1.224245
116.623092 40.808755 -1.034827
116.634474 41.268719 -1.371342
116.646124 41.728684 -1.320300
116.658049 42.188648 -1.252945
116.670256 42.648612 -1.189841
116.682753 43.108577 -1.159180
116.695549 43.568541 -1.128590
116.708652 44.028506 -1.165232
116.722071 44.488470 -1.197448
116.735815 44.948434 -1.243805
116.749894 45.408399 -1.290151
116.764318 45.868363 -1.301231
116.779097 46.328328 -1.327835
116.794242 46.788292 -1.348361
116.809766 47.248257 -1.362611
116.825678 47.708221 -1.380580
116.841993 48.168185 -1.385151
116.858723 48.628150 -1.371282
116.875882 49.088114 -1.403397
116.893484 49.548079 -1.450822
116.911543 50.008043 -1.174558
117.229165 40.808755 -0.971190
117.244797 41.268719 -1.291354
117.260797 41.728684 -1.246450
117.277174 42.188648 -1.134994
117.293939 42.648612 -1.076843
117.311103 43.108577 -1.119273
117.328677 43.568541 -1.145954
117.346673 44.028506 -1.147877
117.365102 44.488470 -1.183451
117.383979 44.948434 -1.237167
117.403315 45.408399 -1.236300
117.423125 45.868363 -1.195603
117.443422 46.328328 -1.086705
117.464223 46.788292 -1.024536
117.485543 47.248257 -1.025694
117.507398 47.708221 -1.048361
117.529805 48.168185 -1.057573
117.552782 48.628150 -1.065670
117.576348 49.088114 -1.142162
117.600522 49.548079 -1.298889
117.625325 50.008043 -1.107651
117.835237 40.808755 -0.858665
117.855119 41.268719 -1.169279
117.875469 41.728684 -1.177862
117.896299 42.188648 -1.110509
117.917623 42.648612 -1.074977
117.939453 43.108577 -1.132254
117.961805 43.568541 -1.163243
117.984694 44.028506 -1.150975
118.008134 44.488470 -1.168631
118.032142 44.948434 -1.196536
118.056736 45.408399 -1.101151
118.081931 45.868363 -0.967462
118.107748 46.328328 -0.895829
118.134204 46.788292 -0.898861
118.161320 47.248257 -0.943716
118.189117 47.708221 -0.991642
118.217616 48.168185 -1.003138
118.246840 48.628150 -0.984245
118.276813 49.088114 -0.990448
118.307560 49.548079 -1.047226
118.339107 50.008043 -0.972343
118.441309 40.808755 -0.760706
118.465442 41.268719 -1.029603
118.490142 41.728684 -1.104263
118.515425 42.188648 -1.160173
118.541306 42.648612 -1.142783
118.567804 43.108577 -1.154893
118.594934 43.568541 -1.166368
118.622715 44.028506 -1.178261
118.651166 44.488470 -1.197980
118.680306 44.948434 -1.231878
118.710157 45.408399 -1.167548
118.740738 45.868363 -1.035008
118.772073 46.328328 -0.992559
118.804185 46.788292 -1.035874
118.837098 47.248257 -1.116427
118.870837 47.708221 -1.155202
118.905428 48.168185 -1.135675
118.940899 48.628150 -1.050969
118.977279 49.088114 -0.954025
119.014598 49.548079 -0.870822
119.052888 50.008043 -0.740767
119.047382 40.808755 -0.693359
119.075765 41.268719 -0.991197
119.104815 41.728684 -1.126268
119.134550 42.188648 -1.211386
119.164990 42.648612 -1.189648
119.196154 43.108577 -1.161929
119.228062 43.568541 -1.175062
119.260736 44.028506 -1.246752
119.294197 44.488470 -1.275626
119.328470 44.948434 -1.274929
119.363578 45.408399 -1.245328
119.399545 45.868363 -1.193976
119.436399 46.328328 -1.205483
119.474166 46.788292 -1.245532
119.512875 47.248257 -1.225447
119.552556 47.708221 -1.204182
119.593239 48.168185 -1.222493
119.634958 48.628150 -1.160891
119.677745 49.088114 -0.973153
119.721637 49.548079 -0.811321
119.766670 50.008043 -0.627397
119.653454 40.808755 -0.707815
119.686087 41.268719 -0.999568
119.719487 41.728684 -1.121355
119.753675 42.188648 -1.191570
119.788673 42.648612 -1.191829
119.824504 43.108577 -1.173949
119.861190 43.568541 -1.208364
119.898757 44.028506 -1.282216
119.937229 44.488470 -1.321118
119.976634 44.948434 -1.286364
120.016999 45.408399 -1.238840
120.058352 45.868363 -1.220476
120.100725 46.328328 -1.237174
120.144147 46.788292 -1.232705
120.188653 47.248257 -1.184867
120.234275 47.708221 -1.140809
120.281051 48.168185 -1.156778
120.329016 48.628150 -1.175074
120.378211 49.088114 -1.034957
120.428675 49.548079 -0.838358
120.480452 50.008043 -0.621762
120.259527 40.808755 -0.767161
120.296410 41.268719 -1.063942
120.334160 41.728684 -1.143277
120.372801 42.188648 -1.155568
120.412357 42.648612 -1.156212
120.452854 43.108577 -1.168419
120.494318 43.568541 -1.202916
120.536778 44.028506 -1.243007
120.580261 44.488470 -1.262420
120.624798 44.948434 -1.240780
120.670420 45.408399 -1.213465
120.717159 45.868363 -1.203512
120.765050 46.328328 -1.220881
120.814128 46.788292 -1.225288
120.864430 47.248257 -1.180594
120.915995 47.708221 -1.122752
120.968862 48.168185 -1.122623
121.023075 48.628150 -1.159194
121.078676 49.088114 -1.099175
121.135713 49.548079 -0.913645
121.194234 50.008043 -0.673767
120.865599 40.808755 -0.775409
120.906732 41.268719 -1.128601
120.948833 41.728684 -1.174854
120.991926 42.188648 -1.155806
121.036041 42.648612 -1.148863
121.081204 43.108577 -1.174181
121.127447 43.568541 -1.192846
121.174799 44.028506 -1.173826
121.223293 44.488470 -1.152800
121.272962 44.948434 -1.148390
121.323841 45.408399 -1.148254
121.375966 45.868363 -1.154966
121.429376 46.328328 -1.183765
121.484109 46.788292 -1.204709
121.540208 47.248257 -1.184796
121.597714 47.708221 -1.144229
121.656674 48.168185 -1.137951
121.717133 48.628150 -1.154464
121.779142 49.088114 -1.154962
121.842752 49.548079 -0.938213
121.908016 50.008043 -0.686797
121.471672 40.808755 -0.778885
121.517055 41.268719 -1.166243
121.563505 41.728684 -1.197020
121.611052 42.188648 -1.178229
121.659724 42.648612 -1.171380
121.709554 43.108577 -1.189593
121.760575 43.568541 -1.192555
121.812820 44.028506 -1.137768
121.866324 44.488470 -1.092220
121.921125 44.948434 -1.089833
121.977262 45.408399 -1.103832
122.034773 45.868363 -1.118532
122.093701 46.328328 -1.146267
122.154090 46.788292 -1.179637
122.215985 47.248257 -1.189465
122.279433 47.708221 -1.174121
122.344485 48.168185 -1.166667
122.411192 48.628150 -1.173985
122.479608 49.088114 -1.179847
122.549790 49.548079 -0.949001
122.621797 50.008043 -0.688718
122.077744 40.808755 -0.709972
122.127378 41.268719 -1.007186
122.178178 41.728684 -1.113186
122.230177 42.188648 -1.142174
122.283408 42.648612 -1.161214
122.337905 43.108577 -1.174282
122.393703 43.568541 -1.162528
122.450841 44.028506 -1.134483
122.509356 44.488470 -1.107449
122.569289 44.948434 -1.111380
122.630683 45.408399 -1.117499
122.693580 45.868363 -1.119076
122.758027 46.328328 -1.136861
122.824071 46.788292 -1.165759
122.891762 47.248257 -1.181569
122.961153 47.708221 -1.174520
123.032297 48.168185 -1.161681
123.105250 48.628150 -1.164020
123.180074 49.088114 -1.142542
123.256828 49.548079 -0.923055
123.335579 50.008043 -0.685688
122.683816 40.808755 -0.621206
122.737700 41.268719 -0.836998
122.792851 41.728684 -0.943231
122.849302 42.188648 -0.983605
122.907091 42.648612 -1.006474
122.966255 43.108577 -1.051806
123.026831 43.568541 -1.109636
123.088862 44.028506 -1.123998
123.152388 44.488470 -1.124218
123.217453 44.948434 -1.130478
123.284103 45.408399 -1.134664
123.352387 45.868363 -1.137072
123.422352 46.328328 -1.154220
123.494052 46.788292 -1.177805
123.567540 47.248257 -1.177075
123.642872 47.708221 -1.166113
123.720108 48.168185 -1.143401
123.799309 48.628150 -1.130251
123.880539 49.088114 -1.058202
123.963866 49.548079 -0.874058
124.049361 50.008043 -0.648237
123.289889 40.808755 -0.599607
123.348023 41.268719 -0.806441
123.407523 41.728684 -0.912771
123.468428 42.188648 -0.941312
123.530775 42.648612 -0.955105
123.594605 43.108577 -0.987654
123.659960 43.568541 -1.036792
123.726883 44.028506 -1.058529
123.795419 44.488470 -1.066348
123.865617 44.948434 -1.075736
123.937524 45.408399 -1.088083
124.011194 45.868363 -1.115410
124.086678 46.328328 -1.150208
124.164033 46.788292 -1.178291
124.243317 47.248257 -1.173637
124.324592 47.708221 -1.153704
124.407919 48.168185 -1.120947
124.493367 48.628150 -1.085107
124.581005 49.088114 -0.993911
124.670905 49.548079 -0.830171
124.763143 50.008043 -0.617512
123.895961 40.808755 -0.613742
123.958345 41.268719 -0.835485
124.022196 41.728684 -0.952059
124.087553 42.188648 -0.981250
124.154459 42.648612 -0.985327
124.222955 43.108577 -1.009750
124.293088 43.568541 -1.041941
124.364904 44.028506 -1.047278
124.438451 44.488470 -1.029280
124.513781 44.948434 -1.014424
124.590945 45.408399 -1.010725
124.670001 45.868363 -1.034066
124.751003 46.328328 -1.080773
124.834014 46.788292 -1.120039
124.919095 47.248257 -1.128778
125.006311 47.708221 -1.111634
125.095731 48.168185 -1.081029
125.187426 48.628150 -1.022763
125.281471 49.088114 -0.924291
125.377943 49.548079 -0.768871
125.476924 50.008043 -0.574823
124.502034 40.808755 -0.639904
124.568668 41.268719 -0.843469
124.636869 41.728684 -0.931558
124.706679 42.188648 -0.971367
124.778142 42.648612 -0.987100
124.851305 43.108577 -1.016155
124.926216 43.568541 -1.059712
125.002925 44.028506 -1.090784
125.081483 44.488470 -1.089760
125.161944 44.948434 -1.068884
125.244366 45.408399 -1.034484
125.328807 45.868363 -1.022649
125.415329 46.328328 -1.036153
125.503995 46.788292 -1.067592
125.594872 47.248257 -1.085444
125.688030 47.708221 -1.073010
125.783542 48.168185 -1.033345
125.881485 48.628150 -0.968229
125.981936 49.088114 -0.862018
126.084981 49.548079 -0.715539
126.190706 50.008043 -0.544458
125.108106 40.808755 -0.688292
125.178990 41.268719 -0.861414
125.251541 41.728684 -0.872456
125.325804 42.188648 -0.897813
125.401826 42.648612 -0.935003
125.479655 43.108577 -0.974466
125.559344 43.568541 -1.029075
125.640946 44.028506 -1.084135
125.724514 44.488470 -1.118359
125.810108 44.948434 -1.141482
125.897787 45.408399 -1.157541
125.987614 45.868363 -1.158991
126.079655 46.328328 -1.127123
126.173976 46.788292 -1.126811
126.270650 47.248257 -1.100443
126.369750 47.708221 -1.066614
126.471354 48.168185 -1.038130
126.575543 48.628150 -0.964923
126.682402 49.088114 -0.838026
126.792020 49.548079 -0.692973
126.904488 50.008043 -0.523784
125.714179 40.808755 -0.723770
125.789313 41.268719 -0.885220
125.866214 41.728684 -0.843573
125.944929 42.188648 -0.834586
126.025509 42.648612 -0.854352
126.108006 43.108577 -0.907130
126.192473 43.568541 -0.973756
126.278967 44.028506 -1.037172
126.367546 44.488470 -1.072249
126.458272 44.948434 -1.093273
126.551208 45.408399 -1.109207
126.646421 45.868363 -1.121578
126.743980 46.328328 -1.120107
126.843957 46.788292 -1.101754
126.946427 47.248257 -1.069369
127.051469 47.708221 -1.034253
127.159165 48.168185 -1.015145
127.269602 48.628150 -0.973377
127.382868 49.088114 -0.845221
127.499058 49.548079 -0.705588
127.618270 50.008043 -0.536874
126.320251 40.808755 -0.686037
126.399636 41.268719 -0.858131
126.480887 41.728684 -0.807622
126.564055 42.188648 -0.766717
126.649193 42.648612 -0.790329
126.736356 43.108577 -0.849271
126.825601 43.568541 -0.917971
126.916987 44.028506 -0.980067
127.010578 44.488470 -1.019988
127.106436 44.948434 -1.040158
127.204629 45.408399 -1.057867
127.305228 45.868363 -1.076140
127.408306 46.328328 -1.076141
127.513938 46.788292 -1.056861
127.622204 47.248257 -1.024687
127.733188 47.708221 -0.996479
127.846977 48.168185 -0.991515
127.963660 48.628150 -0.950016
128.083334 49.088114 -0.847821
128.206096 49.548079 -0.724698
128.332052 50.008043 -0.581685
126.926324 40.808755 -0.580546
127.009958 41.268719 -0.764087
127.095559 41.728684 -0.767201
127.183180 42.188648 -0.749995
127.272876 42.648612 -0.791590
127.364706 43.108577 -0.848719
127.458729 43.568541 -0.883303
127.555008 44.028506 -0.903971
127.653609 44.488470 -0.947557
127.754600 44.948434 -0.984617
127.858050 45.408399 -1.018300
127.964035 45.868363 -1.037686
128.072631 46.328328 -1.022670
128.183919 46.788292 -0.986129
128.297982 47.248257 -0.955813
128.414908 47.708221 -0.934506
128.534788 48.168185 -0.905712
128.657719 48.628150 -0.853385
128.783799 49.088114 -0.787618
128.913134 49.548079 -0.706439
129.045833 50.008043 -0.576509
127.532396 40.808755 -0.507671
127.620281 41.268719 -0.681406
127.710232 41.728684 -0.698173
127.802306 42.188648 -0.726698
127.896560 42.648612 -0.791488
127.993056 43.108577 -0.841826
128.091857 43.568541 -0.851539
128.193029 44.028506 -0.836400
128.296641 44.488470 -0.831102
128.402763 44.948434 -0.888766
128.511471 45.408399 -0.932484
128.622842 45.868363 -0.916988
128.736957 46.328328 -0.866067
128.853900 46.788292 -0.816881
128.973759 47.248257 -0.781478
129.096627 47.708221 -0.756587
129.222600 48.168185 -0.726920
129.351777 48.628150 -0.685822
129.484265 49.088114 -0.645351
129.620173 49.548079 -0.588928
129.759615 50.008043 -0.468265
128.138468 40.808755 -0.420143
128.230603 41.268719 -0.560947
128.324905 41.728684 -0.590917
128.421431 42.188648 -0.638702
128.520244 42.648612 -0.726919
128.621406 43.108577 -0.796139
128.724986 43.568541 -0.825079
128.831050 44.028506 -0.817683
128.939673 44.488470 -0.743208
129.050927 44.948434 -0.748792
129.164892 45.408399 -0.771260
129.281649 45.868363 -0.745989
129.401282 46.328328 -0.672458
129.523881 46.788292 -0.602836
129.649537 47.248257 -0.558165
129.778347 47.708221 -0.527854
129.910411 48.168185 -0.500364
128.744541 40.808755 -0.311790
128.840926 41.268719 -0.415254
128.939577 41.728684 -0.493191
129.040556 42.188648 -0.573960
129.143927 42.648612 -0.682908
129.249757 43.108577 -0.745446
129.358114 43.568541 -0.737604
129.469071 44.028506 -0.712766
129.582704 44.488470 -0.614434
129.699091 44.948434 -0.580802
129.818313 45.408399 -0.583766
129.940456 45.868363 -0.541366
129.350613 40.808755 -0.240602
129.451249 41.268719 -0.307685
129.554250 41.728684 -0.357221
129.659682 42.188648 -0.399902
129.767611 42.648612 -0.480345
129.878107 43.108577 -0.531757
129.991242 43.568541 -0.498560
129.956686 40.808755 -0.126822
