114.804875 40.808755 3241.758002
114.803506 41.268719 3242.199991
114.802106 41.728684 3240.861665
114.800672 42.188648 3238.580770
114.799205 42.648612 3238.966327
114.797702 43.108577 3240.712094
114.796164 43.568541 3241.179512
114.794589 44.028506 3241.647894
114.792976 44.488470 3242.256968
114.791323 44.948434 3242.763076
114.789631 45.408399 3242.919808
114.787897 45.868363 3243.464151
114.786120 46.328328 3244.118763
114.784299 46.788292 3244.741123
114.782433 47.248257 3245.528151
114.780520 47.708221 3246.187083
114.778559 48.168185 3246.564420
114.776548 48.628150 3246.669103
114.774485 49.088114 3246.257753
114.772369 49.548079 3245.897962
114.770198 50.008043 3245.326116
115.410947 40.808755 3243.565152
115.413829 41.268719 3243.165531
115.416779 41.728684 3242.496854
115.419798 42.188648 3242.332490
115.422888 42.648612 3242.532264
115.426053 43.108577 3242.606897
115.429292 43.568541 3242.742134
115.432610 44.028506 3243.453252
115.436007 44.488470 3244.165692
115.439487 44.948434 3244.012509
115.443052 45.408399 3243.723192
115.446704 45.868363 3244.002705
115.450446 46.328328 3244.363193
115.454280 46.788292 3245.047123
115.458211 47.248257 3245.942527
115.462240 47.708221 3246.572560
115.466370 48.168185 3246.865031
115.470606 48.628150 3246.986948
115.474951 49.088114 3246.694729
115.479407 49.548079 3246.400214
115.483979 50.008043 3246.279070
116.017020 40.808755 3245.135723
116.024152 41.268719 3244.512038
116.031451 41.728684 3244.043180
116.038923 42.188648 3243.731847
116.046572 42.648612 3243.444092
116.054403 43.108577 3243.571394
116.062421 43.568541 3243.866392
116.070631 44.028506 3244.425808
116.079039 44.488470 3244.403393
116.087651 44.948434 3244.128618
116.096473 45.408399 3243.987300
116.105511 45.868363 3244.249483
116.114771 46.328328 3245.005767
116.124261 46.788292 3245.864025
116.133988 47.248257 3246.101109
116.143959 47.708221 3246.276561
116.154182 48.168185 3246.850434
116.164665 48.628150 3247.278765
116.175416 49.088114 3247.168067
116.186445 49.548079 3247.183780
116.197761 50.008043 3247.417311
116.623092 40.808755 3246.557399
116.634474 41.268719 3245.808788
116.646124 41.728684 3245.263533
116.658049 42.188648 3244.828431
116.670256 42.648612 3244.302785
116.682753 43.108577 3244.526855
116.695549 43.568541 3244.497538
116.708652 44.028506 3244.476500
116.722071 44.488470 3244.563559
116.735815 44.948434 3244.436850
116.749894 45.408399 3244.280692
116.764318 45.868363 3244.862308
116.779097 46.328328 3245.520295
116.794242 46.788292 3245.666145
116.809766 47.248257 3245.740404
116.825678 47.708221 3246.071028
116.841993 48.168185 3246.744684
116.858723 48.628150 3246.657389
116.875882 49.088114 3246.636019
116.893484 49.548079 3247.417311
116.911543 50.008043 3248.061691
117.229165 40.808755 3248.236022
117.244797 41.268719 3247.660202
117.260797 41.728684 3247.161170
117.277174 42.188648 3245.888367
117.293939 42.648612 3245.088247
117.311103 43.108577 3244.847508
117.328677 43.568541 3244.584818
117.346673 44.028506 3244.757003
117.365102 44.488470 3244.982219
117.383979 44.948434 3244.815388
117.403315 45.408399 3244.620680
117.423125 45.868363 3244.886280
117.443422 46.328328 3245.139345
117.464223 46.788292 3245.256837
117.485543 47.248257 3245.285676
117.507398 47.708221 3245.252486
117.529805 48.168185 3245.137179
117.552782 48.628150 3245.348007
117.576348 49.088114 3246.212674
117.600522 49.548079 3246.782412
117.625325 50.008043 3247.030176
117.835237 40.808755 3248.941728
117.855119 41.268719 3248.344167
117.875469 41.728684 3247.439429
117.896299 42.188648 3246.454367
117.917623 42.648612 3246.756184
117.939453 43.108577 3246.529788
117.961805 43.568541 3246.373853
117.984694 44.028506 3246.595359
118.008134 44.488470 3244.059301
118.032142 44.948434 3243.746388
118.056736 45.408399 3243.794642
118.081931 45.868363 3243.989020
118.107748 46.328328 3244.174932
118.134204 46.788292 3244.243405
118.161320 47.248257 3244.122372
118.189117 47.708221 3243.986081
118.217616 48.168185 3244.306616
118.246840 48.628150 3244.863121
118.276813 49.088114 3244.865819
118.307560 49.548079 3244.627088
118.339107 50.008043 3245.593341
118.441309 40.808755 3248.775101
118.465442 41.268719 3248.275538
118.490142 41.728684 3248.220235
118.515425 42.188648 3248.727108
118.541306 42.648612 3248.958787
118.567804 43.108577 3248.646098
118.594934 43.568541 3247.991198
118.622715 44.028506 3245.505814
118.651166 44.488470 3243.274881
118.680306 44.948434 3243.382256
118.710157 45.408399 3243.205921
118.740738 45.868363 3243.120560
118.772073 46.328328 3243.212669
118.804185 46.788292 3243.002835
118.837098 47.248257 3242.933816
118.870837 47.708221 3243.319744
118.905428 48.168185 3243.752749
118.940899 48.628150 3244.018760
118.977279 49.088114 3243.899158
119.014598 49.548079 3244.583209
119.052888 50.008043 3245.855710
119.047382 40.808755 3248.268203
119.075765 41.268719 3247.967205
119.104815 41.728684 3248.094029
119.134550 42.188648 3248.723988
119.164990 42.648612 3249.107034
119.196154 43.108577 3248.733182
119.228062 43.568541 3248.012309
119.260736 44.028506 3246.054109
119.294197 44.488470 3244.467977
119.328470 44.948434 3243.816967
119.363578 45.408399 3242.606237
119.399545 45.868363 3242.247356
119.436399 46.328328 3241.936994
119.474166 46.788292 3241.986620
119.512875 47.248257 3242.344785
119.552556 47.708221 3242.661437
119.593239 48.168185 3243.062612
119.634958 48.628150 3243.513432
119.677745 49.088114 3244.008171
119.721637 49.548079 3244.829713
119.766670 50.008043 3245.633555
119.653454 40.808755 3248.118587
119.686087 41.268719 3247.931763
119.719487 41.728684 3247.476551
119.753675 42.188648 3248.086356
119.788673 42.648612 3248.382115
119.824504 43.108577 3247.873041
119.861190 43.568541 3247.846193
119.898757 44.028506 3246.166765
119.937229 44.488470 3245.598361
119.976634 44.948434 3244.508364
120.016999 45.408399 3243.195832
120.058352 45.868363 3242.778546
120.100725 46.328328 3242.075937
120.144147 46.788292 3242.021336
120.188653 47.248257 3241.447462
120.234275 47.708221 3241.227928
120.281051 48.168185 3241.705824
120.329016 48.628150 3242.192300
120.378211 49.088114 3243.311462
120.428675 49.548079 3244.449112
120.480452 50.008043 3245.456226
120.259527 40.808755 3248.152356
120.296410 41.268719 3246.336981
120.334160 41.728684 3245.731989
120.372801 42.188648 3246.415907
120.412357 42.648612 3246.822344
120.452854 43.108577 3247.227145
120.494318 43.568541 3247.484367
120.536778 44.028506 3246.885581
120.580261 44.488470 3246.292475
120.624798 44.948434 3244.756101
120.670420 45.408399 3243.254264
120.717159 45.868363 3242.286730
120.765050 46.328328 3241.587118
120.814128 46.788292 3241.304870
120.864430 47.248257 3240.824666
120.915995 47.708221 3241.172505
120.968862 48.168185 3241.816310
121.023075 48.628150 3242.648147
121.078676 49.088114 3243.698662
121.135713 49.548079 3244.336894
121.194234 50.008043 3245.180656
120.865599 40.808755 3247.826437
120.906732 41.268719 3245.988141
120.948833 41.728684 3245.298289
120.991926 42.188648 3245.660628
121.036041 42.648612 3245.497341
121.081204 43.108577 3245.437908
121.127447 43.568541 3244.731512
121.174799 44.028506 3244.210113
121.223293 44.488470 3243.884923
121.272962 44.948434 3242.526302
121.323841 45.408399 3241.389139
121.375966 45.868363 3241.013185
121.429376 46.328328 3241.341158
121.484109 46.788292 3241.460092
121.540208 47.248257 3241.503308
121.597714 47.708221 3241.924385
121.656674 48.168185 3242.581626
121.717133 48.628150 3243.434748
121.779142 49.088114 3244.152111
121.842752 49.548079 3244.367987
121.908016 50.008043 3245.027165
121.471672 40.808755 3248.154783
121.517055 41.268719 3246.018844
121.563505 41.728684 3244.869884
121.611052 42.188648 3244.644883
121.659724 42.648612 3243.791803
121.709554 43.108577 3243.181155
121.760575 43.568541 3242.239121
121.812820 44.028506 3241.915638
121.866324 44.488470 3241.497968
121.921125 44.948434 3240.321845
121.977262 45.408399 3240.393283
122.034773 45.868363 3240.753045
122.093701 46.328328 3240.963125
122.154090 46.788292 3241.038939
122.215985 47.248257 3241.804694
122.279433 47.708221 3242.575345
122.344485 48.168185 3243.696313
122.411192 48.628150 3244.659121
122.479608 49.088114 3244.605443
122.549790 49.548079 3244.726975
122.621797 50.008043 3245.492591
122.077744 40.808755 3248.700354
122.127378 41.268719 3246.831212
122.178178 41.728684 3245.817011
122.230177 42.188648 3244.128923
122.283408 42.648612 3242.563874
122.337905 43.108577 3241.286047
122.393703 43.568541 3240.059539
122.450841 44.028506 3239.597819
122.509356 44.488470 3239.136888
122.569289 44.948434 3239.469234
122.630683 45.408399 3239.865640
122.693580 45.868363 3240.140811
122.758027 46.328328 3240.348797
122.824071 46.788292 3241.079013
122.891762 47.248257 3241.798187
122.961153 47.708221 3242.560193
123.032297 48.168185 3243.764357
123.105250 48.628150 3244.923844
123.180074 49.088114 3245.434345
123.256828 49.548079 3246.475995
123.335579 50.008043 3246.861846
122.683816 40.808755 3248.997592
122.737700 41.268719 3247.054137
122.792851 41.728684 3245.877656
122.849302 42.188648 3244.018731
122.907091 42.648612 3242.245220
122.966255 43.108577 3240.889181
123.026831 43.568541 3238.598679
123.088862 44.028506 3238.128397
123.152388 44.488470 3237.366832
123.217453 44.948434 3237.860892
123.284103 45.408399 3238.764171
123.352387 45.868363 3239.268490
123.422352 46.328328 3239.945865
123.494052 46.788292 3240.591806
123.567540 47.248257 3241.120116
123.642872 47.708221 3242.422634
123.720108 48.168185 3244.063585
123.799309 48.628150 3245.245066
123.880539 49.088114 3246.101085
123.963866 49.548079 3247.416168
124.049361 50.008043 3247.503891
123.289889 40.808755 3248.333061
123.348023 41.268719 3247.819765
123.407523 41.728684 3246.587214
123.468428 42.188648 3244.515736
123.530775 42.648612 3242.356450
123.594605 43.108577 3239.977423
123.659960 43.568541 3237.904656
123.726883 44.028506 3237.453004
123.795419 44.488470 3236.868321
123.865617 44.948434 3237.946051
123.937524 45.408399 3238.704728
124.011194 45.868363 3239.421059
124.086678 46.328328 3239.150567
124.164033 46.788292 3239.259236
124.243317 47.248257 3241.019507
124.324592 47.708221 3242.765097
124.407919 48.168185 3243.935648
124.493367 48.628150 3245.160733
124.581005 49.088114 3246.532480
124.670905 49.548079 3247.847251
124.763143 50.008043 3247.575397
123.895961 40.808755 3247.737813
123.958345 41.268719 3247.159961
124.022196 41.728684 3245.859257
124.087553 42.188648 3244.588158
124.154459 42.648612 3243.542786
124.222955 43.108577 3241.210277
124.293088 43.568541 3239.180840
124.364904 44.028506 3238.550189
124.438451 44.488470 3237.855770
124.513781 44.948434 3238.462050
124.590945 45.408399 3239.090402
124.670001 45.868363 3238.917481
124.751003 46.328328 3238.735961
124.834014 46.788292 3240.306727
124.919095 47.248257 3241.946182
125.006311 47.708221 3242.840519
125.095731 48.168185 3243.803614
125.187426 48.628150 3244.674193
125.281471 49.088114 3246.318359
125.377943 49.548079 3247.890827
125.476924 50.008043 3247.609891
124.502034 40.808755 3246.617894
124.568668 41.268719 3246.153883
124.636869 41.728684 3245.526565
124.706679 42.188648 3244.791346
124.778142 42.648612 3242.791434
124.851305 43.108577 3239.968251
124.926216 43.568541 3240.179055
125.002925 44.028506 3239.478153
125.081483 44.488470 3238.714456
125.161944 44.948434 3239.281470
125.244366 45.408399 3239.765752
125.328807 45.868363 3239.976440
125.415329 46.328328 3240.696752
125.503995 46.788292 3241.498559
125.594872 47.248257 3242.131466
125.688030 47.708221 3242.701790
125.783542 48.168185 3243.416795
125.881485 48.628150 3244.841052
125.981936 49.088114 3246.542412
126.084981 49.548079 3247.032197
126.190706 50.008043 3246.584776
125.108106 40.808755 3245.082213
125.178990 41.268719 3244.482533
125.251541 41.728684 3243.797613
125.325804 42.188648 3241.860325
125.401826 42.648612 3239.926185
125.479655 43.108577 3240.610113
125.559344 43.568541 3240.977509
125.640946 44.028506 3240.084166
125.724514 44.488470 3239.346079
125.810108 44.948434 3239.756645
125.897787 45.408399 3240.609879
125.987614 45.868363 3241.346166
126.079655 46.328328 3241.392133
126.173976 46.788292 3241.730318
126.270650 47.248257 3242.007527
126.369750 47.708221 3242.553926
126.471354 48.168185 3243.888068
126.575543 48.628150 3245.016280
126.682402 49.088114 3245.753738
126.792020 49.548079 3245.895811
126.904488 50.008043 3245.398006
125.714179 40.808755 3242.812104
125.789313 41.268719 3241.873846
125.866214 41.728684 3239.921655
125.944929 42.188648 3238.586167
126.025509 42.648612 3239.556914
126.108006 43.108577 3240.188400
126.192473 43.568541 3240.771059
126.278967 44.028506 3240.101180
126.367546 44.488470 3239.607077
126.458272 44.948434 3240.575659
126.551208 45.408399 3241.680727
126.646421 45.868363 3241.464474
126.743980 46.328328 3241.036932
126.843957 46.788292 3240.737881
126.946427 47.248257 3241.609654
127.051469 47.708221 3243.628703
127.159165 48.168185 3244.456556
127.269602 48.628150 3244.930905
127.382868 49.088114 3244.884464
127.499058 49.548079 3244.616364
127.618270 50.008043 3243.749599
126.320251 40.808755 3239.226358
126.399636 41.268719 3237.460228
126.480887 41.728684 3236.788441
126.564055 42.188648 3237.912923
126.649193 42.648612 3238.325604
126.736356 43.108577 3238.688399
126.825601 43.568541 3240.230705
126.916987 44.028506 3239.563052
127.010578 44.488470 3239.675098
127.106436 44.948434 3240.585485
127.204629 45.408399 3240.576147
127.305228 45.868363 3240.130675
127.408306 46.328328 3239.286131
127.513938 46.788292 3240.334310
127.622204 47.248257 3243.077152
127.733188 47.708221 3244.194233
127.846977 48.168185 3244.612448
127.963660 48.628150 3243.511567
128.083334 49.088114 3243.044473
128.206096 49.548079 3242.207381
128.332052 50.008043 3241.254294
126.926324 40.808755 3237.275688
127.009958 41.268719 3235.799247
127.095559 41.728684 3235.525804
127.183180 42.188648 3235.237672
127.272876 42.648612 3234.704767
127.364706 43.108577 3237.075539
127.458729 43.568541 3239.320214
127.555008 44.028506 3239.114514
127.653609 44.488470 3238.742794
127.754600 44.948434 3238.298710
127.858050 45.408399 3239.751070
127.964035 45.868363 3240.096959
128.072631 46.328328 3240.824226
128.183919 46.788292 3243.011704
128.297982 47.248257 3243.983880
128.414908 47.708221 3244.279286
128.534788 48.168185 3242.868889
128.657719 48.628150 3241.781804
128.783799 49.088114 3241.163619
128.913134 49.548079 3240.349967
129.045833 50.008043 3239.547803
127.532396 40.808755 3236.283914
127.620281 41.268719 3234.989435
127.710232 41.728684 3233.217016
127.802306 42.188648 3232.515427
127.896560 42.648612 3232.985316
127.993056 43.108577 3235.106463
128.091857 43.568541 3235.019562
128.193029 44.028506 3234.715015
128.296641 44.488470 3234.762376
128.402763 44.948434 3236.823443
128.511471 45.408399 3240.376623
128.622842 45.868363 3240.804871
128.736957 46.328328 3241.018688
128.853900 46.788292 3242.225398
128.973759 47.248257 3242.803676
129.096627 47.708221 3242.612763
129.222600 48.168185 3241.512734
129.351777 48.628150 3240.655586
129.484265 49.088114 3239.782630
129.620173 49.548079 3239.106118
129.759615 50.008043 3238.628765
128.138468 40.808755 3237.361385
128.230603 41.268719 3233.728428
128.324905 41.728684 3231.437767
128.421431 42.188648 3230.889212
128.520244 42.648612 3230.741222
128.621406 43.108577 3231.595199
128.724986 43.568541 3232.153505
128.831050 44.028506 3232.855141
128.939673 44.488470 3232.089483
129.050927 44.948434 3235.102513
129.164892 45.408399 3235.737080
129.281649 45.868363 3236.454987
129.401282 46.328328 3238.948756
129.523881 46.788292 3240.432692
129.649537 47.248257 3241.668321
129.778347 47.708221 3241.904316
129.910411 48.168185 3241.123581
128.744541 40.808755 3237.306072
128.840926 41.268719 3233.743539
128.939577 41.728684 3231.339875
129.040556 42.188648 3231.268717
129.143927 42.648612 3231.638248
129.249757 43.108577 3232.027176
129.358114 43.568541 3232.230574
129.469071 44.028506 3231.227191
129.582704 44.488470 3230.303273
129.699091 44.948434 3231.915625
129.818313 45.408399 3233.455611
129.940456 45.868363 3236.098223
129.350613 40.808755 3238.811865
129.451249 41.268719 3234.245117
129.554250 41.728684 3232.687815
129.659682 42.188648 3234.126507
129.767611 42.648612 3231.870475
129.878107 43.108577 3231.938603
129.991242 43.568541 3231.226061
129.956686 40.808755 3245.342790
