114.804875 40.808755 76.703833
114.803506 41.268719 95.158877
114.802106 41.728684 90.241203
114.800672 42.188648 81.543901
114.799205 42.648612 63.164286
114.797702 43.108577 49.484423
114.796164 43.568541 42.494964
114.794589 44.028506 40.290494
114.792976 44.488470 48.195026
114.791323 44.948434 69.068507
114.789631 45.408399 77.584582
114.787897 45.868363 80.724929
114.786120 46.328328 82.429098
114.784299 46.788292 84.304676
114.782433 47.248257 85.341191
114.780520 47.708221 85.554586
114.778559 48.168185 86.587360
114.776548 48.628150 88.136565
114.774485 49.088114 90.254414
114.772369 49.548079 88.049296
114.770198 50.008043 69.012886
115.410947 40.808755 82.496863
115.413829 41.268719 110.790685
115.416779 41.728684 115.760791
115.419798 42.188648 98.444622
115.422888 42.648612 73.752891
115.426053 43.108577 58.422706
115.429292 43.568541 51.127967
115.432610 44.028506 51.189500
115.436007 44.488470 65.043990
115.439487 44.948434 89.593511
115.443052 45.408399 95.627001
115.446704 45.868363 99.049955
115.450446 46.328328 102.605164
115.454280 46.788292 105.074771
115.458211 47.248257 105.565354
115.462240 47.708221 106.635960
115.466370 48.168185 107.815721
115.470606 48.628150 109.073696
115.474951 49.088114 110.199401
115.479407 49.548079 107.834339
115.483979 50.008043 84.443791
116.017020 40.808755 73.926311
116.024152 41.268719 101.182896
116.031451 41.728684 102.432066
116.038923 42.188648 101.854519
116.046572 42.648612 91.362042
116.054403 43.108577 76.656525
116.062421 43.568541 64.827489
116.070631 44.028506 68.576645
116.079039 44.488470 86.383763
116.087651 44.948434 91.155773
116.096473 45.408399 93.652314
116.105511 45.868363 95.699426
116.114771 46.328328 97.259711
116.124261 46.788292 100.155010
116.133988 47.248257 103.280516
116.143959 47.708221 104.627075
116.154182 48.168185 103.256906
116.164665 48.628150 101.972395
116.175416 49.088114 103.164558
116.186445 49.548079 105.503287
116.197761 50.008043 82.619266
116.623092 40.808755 71.126111
116.634474 41.268719 95.795891
116.646124 41.728684 93.341394
116.658049 42.188648 89.439280
116.670256 42.648612 85.942478
116.682753 43.108577 83.306522
116.695549 43.568541 81.161518
116.708652 44.028506 83.836203
116.722071 44.488470 85.985793
116.735815 44.948434 89.569241
116.749894 45.408399 93.234402
116.764318 45.868363 92.816008
116.779097 46.328328 93.344566
116.794242 46.788292 94.484798
116.809766 47.248257 95.328324
116.825678 47.708221 95.892289
116.841993 48.168185 94.823267
116.858723 48.628150 94.049484
116.875882 49.088114 96.296204
116.893484 49.548079 97.910006
116.911543 50.008043 78.203340
117.229165 40.808755 64.429171
117.244797 41.268719 86.704044
117.260797 41.728684 84.574673
117.277174 42.188648 79.148193
117.293939 42.648612 76.425620
117.311103 43.108577 79.863364
117.328677 43.568541 82.248885
117.346673 44.028506 82.069980
117.365102 44.488470 84.189780
117.383979 44.948434 88.338718
117.403315 45.408399 88.662062
117.423125 45.868363 85.236056
117.443422 46.328328 77.038224
117.464223 46.788292 72.442452
117.485543 47.248257 72.478120
117.507398 47.708221 74.134171
117.529805 48.168185 74.976643
117.552782 48.628150 75.199428
117.576348 49.088114 79.089106
117.600522 49.548079 88.846331
117.625325 50.008043 75.366115
117.835237 40.808755 56.142826
117.855119 41.268719 77.397005
117.875469 41.728684 79.451988
117.896299 42.188648 76.497218
117.917623 42.648612 73.571564
117.939453 43.108577 77.868683
117.961805 43.568541 80.268883
117.984694 44.028506 79.044788
118.008134 44.488470 84.876981
118.032142 44.948434 87.525254
118.056736 45.408399 80.459204
118.081931 45.868363 70.378426
118.107748 46.328328 64.893200
118.134204 46.788292 65.012063
118.161320 47.248257 68.443529
118.189117 47.708221 72.142214
118.217616 48.168185 72.450646
118.246840 48.628150 70.204330
118.276813 49.088114 70.642466
118.307560 49.548079 75.091713
118.339107 50.008043 68.244563
118.441309 40.808755 49.907852
118.465442 41.268719 68.248416
118.490142 41.728684 73.281284
118.515425 42.188648 76.190721
118.541306 42.648612 74.693533
118.567804 43.108577 75.970287
118.594934 43.568541 77.772122
118.622715 44.028506 82.856120
118.651166 44.488470 88.585722
118.680306 44.948434 90.866831
118.710157 45.408399 86.473183
118.740738 45.868363 76.808471
118.772073 46.328328 73.501352
118.804185 46.788292 77.083244
118.837098 47.248257 83.210990
118.870837 47.708221 85.333953
118.905428 48.168185 83.061295
118.940899 48.628150 76.401510
118.977279 49.088114 69.543013
119.014598 49.548079 62.504059
119.052888 50.008043 51.693775
119.047382 40.808755 45.967110
119.075765 41.268719 66.124965
119.104815 41.728684 74.937714
119.134550 42.188648 79.559091
119.164990 42.648612 77.521988
119.196154 43.108577 76.296540
119.228062 43.568541 78.317400
119.260736 44.028506 86.628641
119.294197 44.488470 91.796456
119.328470 44.948434 93.109403
119.363578 45.408399 93.532050
119.399545 45.868363 90.436952
119.436399 46.328328 91.984332
119.474166 46.788292 94.927913
119.512875 47.248257 92.607137
119.552556 47.708221 90.324749
119.593239 48.168185 90.843978
119.634958 48.628150 85.372504
119.677745 49.088114 70.761657
119.721637 49.548079 57.913117
119.766670 50.008043 43.995467
119.653454 40.808755 47.071344
119.686087 41.268719 66.732722
119.719487 41.728684 75.581205
119.753675 42.188648 79.295320
119.788673 42.648612 78.827759
119.824504 43.108577 78.470803
119.861190 43.568541 80.816583
119.898757 44.028506 88.875436
119.937229 44.488470 92.713347
119.976634 44.948434 92.485181
120.016999 45.408399 91.774798
120.058352 45.868363 91.296338
120.100725 46.328328 94.090776
120.144147 46.788292 93.872688
120.188653 47.248257 91.479051
120.234275 47.708221 88.546536
120.281051 48.168185 88.757131
120.329016 48.628150 89.121413
120.378211 49.088114 76.466220
120.428675 49.548079 60.355467
120.480452 50.008043 43.770409
120.259527 40.808755 50.982264
120.296410 41.268719 73.475094
120.334160 41.728684 79.998426
120.372801 42.188648 79.667054
120.412357 42.648612 79.019530
120.452854 43.108577 79.169334
120.494318 43.568541 81.065254
120.536778 44.028506 84.836825
120.580261 44.488470 87.265658
120.624798 44.948434 88.714066
120.670420 45.408399 89.773512
120.717159 45.868363 91.074419
120.765050 46.328328 93.943012
120.814128 46.788292 94.926387
120.864430 47.248257 92.539672
120.915995 47.708221 87.262258
120.968862 48.168185 85.908938
121.023075 48.628150 86.977268
121.078676 49.088114 80.491223
121.135713 49.548079 65.942028
121.194234 50.008043 47.720742
120.865599 40.808755 51.881543
120.906732 41.268719 78.531592
120.948833 41.728684 82.995041
120.991926 42.188648 81.001516
121.036041 42.648612 80.803848
121.081204 43.108577 82.692586
121.127447 43.568541 85.333757
121.174799 44.028506 84.963466
121.223293 44.488470 84.059861
121.272962 44.948434 86.413524
121.323841 45.408399 88.777253
121.375966 45.868363 90.114713
121.429376 46.328328 91.628979
121.484109 46.788292 92.982675
121.540208 47.248257 91.350467
121.597714 47.708221 87.336552
121.656674 48.168185 85.516758
121.717133 48.628150 85.053692
121.779142 49.088114 83.707839
121.842752 49.548079 67.667753
121.908016 50.008043 48.809411
121.471672 40.808755 51.758774
121.517055 41.268719 81.096717
121.563505 41.728684 85.368266
121.611052 42.188648 84.451654
121.659724 42.648612 85.596278
121.709554 43.108577 88.156455
121.760575 43.568541 90.346944
121.812820 44.028506 86.861594
121.866324 44.488470 84.223463
121.921125 44.948434 86.490719
121.977262 45.408399 87.446762
122.034773 45.868363 87.829091
122.093701 46.328328 89.545282
122.154090 46.788292 91.981907
122.215985 47.248257 91.049314
122.279433 47.708221 88.247993
122.344485 48.168185 85.438187
122.411192 48.628150 84.120570
122.479608 49.088114 84.642389
122.549790 49.548079 67.896442
122.621797 50.008043 48.445171
122.077744 40.808755 46.650818
122.127378 41.268719 68.821538
122.178178 41.728684 77.748313
122.230177 42.188648 82.824485
122.283408 42.648612 87.301379
122.337905 43.108577 91.016290
122.393703 43.568541 92.864054
122.450841 44.028506 91.680471
122.509356 44.488470 90.549778
122.569289 44.948434 90.106041
122.630683 45.408399 89.701257
122.693580 45.868363 89.212049
122.758027 46.328328 90.162696
122.824071 46.788292 90.811098
122.891762 47.248257 90.458942
122.961153 47.708221 88.309360
123.032297 48.168185 84.940825
123.105250 48.628150 82.915099
123.180074 49.088114 80.470731
123.256828 49.548079 63.554875
123.335579 50.008043 46.822800
122.683816 40.808755 40.570572
122.737700 41.268719 56.921501
122.792851 41.728684 65.791059
122.849302 42.188648 71.504503
122.907091 42.648612 76.238622
122.966255 43.108577 82.314629
123.026831 43.568541 91.993705
123.088862 44.028506 94.333703
123.152388 44.488470 96.275131
123.217453 44.948434 95.547949
123.284103 45.408399 93.667052
123.352387 45.868363 92.660293
123.422352 46.328328 92.462715
123.494052 46.788292 92.850649
123.567540 47.248257 91.600879
123.642872 47.708221 87.961565
123.720108 48.168185 83.036428
123.799309 48.628150 79.938097
123.880539 49.088114 73.452611
123.963866 49.548079 58.988043
124.049361 50.008043 43.667124
123.289889 40.808755 39.698317
123.348023 41.268719 53.965349
123.407523 41.728684 62.696776
123.468428 42.188648 67.665948
123.530775 42.648612 72.157510
123.594605 43.108577 79.056971
123.659960 43.568541 87.528428
123.726883 44.028506 90.441176
123.795419 44.488470 92.554126
123.865617 44.948434 90.717110
123.937524 45.408399 89.959728
124.011194 45.868363 90.543294
124.086678 46.328328 94.013060
124.164033 46.788292 96.041881
124.243317 47.248257 91.557349
124.324592 47.708221 86.328615
124.407919 48.168185 81.642835
124.493367 48.628150 76.888559
124.581005 49.088114 68.350445
124.670905 49.548079 55.521433
124.763143 50.008043 41.534892
123.895961 40.808755 41.140875
123.958345 41.268719 56.691169
124.022196 41.728684 66.433442
124.087553 42.188648 70.422281
124.154459 42.648612 72.412586
124.222955 43.108577 78.407647
124.293088 43.568541 85.098010
124.364904 44.028506 86.933178
124.438451 44.488470 87.006433
124.513781 44.948434 84.398952
124.590945 45.408399 82.739522
124.670001 45.868363 85.026378
124.751003 46.328328 89.283266
124.834014 46.788292 88.921234
124.919095 47.248257 86.112454
125.006311 47.708221 83.034233
125.095731 48.168185 78.972798
125.187426 48.628150 73.260227
125.281471 49.088114 63.856571
125.377943 49.548079 51.374908
125.476924 50.008043 38.635539
124.502034 40.808755 43.925053
124.568668 41.268719 58.480502
124.636869 41.728684 65.477962
124.706679 42.188648 69.396770
124.778142 42.648612 73.816630
124.851305 43.108577 81.356936
124.926216 43.568541 84.399163
125.002925 44.028506 88.416206
125.081483 44.488470 90.075731
125.161944 44.948434 87.074852
125.244366 45.408399 83.246210
125.328807 45.868363 81.860148
125.415329 46.328328 81.473095
125.503995 46.788292 82.323223
125.594872 47.248257 82.442422
125.688030 47.708221 80.409564
125.783542 48.168185 76.161894
125.881485 48.628150 69.095875
125.981936 49.088114 59.267642
126.084981 49.548079 48.684219
126.190706 50.008043 37.399889
125.108106 40.808755 48.855925
125.178990 41.268719 61.968722
125.251541 41.728684 63.744543
125.325804 42.188648 68.633034
125.401826 42.648612 74.938542
125.479655 43.108577 76.786078
125.559344 43.568541 80.362147
125.640946 44.028506 86.548725
125.724514 44.488470 90.955672
125.810108 44.948434 91.877565
125.897787 45.408399 91.212555
125.987614 45.868363 89.700478
126.079655 46.328328 87.137151
126.173976 46.788292 86.407071
126.270650 47.248257 83.828227
126.369750 47.708221 80.207961
126.471354 48.168185 75.692942
126.575543 48.628150 68.591952
126.682402 49.088114 58.611250
126.792020 49.548079 48.316245
126.904488 50.008043 36.920316
125.714179 40.808755 54.098319
125.789313 41.268719 67.648529
125.866214 41.728684 67.618270
125.944929 42.188648 69.213313
126.025509 42.648612 69.113764
126.108006 43.108577 72.230183
126.192473 43.568541 76.427197
126.278967 44.028506 82.764435
126.367546 44.488470 86.630906
126.458272 44.948434 86.220983
126.551208 45.408399 85.158333
126.646421 45.868363 86.557221
126.743980 46.328328 87.344299
126.843957 46.788292 86.543868
126.946427 47.248257 82.240047
127.051469 47.708221 75.858538
127.159165 48.168185 73.070533
127.269602 48.628150 69.324331
127.382868 49.088114 60.259350
127.499058 49.548079 50.606566
127.618270 50.008043 39.268847
126.320251 40.808755 55.965386
126.399636 41.268719 73.304885
126.480887 41.728684 70.250072
126.564055 42.188648 64.713914
126.649193 42.648612 65.988599
126.736356 43.108577 70.245017
126.825601 43.568541 73.016525
126.916987 44.028506 79.271266
127.010578 44.488470 82.267247
127.106436 44.948434 82.012236
127.204629 45.408399 83.427713
127.305228 45.868363 85.810828
127.408306 46.328328 87.655626
127.513938 46.788292 83.848134
127.622204 47.248257 76.119178
127.733188 47.708221 72.152718
127.846977 48.168185 71.120222
127.963660 48.628150 69.867653
128.083334 49.088114 63.028449
128.206096 49.548079 54.943772
128.332052 50.008043 45.119921
126.926324 40.808755 49.838020
127.009958 41.268719 68.299725
127.095559 41.728684 69.105882
127.183180 42.188648 68.108484
127.272876 42.648612 72.989655
127.364706 43.108577 73.253187
127.458729 43.568541 71.885886
127.555008 44.028506 73.954808
127.653609 44.488470 78.264400
127.754600 44.948434 82.268452
127.858050 45.408399 81.974110
127.964035 45.868363 82.814154
128.072631 46.328328 80.161812
128.183919 46.788292 73.366397
128.297982 47.248257 69.539175
128.414908 47.708221 67.535430
128.534788 48.168185 67.607969
128.657719 48.628150 65.359345
128.783799 49.088114 61.228249
128.913134 49.548079 56.024909
129.045833 50.008043 46.648072
127.532396 40.808755 44.773198
127.620281 41.268719 62.318820
127.710232 41.728684 67.259332
127.802306 42.188648 71.517864
127.896560 42.648612 76.784476
127.993056 43.108577 76.733564
128.091857 43.568541 77.811485
128.193029 44.028506 77.098649
128.296641 44.488470 76.505869
128.402763 44.948434 77.234794
128.511471 45.408399 73.902869
128.622842 45.868363 71.912041
128.736957 46.328328 67.564696
128.853900 46.788292 61.906303
128.973759 47.248257 58.423221
129.096627 47.708221 56.815842
129.222600 48.168185 56.034432
129.351777 48.628150 53.981066
129.484265 49.088114 51.910197
129.620173 49.548079 48.191208
129.759615 50.008043 38.790976
128.138468 40.808755 35.985259
128.230603 41.268719 53.220082
128.324905 41.728684 60.148445
128.421431 42.188648 66.167048
128.520244 42.648612 75.668428
128.621406 43.108577 80.633953
128.724986 43.568541 82.114022
128.831050 44.028506 79.640037
128.939673 44.488470 74.113571
129.050927 44.948434 68.261006
129.164892 45.408399 69.060790
129.281649 45.868363 65.482553
129.401282 46.328328 55.248608
129.523881 46.788292 47.710771
129.649537 47.248257 42.865384
129.778347 47.708221 40.309302
129.910411 48.168185 38.935422
128.744541 40.808755 26.744389
128.840926 41.268719 39.379789
128.939577 41.728684 50.357943
129.040556 42.188648 58.738370
129.143927 42.648612 69.071664
129.249757 43.108577 74.481369
129.358114 43.568541 73.232774
129.469071 44.028506 73.040544
129.582704 44.488470 64.883753
129.699091 44.948434 58.233717
129.818313 45.408399 55.836731
129.940456 45.868363 47.990449
129.350613 40.808755 19.837394
129.451249 41.268719 28.751302
129.554250 41.728684 34.970392
129.659682 42.188648 37.498307
129.767611 42.648612 48.229720
129.878107 43.108577 53.277950
129.991242 43.568541 51.091637
129.956686 40.808755 8.950259
