114.804875 40.808755 116.521000
114.803506 41.268719 135.805133
114.802106 41.728684 131.002150
114.800672 42.188648 121.793774
114.799205 42.648612 103.316865
114.797702 43.108577 89.135050
114.796164 43.568541 81.521308
114.794589 44.028506 78.721349
114.792976 44.488470 85.798590
114.791323 44.948434 106.604026
114.789631 45.408399 115.110804
114.787897 45.868363 118.305781
114.786120 46.328328 119.877312
114.784299 46.788292 121.677236
114.782433 47.248257 122.709106
114.780520 47.708221 122.874065
114.778559 48.168185 123.516718
114.776548 48.628150 124.268458
114.774485 49.088114 126.368107
114.772369 49.548079 124.320569
114.770198 50.008043 104.923313
115.410947 40.808755 121.889113
115.413829 41.268719 150.847834
115.416779 41.728684 155.818976
115.419798 42.188648 138.536176
115.422888 42.648612 113.381390
115.426053 43.108577 97.530794
115.429292 43.568541 89.444709
115.432610 44.028506 88.932536
115.436007 44.488470 101.869438
115.439487 44.948434 126.843735
115.443052 45.408399 132.938391
115.446704 45.868363 136.286942
115.450446 46.328328 139.749409
115.454280 46.788292 142.183915
115.458211 47.248257 142.541474
115.462240 47.708221 143.416973
115.466370 48.168185 144.159165
115.470606 48.628150 144.699326
115.474951 49.088114 145.922034
115.479407 49.548079 143.599995
115.483979 50.008043 119.845386
116.017020 40.808755 111.376893
116.024152 41.268719 140.189789
116.031451 41.728684 141.947944
116.038923 42.188648 141.156887
116.046572 42.648612 130.220286
116.054403 43.108577 114.995849
116.062421 43.568541 102.305339
116.070631 44.028506 105.407621
116.079039 44.488470 123.035799
116.087651 44.948434 128.152677
116.096473 45.408399 130.916648
116.105511 45.868363 132.946855
116.114771 46.328328 134.394046
116.124261 46.788292 137.172499
116.133988 47.248257 140.131562
116.143959 47.708221 141.243786
116.154182 48.168185 139.423336
116.164665 48.628150 137.506529
116.175416 49.088114 138.676769
116.186445 49.548079 140.919093
116.197761 50.008043 118.058818
116.623092 40.808755 107.350022
116.634474 41.268719 132.564381
116.646124 41.728684 130.723179
116.658049 42.188648 127.285453
116.670256 42.648612 123.901945
116.682753 43.108577 121.171762
116.695549 43.568541 118.645795
116.708652 44.028506 120.966531
116.722071 44.488470 123.019035
116.735815 44.948434 126.790104
116.749894 45.408399 130.697719
116.764318 45.868363 130.147853
116.779097 46.328328 130.469054
116.794242 46.788292 131.527140
116.809766 47.248257 132.190975
116.825678 47.708221 132.525712
116.841993 48.168185 130.890967
116.858723 48.628150 129.592973
116.875882 49.088114 131.753758
116.893484 49.548079 133.307934
116.911543 50.008043 113.784040
117.229165 40.808755 99.493263
117.244797 41.268719 122.369438
117.260797 41.728684 120.914876
117.277174 42.188648 116.000198
117.293939 42.648612 113.526252
117.311103 43.108577 117.354987
117.328677 43.568541 119.794052
117.346673 44.028506 119.339315
117.365102 44.488470 121.392086
117.383979 44.948434 125.119748
117.403315 45.408399 125.998197
117.423125 45.868363 122.647008
117.443422 46.328328 114.295578
117.464223 46.788292 109.628142
117.485543 47.248257 109.573035
117.507398 47.708221 111.055322
117.529805 48.168185 111.592704
117.552782 48.628150 111.400950
117.576348 49.088114 115.151334
117.600522 49.548079 124.576744
117.625325 50.008043 111.218113
117.835237 40.808755 90.591004
117.855119 41.268719 112.484908
117.875469 41.728684 115.138635
117.896299 42.188648 112.285694
117.917623 42.648612 108.966975
117.939453 43.108577 113.269980
117.961805 43.568541 116.330452
117.984694 44.028506 115.880792
118.008134 44.488470 122.554601
118.032142 44.948434 124.808962
118.056736 45.408399 117.865703
118.081931 45.868363 107.850417
118.107748 46.328328 102.313733
118.134204 46.788292 102.450244
118.161320 47.248257 105.858406
118.189117 47.708221 109.434572
118.217616 48.168185 109.590190
118.246840 48.628150 107.154954
118.276813 49.088114 107.707221
118.307560 49.548079 112.118554
118.339107 50.008043 104.814240
118.441309 40.808755 83.763508
118.465442 41.268719 102.580492
118.490142 41.728684 107.825940
118.515425 42.188648 110.198139
118.541306 42.648612 108.142349
118.567804 43.108577 109.460319
118.594934 43.568541 112.344160
118.622715 44.028506 119.445293
118.651166 44.488470 126.453412
118.680306 44.948434 128.976142
118.710157 45.408399 124.415214
118.740738 45.868363 114.661125
118.772073 46.328328 111.170020
118.804185 46.788292 114.683244
118.837098 47.248257 120.778409
118.870837 47.708221 122.908120
118.905428 48.168185 120.459472
118.940899 48.628150 113.358091
118.977279 49.088114 106.144120
119.014598 49.548079 98.883621
119.052888 50.008043 88.053073
119.047382 40.808755 79.966388
119.075765 41.268719 100.862403
119.104815 41.728684 109.737517
119.134550 42.188648 113.647245
119.164990 42.648612 110.874382
119.196154 43.108577 109.435055
119.228062 43.568541 111.984896
119.260736 44.028506 121.872696
119.294197 44.488470 128.312325
119.328470 44.948434 130.470407
119.363578 45.408399 131.276698
119.399545 45.868363 128.183371
119.436399 46.328328 129.565721
119.474166 46.788292 132.433080
119.512875 47.248257 130.151638
119.552556 47.708221 128.018548
119.593239 48.168185 128.550384
119.634958 48.628150 122.470187
119.677745 49.088114 106.991469
119.721637 49.548079 93.597637
119.766670 50.008043 79.895234
119.653454 40.808755 80.704250
119.686087 41.268719 100.738306
119.719487 41.728684 109.513547
119.753675 42.188648 112.586132
119.788673 42.648612 111.660750
119.824504 43.108577 111.235704
119.861190 43.568541 113.474379
119.898757 44.028506 123.227400
119.937229 44.488470 127.918134
119.976634 44.948434 128.448441
120.016999 45.408399 128.220680
120.058352 45.868363 128.062653
120.100725 46.328328 131.121382
120.144147 46.788292 131.043858
120.188653 47.248257 128.939926
120.234275 47.708221 126.501612
120.281051 48.168185 127.002722
120.329016 48.628150 127.063319
120.378211 49.088114 113.330374
120.428675 49.548079 96.574844
120.480452 50.008043 79.769025
120.259527 40.808755 83.426591
120.296410 41.268719 106.462070
120.334160 41.728684 112.772244
120.372801 42.188648 111.709163
120.412357 42.648612 110.948927
120.452854 43.108577 111.308197
120.494318 43.568541 114.055458
120.536778 44.028506 118.278719
120.580261 44.488470 120.966114
120.624798 44.948434 123.046693
120.670420 45.408399 124.767791
120.717159 45.868363 126.876827
120.765050 46.328328 130.212925
120.814128 46.788292 131.517241
120.864430 47.248257 129.504841
120.915995 47.708221 124.647249
120.968862 48.168185 123.465897
121.023075 48.628150 124.481954
121.078676 49.088114 117.424432
121.135713 49.548079 102.458896
121.194234 50.008043 84.096827
120.865599 40.808755 83.006867
120.906732 41.268719 110.286846
120.948833 41.728684 114.546518
120.991926 42.188648 111.966745
121.036041 42.648612 111.527252
121.081204 43.108577 113.771783
121.127447 43.568541 117.114049
121.174799 44.028506 117.205771
121.223293 44.488470 116.529651
121.272962 44.948434 119.470628
121.323841 45.408399 122.622354
121.375966 45.868363 124.971685
121.429376 46.328328 127.282554
121.484109 46.788292 129.010705
121.540208 47.248257 127.509562
121.597714 47.708221 123.602583
121.656674 48.168185 121.960996
121.717133 48.628150 121.455019
121.779142 49.088114 119.881795
121.842752 49.548079 103.734617
121.908016 50.008043 84.987824
121.471672 40.808755 82.643187
121.517055 41.268719 112.100794
121.563505 41.728684 116.691882
121.611052 42.188648 115.474659
121.659724 42.648612 116.198226
121.709554 43.108577 119.212480
121.760575 43.568541 121.919715
121.812820 44.028506 118.653570
121.866324 44.488470 116.128097
121.921125 44.948434 118.506606
121.977262 45.408399 119.818828
122.034773 45.868363 122.116762
122.093701 46.328328 124.611247
122.154090 46.788292 127.231386
122.215985 47.248257 126.353389
122.279433 47.708221 123.681719
122.344485 48.168185 120.481231
122.411192 48.628150 119.221791
122.479608 49.088114 119.884482
122.549790 49.548079 103.146310
122.621797 50.008043 83.682698
122.077744 40.808755 77.787909
122.127378 41.268719 99.542319
122.178178 41.728684 108.676997
122.230177 42.188648 113.727154
122.283408 42.648612 118.430869
122.337905 43.108577 122.562771
122.393703 43.568541 124.713984
122.450841 44.028506 123.476341
122.509356 44.488470 122.349778
122.569289 44.948434 121.830533
122.630683 45.408399 121.766474
122.693580 45.868363 122.511610
122.758027 46.328328 124.129786
122.824071 46.788292 125.007901
122.891762 47.248257 124.675417
122.961153 47.708221 122.355977
123.032297 48.168185 118.995180
123.105250 48.628150 117.180098
123.180074 49.088114 114.990657
123.256828 49.548079 98.152144
123.335579 50.008043 81.123322
122.683816 40.808755 71.985419
122.737700 41.268719 87.766689
122.792851 41.728684 96.808112
122.849302 42.188648 102.432651
122.907091 42.648612 107.335539
122.966255 43.108577 113.886524
123.026831 43.568541 123.766874
123.088862 44.028506 126.080386
123.152388 44.488470 128.068213
123.217453 44.948434 127.716542
123.284103 45.408399 126.345913
123.352387 45.868363 125.899133
123.422352 46.328328 125.974969
123.494052 46.788292 126.356597
123.567540 47.248257 125.073863
123.642872 47.708221 121.500774
123.720108 48.168185 116.649957
123.799309 48.628150 113.555817
123.880539 49.088114 107.324940
123.963866 49.548079 93.076098
124.049361 50.008043 77.244162
123.289889 40.808755 72.184802
123.348023 41.268719 86.463606
123.407523 41.728684 94.446274
123.468428 42.188648 98.378577
123.530775 42.648612 102.946677
123.594605 43.108577 110.084275
123.659960 43.568541 118.695885
123.726883 44.028506 121.822150
123.795419 44.488470 124.283512
123.865617 44.948434 123.107729
123.937524 45.408399 123.132371
124.011194 45.868363 124.088400
124.086678 46.328328 127.547394
124.164033 46.788292 129.328145
124.243317 47.248257 124.661707
124.324592 47.708221 119.362380
124.407919 48.168185 114.504474
124.493367 48.628150 109.624668
124.581005 49.088114 101.523781
124.670905 49.548079 88.987500
124.763143 50.008043 74.829635
123.895961 40.808755 74.888556
123.958345 41.268719 90.440827
124.022196 41.728684 98.809477
124.087553 42.188648 101.591229
124.154459 42.648612 103.420334
124.222955 43.108577 109.252239
124.293088 43.568541 115.718373
124.364904 44.028506 117.796781
124.438451 44.488470 118.341836
124.513781 44.948434 116.492354
124.590945 45.408399 115.710676
124.670001 45.868363 118.181067
124.751003 46.328328 122.182062
124.834014 46.788292 121.654023
124.919095 47.248257 118.760997
125.006311 47.708221 115.673353
125.095731 48.168185 111.740072
125.187426 48.628150 106.347653
125.281471 49.088114 97.354758
125.377943 49.548079 84.711290
125.476924 50.008043 71.743371
124.502034 40.808755 76.301059
124.568668 41.268719 91.264388
124.636869 41.728684 97.956837
124.706679 42.188648 101.349458
124.778142 42.648612 105.375458
124.851305 43.108577 112.218621
124.926216 43.568541 114.499315
125.002925 44.028506 118.552019
125.081483 44.488470 120.745513
125.161944 44.948434 118.231787
125.244366 45.408399 114.817002
125.328807 45.868363 113.631462
125.415329 46.328328 113.354297
125.503995 46.788292 114.391405
125.594872 47.248257 114.665827
125.688030 47.708221 112.784072
125.783542 48.168185 108.813811
125.881485 48.628150 102.166243
125.981936 49.088114 92.515214
126.084981 49.548079 81.412021
126.190706 50.008043 69.874259
125.108106 40.808755 80.416676
125.178990 41.268719 94.352323
125.251541 41.728684 96.362829
125.325804 42.188648 100.773445
125.401826 42.648612 106.329945
125.479655 43.108577 107.210545
125.559344 43.568541 109.723330
125.640946 44.028506 115.988633
125.724514 44.488470 120.954337
125.810108 44.948434 122.095122
125.897787 45.408399 121.437423
125.987614 45.868363 120.093613
126.079655 46.328328 118.050959
126.173976 46.788292 117.890978
126.270650 47.248257 115.716186
126.369750 47.708221 111.975835
126.471354 48.168185 107.134696
126.575543 48.628150 99.927104
126.682402 49.088114 90.081691
126.792020 49.548079 79.858629
126.904488 50.008043 68.458859
125.714179 40.808755 85.911242
125.789313 41.268719 100.220617
125.866214 41.728684 100.300788
125.944929 42.188648 101.489448
126.025509 42.648612 100.766040
126.108006 43.108577 103.104452
126.192473 43.568541 106.124567
126.278967 44.028506 112.304528
126.367546 44.488470 116.737597
126.458272 44.948434 115.997586
126.551208 45.408399 114.072007
126.646421 45.868363 116.114361
126.743980 46.328328 117.863617
126.843957 46.788292 118.137385
126.946427 47.248257 114.203203
127.051469 47.708221 106.959276
127.159165 48.168185 103.432377
127.269602 48.628150 99.724603
127.382868 49.088114 90.900121
127.499058 49.548079 81.516935
127.618270 50.008043 70.300544
126.320251 40.808755 87.720239
126.399636 41.268719 105.460371
126.480887 41.728684 102.758761
126.564055 42.188648 97.412455
126.649193 42.648612 98.091607
126.736356 43.108577 100.762833
126.825601 43.568541 102.919349
126.916987 44.028506 109.239062
127.010578 44.488470 112.579368
127.106436 44.948434 111.477334
127.204629 45.408399 113.058914
127.305228 45.868363 116.161312
127.408306 46.328328 118.599949
127.513938 46.788292 115.374043
127.622204 47.248257 107.547947
127.733188 47.708221 102.957947
127.846977 48.168185 101.384464
127.963660 48.628150 100.237275
128.083334 49.088114 93.714651
128.206096 49.548079 85.945442
128.332052 50.008043 76.292766
126.926324 40.808755 81.826082
127.009958 41.268719 100.676890
127.095559 41.728684 101.953322
127.183180 42.188648 100.979569
127.272876 42.648612 104.935761
127.364706 43.108577 104.295738
127.458729 43.568541 102.625306
127.555008 44.028506 104.991728
127.653609 44.488470 109.301424
127.754600 44.948434 113.028023
127.858050 45.408399 113.133979
127.964035 45.868363 114.802272
128.072631 46.328328 112.538535
128.183919 46.788292 105.403601
128.297982 47.248257 100.934111
128.414908 47.708221 98.076461
128.534788 48.168185 98.123947
128.657719 48.628150 96.231412
128.783799 49.088114 92.478436
128.913134 49.548079 87.630286
129.045833 50.008043 78.487955
127.532396 40.808755 77.550808
127.620281 41.268719 95.857788
127.710232 41.728684 101.475267
127.802306 42.188648 107.937770
127.896560 42.648612 111.491516
127.993056 43.108577 109.479419
128.091857 43.568541 109.950033
128.193029 44.028506 110.230875
128.296641 44.488470 109.875030
128.402763 44.948434 109.347762
128.511471 45.408399 104.930474
128.622842 45.868363 106.271497
128.736957 46.328328 101.386409
128.853900 46.788292 95.447663
128.973759 47.248257 90.749054
129.096627 47.708221 88.477039
129.222600 48.168185 87.869506
129.351777 48.628150 86.035881
129.484265 49.088114 84.205791
129.620173 49.548079 80.668114
129.759615 50.008043 71.198668
128.138468 40.808755 69.624099
128.230603 41.268719 88.210586
128.324905 41.728684 97.346198
128.421431 42.188648 103.231947
128.520244 42.648612 110.960586
128.621406 43.108577 113.960539
128.724986 43.568541 115.278351
128.831050 44.028506 113.665164
128.939673 44.488470 109.600840
129.050927 44.948434 103.482015
129.164892 45.408399 104.030290
129.281649 45.868363 101.336485
129.401282 46.328328 91.393224
129.523881 46.788292 83.523646
129.649537 47.248257 77.321311
129.778347 47.708221 73.826875
129.910411 48.168185 72.239614
128.744541 40.808755 60.761898
128.840926 41.268719 74.486187
128.939577 41.728684 86.048929
129.040556 42.188648 93.817898
129.143927 42.648612 102.810124
129.249757 43.108577 106.960238
129.358114 43.568541 106.270817
129.469071 44.028506 107.324122
129.582704 44.488470 100.514216
129.699091 44.948434 95.384526
129.818313 45.408399 93.129847
129.940456 45.868363 84.736504
129.350613 40.808755 53.619037
129.451249 41.268719 63.007773
129.554250 41.728684 69.281256
129.659682 42.188648 71.293265
129.767611 42.648612 81.220650
129.878107 43.108577 86.378181
129.991242 43.568541 85.030167
129.956686 40.808755 42.385002
