114.804875 40.808755 13.883829
114.803506 41.268719 17.011641
114.802106 41.728684 16.759014
114.800672 42.188648 16.217164
114.799205 42.648612 12.413171
114.797702 43.108577 9.229990
114.796164 43.568541 7.819775
114.794589 44.028506 7.315584
114.792976 44.488470 8.602183
114.791323 44.948434 12.156240
114.789631 45.408399 13.596499
114.787897 45.868363 13.939061
114.786120 46.328328 13.986304
114.784299 46.788292 14.072352
114.782433 47.248257 13.958843
114.780520 47.708221 13.761988
114.778559 48.168185 13.797267
114.776548 48.628150 14.007613
114.774485 49.088114 14.492243
114.772369 49.548079 14.266951
114.770198 50.008043 11.346689
115.410947 40.808755 14.206312
115.413829 41.268719 19.286011
115.416779 41.728684 20.524475
115.419798 42.188648 17.534143
115.422888 42.648612 13.063627
115.426053 43.108577 10.326906
115.429292 43.568541 9.003846
115.432610 44.028506 8.841669
115.436007 44.488470 11.022746
115.439487 44.948434 15.244888
115.443052 45.408399 16.397651
115.446704 45.868363 16.858359
115.450446 46.328328 17.297619
115.454280 46.788292 17.400478
115.458211 47.248257 17.085865
115.462240 47.708221 16.988468
115.466370 48.168185 17.052270
115.470606 48.628150 17.199412
115.474951 49.088114 17.502939
115.479407 49.548079 17.253401
115.483979 50.008043 13.551980
116.017020 40.808755 12.214263
116.024152 41.268719 16.991230
116.031451 41.728684 17.415244
116.038923 42.188648 17.461464
116.046572 42.648612 15.784360
116.054403 43.108577 13.198370
116.062421 43.568541 11.073813
116.070631 44.028506 11.541912
116.079039 44.488470 14.547542
116.087651 44.948434 15.462986
116.096473 45.408399 15.946210
116.105511 45.868363 16.181892
116.114771 46.328328 16.123554
116.124261 46.788292 16.242435
116.133988 47.248257 16.649294
116.143959 47.708221 16.792156
116.154182 48.168185 16.337139
116.164665 48.628150 15.964852
116.175416 49.088114 16.195354
116.186445 49.548079 16.556120
116.197761 50.008043 12.891225
116.623092 40.808755 11.335571
116.634474 41.268719 15.557286
116.646124 41.728684 15.371344
116.658049 42.188648 14.895523
116.670256 42.648612 14.511648
116.682753 43.108577 13.983884
116.695549 43.568541 13.634313
116.708652 44.028506 14.091419
116.722071 44.488470 14.419755
116.735815 44.948434 15.070735
116.749894 45.408399 15.752090
116.764318 45.868363 15.444271
116.779097 46.328328 15.270979
116.794242 46.788292 15.400099
116.809766 47.248257 15.508258
116.825678 47.708221 15.469995
116.841993 48.168185 15.042102
116.858723 48.628150 14.951704
116.875882 49.088114 15.317011
116.893484 49.548079 15.277067
116.911543 50.008043 12.013470
117.229165 40.808755 9.856263
117.244797 41.268719 13.448939
117.260797 41.728684 13.279252
117.277174 42.188648 12.827787
117.293939 42.648612 12.642703
117.311103 43.108577 13.294116
117.328677 43.568541 13.785401
117.346673 44.028506 13.693663
117.365102 44.488470 13.965361
117.383979 44.948434 14.717224
117.403315 45.408399 14.846334
117.423125 45.868363 14.174162
117.443422 46.328328 12.727236
117.464223 46.788292 11.931788
117.485543 47.248257 11.928814
117.507398 47.708221 12.211796
117.529805 48.168185 12.387336
117.552782 48.628150 12.356892
117.576348 49.088114 12.713795
117.600522 49.548079 14.080793
117.625325 50.008043 11.871554
117.835237 40.808755 8.446160
117.855119 41.268719 11.809525
117.875469 41.728684 12.390351
117.896299 42.188648 12.222938
117.917623 42.648612 11.667558
117.939453 43.108577 12.418693
117.961805 43.568541 12.851423
117.984694 44.028506 12.585697
118.008134 44.488470 14.424391
118.032142 44.948434 14.999090
118.056736 45.408399 13.770397
118.081931 45.868363 11.982807
118.107748 46.328328 10.994500
118.134204 46.788292 10.994709
118.161320 47.248257 11.612171
118.189117 47.708221 12.284078
118.217616 48.168185 12.232269
118.246840 48.628150 11.681515
118.276813 49.088114 11.753604
118.307560 49.548079 12.571891
118.339107 50.008043 11.143862
118.441309 40.808755 7.537683
118.465442 41.268719 10.430671
118.490142 41.728684 11.214675
118.515425 42.188648 11.520292
118.541306 42.648612 11.232433
118.567804 43.108577 11.508987
118.594934 43.568541 11.967475
118.622715 44.028506 13.560111
118.651166 44.488470 15.374925
118.680306 44.948434 15.725053
118.710157 45.408399 15.036395
118.740738 45.868363 13.386899
118.772073 46.328328 12.778441
118.804185 46.788292 13.477988
118.837098 47.248257 14.576920
118.870837 47.708221 14.792559
118.905428 48.168185 14.231678
118.940899 48.628150 12.998031
118.977279 49.088114 11.868942
119.014598 49.548079 10.476485
119.052888 50.008043 8.385101
119.047382 40.808755 7.026558
119.075765 41.268719 10.181100
119.104815 41.728684 11.502882
119.134550 42.188648 12.030484
119.164990 42.648612 11.617303
119.196154 43.108577 11.534635
119.228062 43.568541 12.045264
119.260736 44.028506 13.981490
119.294197 44.488470 15.432850
119.328470 44.948434 15.925939
119.363578 45.408399 16.533208
119.399545 45.868363 16.146146
119.436399 46.328328 16.565825
119.474166 46.788292 17.072109
119.512875 47.248257 16.488785
119.552556 47.708221 15.941956
119.593239 48.168185 15.858151
119.634958 48.628150 14.722004
119.677745 49.088114 12.041915
119.721637 49.548079 9.644719
119.766670 50.008043 7.176793
119.653454 40.808755 7.221165
119.686087 41.268719 10.283443
119.719487 41.728684 11.776058
119.753675 42.188648 12.174012
119.788673 42.648612 12.016963
119.824504 43.108577 12.109391
119.861190 43.568541 12.479457
119.898757 44.028506 14.303471
119.937229 44.488470 15.137509
119.976634 44.948434 15.532161
120.016999 45.408399 15.962639
120.058352 45.868363 16.061564
120.100725 46.328328 16.879188
120.144147 46.788292 16.865882
120.188653 47.248257 16.704945
120.234275 47.708221 16.271356
120.281051 48.168185 16.089291
120.329016 48.628150 15.935745
120.378211 49.088114 13.258310
120.428675 49.548079 10.152006
120.480452 50.008043 7.172499
120.259527 40.808755 7.814801
120.296410 41.268719 11.774567
120.334160 41.728684 13.017135
120.372801 42.188648 12.741658
120.412357 42.648612 12.511022
120.452854 43.108577 12.410459
120.494318 43.568541 12.628100
120.536778 44.028506 13.411083
120.580261 44.488470 14.000142
120.624798 44.948434 14.802601
120.670420 45.408399 15.589800
120.717159 45.868363 16.242108
120.765050 46.328328 17.086801
120.814128 46.788292 17.405273
120.864430 47.248257 17.204345
120.915995 47.708221 16.060924
120.968862 48.168185 15.524402
121.023075 48.628150 15.356778
121.078676 49.088114 13.811327
121.135713 49.548079 11.124497
121.194234 50.008043 7.875389
120.865599 40.808755 8.015215
120.906732 41.268719 12.695781
120.948833 41.728684 13.655310
120.991926 42.188648 13.204312
121.036041 42.648612 13.227110
121.081204 43.108577 13.556892
121.127447 43.568541 14.247701
121.174799 44.028506 14.381496
121.223293 44.488470 14.351984
121.272962 44.948434 15.308697
121.323841 45.408399 16.238588
121.375966 45.868363 16.662267
121.429376 46.328328 16.783229
121.484109 46.788292 16.973398
121.540208 47.248257 16.654929
121.597714 47.708221 15.734380
121.656674 48.168185 15.126665
121.717133 48.628150 14.698183
121.779142 49.088114 14.190736
121.842752 49.548079 11.406282
121.908016 50.008043 8.087064
121.471672 40.808755 7.933369
121.517055 41.268719 13.100308
121.563505 41.728684 14.202197
121.611052 42.188648 14.132358
121.659724 42.648612 14.650705
121.709554 43.108577 15.339413
121.760575 43.568541 16.133781
121.812820 44.028506 15.652653
121.866324 44.488470 15.357880
121.921125 44.948434 16.318117
121.977262 45.408399 16.463822
122.034773 45.868363 16.362628
122.093701 46.328328 16.580960
122.154090 46.788292 16.994862
122.215985 47.248257 16.458707
122.279433 47.708221 15.612482
122.344485 48.168185 14.661087
122.411192 48.628150 14.071725
122.479608 49.088114 14.178900
122.549790 49.548079 11.337637
122.621797 50.008043 7.931152
122.077744 40.808755 7.058218
122.127378 41.268719 10.894003
122.178178 41.728684 12.623717
122.230177 42.188648 14.049617
122.283408 42.648612 15.449916
122.337905 43.108577 16.697340
122.393703 43.568541 17.657095
122.450841 44.028506 17.674500
122.509356 44.488470 17.702313
122.569289 44.948434 17.438523
122.630683 45.408399 17.154546
122.693580 45.868363 16.921851
122.758027 46.328328 16.997394
122.824071 46.788292 16.759150
122.891762 47.248257 16.355001
122.961153 47.708221 15.629894
123.032297 48.168185 14.549189
123.105250 48.628150 13.774755
123.180074 49.088114 13.193832
123.256828 49.548079 10.149497
123.335579 50.008043 7.406131
122.683816 40.808755 6.095450
122.737700 41.268719 8.960904
122.792851 41.728684 10.665849
122.849302 42.188648 12.164913
122.907091 42.648612 13.612055
122.966255 43.108577 15.274757
123.026831 43.568541 18.285212
123.088862 44.028506 19.028248
123.152388 44.488470 19.897450
123.217453 44.948434 19.437043
123.284103 45.408399 18.522612
123.352387 45.868363 18.042386
123.422352 46.328328 17.640371
123.494052 46.788292 17.379726
123.567540 47.248257 16.884904
123.642872 47.708221 15.627787
123.720108 48.168185 14.110001
123.799309 48.628150 13.170364
123.880539 49.088114 11.840908
123.963866 49.548079 9.204256
124.049361 50.008043 6.799103
123.289889 40.808755 6.058928
123.348023 41.268719 8.338491
123.407523 41.728684 9.984749
123.468428 42.188648 11.361762
123.530775 42.648612 12.843539
123.594605 43.108577 15.068590
123.659960 43.568541 17.780922
123.726883 44.028506 18.639851
123.795419 44.488470 19.441377
123.865617 44.948434 18.404502
123.937524 45.408399 17.822223
124.011194 45.868363 17.548710
124.086678 46.328328 18.371705
124.164033 46.788292 18.706098
124.243317 47.248257 16.925926
124.324592 47.708221 15.193231
124.407919 48.168185 13.920476
124.493367 48.628150 12.695493
124.581005 49.088114 10.899969
124.670905 49.548079 8.573236
124.763143 50.008043 6.455875
123.895961 40.808755 6.369506
123.958345 41.268719 8.901463
124.022196 41.728684 10.775015
124.087553 42.188648 11.802157
124.154459 42.648612 12.477272
124.222955 43.108577 14.415536
124.293088 43.568541 16.614193
124.364904 44.028506 17.305410
124.438451 44.488470 17.702356
124.513781 44.948434 16.847123
124.590945 45.408399 16.198417
124.670001 45.868363 16.734648
124.751003 46.328328 17.671130
124.834014 46.788292 16.784163
124.919095 47.248257 15.504333
125.006311 47.708221 14.583189
125.095731 48.168185 13.512751
125.187426 48.628150 12.250172
125.281471 49.088114 10.237946
125.377943 49.548079 7.924630
125.476924 50.008043 6.000196
124.502034 40.808755 6.989930
124.568668 41.268719 9.414804
124.636869 41.728684 10.710340
124.706679 42.188648 11.568734
124.778142 42.648612 12.981805
124.851305 43.108577 15.511223
124.926216 43.568541 15.990815
125.002925 44.028506 17.106873
125.081483 44.488470 17.839834
125.161944 44.948434 16.948122
125.244366 45.408399 15.967746
125.328807 45.868363 15.603348
125.415329 46.328328 15.203413
125.503995 46.788292 15.011115
125.594872 47.248257 14.766582
125.688030 47.708221 14.176192
125.783542 48.168185 13.167967
125.881485 48.628150 11.503685
125.981936 49.088114 9.449176
126.084981 49.548079 7.668275
126.190706 50.008043 5.956467
125.108106 40.808755 8.083252
125.178990 41.268719 10.414215
125.251541 41.728684 10.908855
125.325804 42.188648 12.387125
125.401826 42.648612 14.305433
125.479655 43.108577 14.365076
125.559344 43.568541 14.874341
125.640946 44.028506 16.444273
125.724514 44.488470 17.668757
125.810108 44.948434 17.628158
125.897787 45.408399 17.064089
125.987614 45.868363 16.427642
126.079655 46.328328 15.937237
126.173976 46.788292 15.652431
126.270650 47.248257 15.067062
126.369750 47.708221 14.198489
126.471354 48.168185 12.922370
126.575543 48.628150 11.367961
126.682402 49.088114 9.531799
126.792020 49.548079 7.829286
126.904488 50.008043 6.059029
125.714179 40.808755 9.508635
125.789313 41.268719 12.204782
125.866214 41.728684 12.909774
125.944929 42.188648 13.762589
126.025509 42.648612 13.340444
126.108006 43.108577 13.681419
126.192473 43.568541 14.230993
126.278967 44.028506 15.717319
126.367546 44.488470 16.696374
126.458272 44.948434 16.146414
126.551208 45.408399 15.447910
126.646421 45.868363 15.798503
126.743980 46.328328 16.138946
126.843957 46.788292 16.130308
126.946427 47.248257 14.948640
127.051469 47.708221 13.040869
127.159165 48.168185 12.288326
127.269602 48.628150 11.514807
127.382868 49.088114 10.021177
127.499058 49.548079 8.474959
127.618270 50.008043 6.728873
126.320251 40.808755 10.911308
126.399636 41.268719 15.104574
126.480887 41.728684 14.795113
126.564055 42.188648 13.142836
126.649193 42.648612 13.228474
126.736356 43.108577 13.923518
126.825601 43.568541 13.813070
126.916987 44.028506 15.298239
127.010578 44.488470 15.822958
127.106436 44.948434 15.353832
127.204629 45.408399 15.623097
127.305228 45.868363 16.281606
127.408306 46.328328 17.058745
127.513938 46.788292 15.813725
127.622204 47.248257 13.282462
127.733188 47.708221 12.218193
127.846977 48.168185 11.911551
127.963660 48.628150 12.048885
128.083334 49.088114 11.007996
128.206096 49.548079 9.820329
128.332052 50.008043 8.284997
126.926324 40.808755 10.330570
127.009958 41.268719 14.868346
127.095559 41.728684 15.185087
127.183180 42.188648 15.115444
127.272876 42.648612 16.503708
127.364706 43.108577 15.283197
127.458729 43.568541 13.975300
127.555008 44.028506 14.467918
127.653609 44.488470 15.486983
127.754600 44.948434 16.505931
127.858050 45.408399 15.730666
127.964035 45.868363 15.728734
128.072631 46.328328 14.903330
128.183919 46.788292 12.824992
128.297982 47.248257 11.841528
128.414908 47.708221 11.410631
128.534788 48.168185 11.864660
128.657719 48.628150 11.822458
128.783799 49.088114 11.272158
128.913134 49.548079 10.561414
129.045833 50.008043 9.006560
127.532396 40.808755 9.588721
127.620281 41.268719 13.950617
127.710232 41.728684 16.051733
127.802306 42.188648 17.526586
127.896560 42.648612 18.484675
127.993056 43.108577 17.107460
128.091857 43.568541 17.400463
128.193029 44.028506 17.426486
128.296641 44.488470 17.263634
128.402763 44.948434 16.247428
128.511471 45.408399 13.920702
128.622842 45.868363 13.377090
128.736957 46.328328 12.490766
128.853900 46.788292 11.059207
128.973759 47.248257 10.271181
129.096627 47.708221 10.041243
129.222600 48.168185 10.213406
129.351777 48.628150 10.085321
129.484265 49.088114 9.952035
129.620173 49.548079 9.430147
129.759615 50.008043 7.703129
128.138468 40.808755 7.438472
128.230603 41.268719 12.463529
128.324905 41.728684 15.374789
128.421431 42.188648 17.292054
128.520244 42.648612 19.895391
128.621406 43.108577 20.482359
128.724986 43.568541 20.406138
128.831050 44.028506 19.266441
128.939673 44.488470 18.463849
129.050927 44.948434 15.220644
129.164892 45.408399 15.065891
129.281649 45.868363 13.944048
129.401282 46.328328 10.863434
129.523881 46.788292 8.972225
129.649537 47.248257 7.778606
129.778347 47.708221 7.266142
129.910411 48.168185 7.176300
128.744541 40.808755 5.538202
128.840926 41.268719 9.217188
128.939577 41.728684 12.922709
129.040556 42.188648 15.116392
129.143927 42.648612 17.515419
129.249757 43.108577 18.600591
129.358114 43.568541 18.144755
129.469071 44.028506 18.828530
129.582704 44.488470 17.372338
129.699091 44.948434 14.606578
129.818313 45.408399 13.208164
129.940456 45.868363 10.342003
129.350613 40.808755 3.917064
129.451249 41.268719 6.608282
129.554250 41.728684 8.513861
129.659682 42.188648 8.655587
129.767611 42.648612 12.118745
129.878107 43.108577 13.351502
129.991242 43.568541 13.171110
129.956686 40.808755 1.470921
