104.770000 21.788000 3231.946000
104.770000 22.259000 3236.277500
104.770000 22.729000 3242.986700
104.770000 23.200000 3254.978000
104.770000 23.671000 3245.310000
104.770000 24.141000 3245.608000
104.770000 24.612000 3249.850000
104.770000 25.083000 3252.793000
104.770000 25.554000 3255.492000
104.770000 26.024000 3253.485000
104.760000 26.495000 3251.879000
104.760000 26.966000 3251.005000
104.760000 27.437000 3253.462000
104.760000 27.907000 3259.457000
104.760000 28.378000 3263.985000
104.760000 28.849000 3258.642000
104.760000 29.320000 3250.793000
104.760000 29.790000 3255.393000
104.760000 30.261000 3253.668000
104.760000 30.732000 3260.552000
104.750000 31.203000 3265.496000
104.750000 31.673000 3276.386000
104.750000 32.144000 3280.392000
104.750000 32.615000 3279.087000
104.750000 33.085000 3279.708000
104.750000 33.556000 3282.004000
104.750000 34.027000 3282.213000
104.740000 34.498000 3279.823000
104.740000 34.968000 3276.948000
104.740000 35.439000 3279.673000
104.740000 35.910000 3276.238000
104.740000 36.381000 3271.308000
104.740000 36.851000 3269.273000
104.740000 37.322000 3268.268000
104.730000 37.793000 3265.664000
104.730000 38.264000 3267.138000
104.730000 38.734000 3266.418000
104.730000 39.205000 3272.494000
104.730000 39.676000 3262.049000
104.720000 40.147000 3252.369000
104.720000 40.617000 3252.221000
104.720000 41.088000 3256.719000
104.720000 41.559000 3261.886000
104.720000 42.030000 3256.763000
105.280000 21.788000 3234.768100
105.280000 22.259000 3236.600500
105.280000 22.729000 3237.491500
105.280000 23.200000 3244.056900
105.280000 23.671000 3248.113000
105.280000 24.141000 3247.215000
105.290000 24.612000 3248.244000
105.290000 25.083000 3258.606000
105.290000 25.554000 3252.861000
105.290000 26.024000 3247.381000
105.290000 26.495000 3245.384000
105.290000 26.966000 3253.487000
105.290000 27.437000 3255.493000
105.290000 27.907000 3259.319000
105.290000 28.378000 3267.295000
105.300000 28.849000 3260.894000
105.300000 29.320000 3254.514000
105.300000 29.790000 3253.272000
105.300000 30.261000 3261.747000
105.300000 30.732000 3272.171000
105.300000 31.203000 3276.409000
105.300000 31.673000 3273.770000
105.310000 32.144000 3278.321000
105.310000 32.615000 3276.272000
105.310000 33.085000 3279.043000
105.310000 33.556000 3281.285000
105.310000 34.027000 3282.018000
105.310000 34.498000 3280.392000
105.320000 34.968000 3278.132000
105.320000 35.439000 3277.449000
105.320000 35.910000 3273.681000
105.320000 36.381000 3269.316000
105.320000 36.851000 3271.066000
105.330000 37.322000 3269.953000
105.330000 37.793000 3265.324000
105.330000 38.264000 3261.602000
105.330000 38.734000 3263.590000
105.330000 39.205000 3271.187000
105.340000 39.676000 3263.089000
105.340000 40.147000 3258.280000
105.340000 40.617000 3260.426000
105.340000 41.088000 3265.984000
105.350000 41.559000 3271.234000
105.350000 42.030000 3257.892000
105.790000 21.788000 3237.146600
105.790000 22.259000 3244.019400
105.790000 22.729000 3244.928700
105.790000 23.200000 3247.215100
105.800000 23.671000 3242.012100
105.800000 24.141000 3240.153200
105.800000 24.612000 3249.436000
105.810000 25.083000 3254.100100
105.810000 25.554000 3241.795700
105.810000 26.024000 3235.055610
105.810000 26.495000 3240.976200
105.820000 26.966000 3246.339000
105.820000 27.437000 3250.681000
105.830000 27.907000 3249.562000
105.830000 28.378000 3249.427000
105.830000 28.849000 3254.812000
105.840000 29.320000 3259.978000
105.840000 29.790000 3259.143000
105.840000 30.261000 3266.777000
105.850000 30.732000 3277.073000
105.850000 31.203000 3261.427000
105.860000 31.673000 3256.198000
105.860000 32.144000 3259.434000
105.870000 32.615000 3261.917000
105.870000 33.085000 3270.083000
105.870000 33.556000 3274.853000
105.880000 34.027000 3275.120000
105.880000 34.498000 3271.347000
105.890000 34.968000 3263.088000
105.890000 35.439000 3255.401000
105.900000 35.910000 3252.064000
105.910000 36.381000 3252.338000
105.910000 36.851000 3256.079000
105.920000 37.322000 3258.025000
105.920000 37.793000 3256.325000
105.930000 38.264000 3253.510000
105.930000 38.734000 3259.761000
105.940000 39.205000 3253.373000
105.950000 39.676000 3255.888000
105.950000 40.147000 3258.938000
105.960000 40.617000 3264.237000
105.970000 41.088000 3262.576000
105.970000 41.559000 3257.553000
105.980000 42.030000 3249.334000
106.290000 21.788000 3236.187400
106.300000 22.259000 3236.383300
106.300000 22.729000 3245.375700
106.300000 23.200000 3242.940800
106.310000 23.671000 3239.602900
106.310000 24.141000 3240.449300
106.320000 24.612000 3243.647600
106.320000 25.083000 3250.964000
106.330000 25.554000 3245.157000
106.330000 26.024000 3238.703100
106.340000 26.495000 3240.889800
106.350000 26.966000 3243.346300
106.350000 27.437000 3248.296000
106.360000 27.907000 3243.788500
106.360000 28.378000 3242.594000
106.370000 28.849000 3247.157400
106.380000 29.320000 3257.750000
106.380000 29.790000 3259.808000
106.390000 30.261000 3265.093000
106.390000 30.732000 3266.258000
106.400000 31.203000 3260.087000
106.410000 31.673000 3256.277000
106.420000 32.144000 3246.445000
106.420000 32.615000 3247.601000
106.430000 33.085000 3256.237000
106.440000 33.556000 3266.014000
106.450000 34.027000 3266.077000
106.450000 34.498000 3257.915000
106.460000 34.968000 3249.273000
106.470000 35.439000 3243.463200
106.480000 35.910000 3240.331200
106.490000 36.381000 3244.334000
106.500000 36.851000 3248.633000
106.510000 37.322000 3258.462000
106.520000 37.793000 3260.120000
106.530000 38.264000 3253.524000
106.540000 38.734000 3248.120000
106.550000 39.205000 3248.768000
106.560000 39.676000 3248.400000
106.570000 40.147000 3254.335000
106.580000 40.617000 3261.650000
106.590000 41.088000 3258.611000
106.600000 41.559000 3251.395000
106.610000 42.030000 3242.875700
106.800000 21.788000 3232.774400
106.800000 22.259000 3232.887700
106.810000 22.729000 3239.610100
106.820000 23.200000 3240.650100
106.820000 23.671000 3238.074900
106.830000 24.141000 3239.058300
106.840000 24.612000 3244.541000
106.840000 25.083000 3250.189300
106.850000 25.554000 3245.859300
106.860000 26.024000 3237.003600
106.860000 26.495000 3237.194500
106.870000 26.966000 3238.379000
106.880000 27.437000 3242.516300
106.890000 27.907000 3239.540000
106.900000 28.378000 3244.074600
106.910000 28.849000 3243.026300
106.910000 29.320000 3249.893000
106.920000 29.790000 3257.279000
106.930000 30.261000 3261.766000
106.940000 30.732000 3270.754000
106.950000 31.203000 3273.108000
106.960000 31.673000 3262.951000
106.970000 32.144000 3248.792000
106.980000 32.615000 3245.091000
106.990000 33.085000 3247.591000
107.000000 33.556000 3255.744000
107.010000 34.027000 3257.788000
107.020000 34.498000 3255.105000
107.040000 34.968000 3247.484000
107.050000 35.439000 3240.988900
107.060000 35.910000 3242.128400
107.070000 36.381000 3240.900200
107.090000 36.851000 3248.454000
107.100000 37.322000 3254.169000
107.110000 37.793000 3254.335000
107.130000 38.264000 3248.235000
107.140000 38.734000 3247.462000
107.150000 39.205000 3243.139100
107.170000 39.676000 3241.997300
107.180000 40.147000 3249.136000
107.200000 40.617000 3255.807000
107.210000 41.088000 3254.180000
107.230000 41.559000 3244.674000
107.250000 42.030000 3241.452400
107.300000 21.788000 3240.418800
107.310000 22.259000 3239.487400
107.320000 22.729000 3238.497400
107.330000 23.200000 3240.268200
107.330000 23.671000 3240.886300
107.340000 24.141000 3244.995000
107.350000 24.612000 3249.862800
107.360000 25.083000 3243.228200
107.370000 25.554000 3241.508200
107.380000 26.024000 3240.399800
107.390000 26.495000 3241.291400
107.400000 26.966000 3239.855300
107.410000 27.437000 3240.476200
107.420000 27.907000 3254.764600
107.430000 28.378000 3248.841500
107.440000 28.849000 3247.907400
107.450000 29.320000 3244.357500
107.460000 29.790000 3242.523000
107.480000 30.261000 3241.193700
107.490000 30.732000 3247.107000
107.500000 31.203000 3259.862000
107.510000 31.673000 3258.864000
107.530000 32.144000 3247.319000
107.540000 32.615000 3245.224000
107.550000 33.085000 3245.919000
107.570000 33.556000 3250.213000
107.580000 34.027000 3250.165000
107.590000 34.498000 3261.108000
107.610000 34.968000 3262.171000
107.620000 35.439000 3257.268000
107.640000 35.910000 3246.256000
107.660000 36.381000 3243.120600
107.670000 36.851000 3243.232000
107.690000 37.322000 3246.451900
107.710000 37.793000 3246.591000
107.720000 38.264000 3246.261000
107.740000 38.734000 3248.116000
107.760000 39.205000 3241.441500
107.780000 39.676000 3239.320400
107.800000 40.147000 3243.706500
107.820000 40.617000 3254.747000
107.840000 41.088000 3246.929000
107.860000 41.559000 3244.527000
107.880000 42.030000 3239.158200
107.810000 21.788000 3233.825100
107.820000 22.259000 3233.882300
107.830000 22.729000 3237.072830
107.840000 23.200000 3238.569800
107.850000 23.671000 3241.972800
107.860000 24.141000 3246.978000
107.870000 24.612000 3245.986300
107.880000 25.083000 3246.028200
107.890000 25.554000 3240.695900
107.900000 26.024000 3243.715300
107.910000 26.495000 3239.142500
107.930000 26.966000 3240.158900
107.940000 27.437000 3237.581100
107.950000 27.907000 3244.526400
107.960000 28.378000 3246.674300
107.980000 28.849000 3243.782100
107.990000 29.320000 3245.028900
108.010000 29.790000 3242.691400
108.020000 30.261000 3237.157700
108.030000 30.732000 3235.925700
108.050000 31.203000 3240.539500
108.060000 31.673000 3244.366700
108.080000 32.144000 3240.374300
108.100000 32.615000 3240.545900
108.110000 33.085000 3243.064100
108.130000 33.556000 3250.626000
108.150000 34.027000 3253.839000
108.160000 34.498000 3269.825000
108.180000 34.968000 3261.784000
108.200000 35.439000 3245.608000
108.220000 35.910000 3237.097400
108.240000 36.381000 3240.589350
108.260000 36.851000 3244.824100
108.280000 37.322000 3244.475500
108.300000 37.793000 3242.936900
108.320000 38.264000 3245.833000
108.340000 38.734000 3247.568000
108.370000 39.205000 3238.688400
108.390000 39.676000 3236.590500
108.410000 40.147000 3239.149300
108.440000 40.617000 3246.094000
108.460000 41.088000 3242.251100
108.490000 41.559000 3242.651700
108.510000 42.030000 3237.586900
108.310000 21.788000 3233.775600
108.330000 22.259000 3231.148800
108.340000 22.729000 3236.485300
108.350000 23.200000 3236.924600
108.360000 23.671000 3246.635000
108.370000 24.141000 3244.762300
108.390000 24.612000 3244.427100
108.400000 25.083000 3249.921500
108.410000 25.554000 3242.749700
108.430000 26.024000 3245.792000
108.440000 26.495000 3239.984700
108.450000 26.966000 3239.844900
108.470000 27.437000 3236.620800
108.480000 27.907000 3235.783000
108.500000 28.378000 3238.553900
108.510000 28.849000 3239.939400
108.530000 29.320000 3251.946400
108.550000 29.790000 3246.158700
108.560000 30.261000 3237.665700
108.580000 30.732000 3235.536900
108.600000 31.203000 3234.052480
108.620000 31.673000 3236.142200
108.640000 32.144000 3236.898100
108.650000 32.615000 3239.960900
108.670000 33.085000 3241.456900
108.690000 33.556000 3242.307000
108.710000 34.027000 3249.656000
108.730000 34.498000 3255.675000
108.760000 34.968000 3251.731000
108.780000 35.439000 3245.842000
108.800000 35.910000 3239.940800
108.820000 36.381000 3244.010700
108.850000 36.851000 3248.981900
108.870000 37.322000 3243.551800
108.900000 37.793000 3246.038900
108.920000 38.264000 3248.257000
108.950000 38.734000 3245.074300
108.970000 39.205000 3239.315440
109.000000 39.676000 3238.113480
109.030000 40.147000 3240.895400
109.050000 40.617000 3242.483300
109.080000 41.088000 3241.717600
109.110000 41.559000 3238.338000
109.140000 42.030000 3239.422100
108.820000 21.788000 3231.218800
108.830000 22.259000 3228.769300
108.850000 22.729000 3235.723300
108.860000 23.200000 3240.333100
108.870000 23.671000 3239.881000
108.890000 24.141000 3244.309700
108.900000 24.612000 3245.670940
108.920000 25.083000 3247.878000
108.930000 25.554000 3248.421200
108.950000 26.024000 3241.090700
108.960000 26.495000 3239.498800
108.980000 26.966000 3241.959150
109.000000 27.437000 3233.182600
109.010000 27.907000 3234.343070
109.030000 28.378000 3236.554700
109.050000 28.849000 3246.518800
109.070000 29.320000 3255.058500
109.090000 29.790000 3242.219500
109.110000 30.261000 3240.729900
109.130000 30.732000 3236.794000
109.150000 31.203000 3237.014900
109.170000 31.673000 3236.337900
109.190000 32.144000 3237.383100
109.210000 32.615000 3240.339400
109.230000 33.085000 3241.594800
109.260000 33.556000 3240.896200
109.280000 34.027000 3240.560600
109.300000 34.498000 3243.563200
109.330000 34.968000 3248.585000
109.350000 35.439000 3252.333200
109.380000 35.910000 3240.995300
109.410000 36.381000 3246.665900
109.430000 36.851000 3249.523000
109.460000 37.322000 3241.229700
109.490000 37.793000 3238.434400
109.520000 38.264000 3237.604600
109.550000 38.734000 3236.374900
109.580000 39.205000 3236.275826
109.610000 39.676000 3239.862530
109.640000 40.147000 3242.817500
109.670000 40.617000 3241.829600
109.710000 41.088000 3241.407400
109.740000 41.559000 3237.663800
109.780000 42.030000 3239.333200
109.330000 21.788000 3229.266500
109.340000 22.259000 3227.508700
109.360000 22.729000 3236.302100
109.370000 23.200000 3241.167200
109.390000 23.671000 3242.497300
109.400000 24.141000 3241.115200
109.420000 24.612000 3243.978030
109.440000 25.083000 3246.648700
109.450000 25.554000 3242.574370
109.470000 26.024000 3242.981700
109.490000 26.495000 3239.631200
109.510000 26.966000 3232.526900
109.530000 27.437000 3229.815900
109.550000 27.907000 3237.408700
109.570000 28.378000 3237.720400
109.590000 28.849000 3240.731446
109.610000 29.320000 3238.377870
109.630000 29.790000 3236.042569
109.650000 30.261000 3233.893240
109.670000 30.732000 3234.329400
109.700000 31.203000 3233.629280
109.720000 31.673000 3235.078700
109.740000 32.144000 3235.488400
109.770000 32.615000 3239.110900
109.800000 33.085000 3244.200000
109.820000 33.556000 3240.440200
109.850000 34.027000 3243.304900
109.870000 34.498000 3240.411800
109.900000 34.968000 3245.593700
109.930000 35.439000 3241.876800
109.960000 35.910000 3238.608600
109.990000 36.381000 3239.047200
110.020000 36.851000 3239.793600
110.050000 37.322000 3245.426700
110.080000 37.793000 3238.835800
110.120000 38.264000 3236.780390
110.150000 38.734000 3233.884200
110.180000 39.205000 3233.978640
110.220000 39.676000 3234.091710
110.260000 40.147000 3236.870400
110.290000 40.617000 3237.458200
110.330000 41.088000 3241.226100
110.370000 41.559000 3237.515700
110.410000 42.030000 3239.200800
109.830000 21.788000 3228.474900
109.850000 22.259000 3227.335100
109.870000 22.729000 3237.192220
109.880000 23.200000 3235.574100
109.900000 23.671000 3240.810400
109.920000 24.141000 3236.174700
109.940000 24.612000 3236.194210
109.950000 25.083000 3240.461200
109.970000 25.554000 3250.210150
109.990000 26.024000 3239.296100
110.010000 26.495000 3235.192060
110.030000 26.966000 3232.912100
110.060000 27.437000 3228.588700
110.080000 27.907000 3228.357200
110.100000 28.378000 3230.025800
110.120000 28.849000 3232.798700
110.150000 29.320000 3236.550300
110.170000 29.790000 3234.533300
110.200000 30.261000 3236.600200
110.220000 30.732000 3233.058600
110.250000 31.203000 3235.139580
110.270000 31.673000 3232.487900
110.300000 32.144000 3233.350830
110.330000 32.615000 3239.482300
110.360000 33.085000 3241.373200
110.380000 33.556000 3239.202000
110.410000 34.027000 3238.635200
110.440000 34.498000 3239.251300
110.480000 34.968000 3243.372200
110.510000 35.439000 3240.973300
110.540000 35.910000 3239.275000
110.570000 36.381000 3241.157100
110.610000 36.851000 3240.545100
110.640000 37.322000 3237.554700
110.680000 37.793000 3237.276700
110.720000 38.264000 3235.034820
110.750000 38.734000 3231.522400
110.790000 39.205000 3231.847100
110.830000 39.676000 3233.508060
110.870000 40.147000 3236.642200
110.910000 40.617000 3236.490900
110.950000 41.088000 3237.289300
111.000000 41.559000 3236.553100
111.040000 42.030000 3237.186700
110.340000 21.788000 3227.941100
110.360000 22.259000 3227.208600
110.370000 22.729000 3237.863660
110.390000 23.200000 3237.813500
110.410000 23.671000 3232.946900
110.430000 24.141000 3241.482900
110.450000 24.612000 3235.429830
110.470000 25.083000 3241.454700
110.490000 25.554000 3248.105600
110.520000 26.024000 3237.631700
110.540000 26.495000 3238.242027
110.560000 26.966000 3236.701070
110.590000 27.437000 3234.692920
110.610000 27.907000 3231.536700
110.630000 28.378000 3230.857400
110.660000 28.849000 3234.989600
110.690000 29.320000 3234.628500
110.710000 29.790000 3238.649400
110.740000 30.261000 3234.889890
110.770000 30.732000 3233.957410
110.800000 31.203000 3238.987300
110.820000 31.673000 3232.816400
110.850000 32.144000 3233.159400
110.890000 32.615000 3239.886800
110.920000 33.085000 3244.482600
110.950000 33.556000 3238.293500
110.980000 34.027000 3243.600700
111.010000 34.498000 3237.708900
111.050000 34.968000 3237.268800
111.080000 35.439000 3237.237400
111.120000 35.910000 3242.880200
111.160000 36.381000 3236.129900
111.190000 36.851000 3236.587800
111.230000 37.322000 3236.573400
111.270000 37.793000 3236.335900
111.310000 38.264000 3235.299250
111.350000 38.734000 3235.436100
111.400000 39.205000 3233.611890
111.440000 39.676000 3234.885350
111.490000 40.147000 3234.833920
111.530000 40.617000 3234.418310
111.580000 41.088000 3237.043000
111.620000 41.559000 3236.153300
111.670000 42.030000 3236.875200
110.840000 21.788000 3232.138500
110.860000 22.259000 3233.870900
110.880000 22.729000 3243.330200
110.900000 23.200000 3230.675500
110.930000 23.671000 3235.134800
110.950000 24.141000 3235.637200
110.970000 24.612000 3241.941200
110.990000 25.083000 3236.781000
111.020000 25.554000 3240.173000
111.040000 26.024000 3244.242200
111.060000 26.495000 3240.009100
111.090000 26.966000 3237.464500
111.110000 27.437000 3240.108000
111.140000 27.907000 3235.956700
111.170000 28.378000 3241.971161
111.200000 28.849000 3236.692700
111.220000 29.320000 3230.622100
111.250000 29.790000 3234.307340
111.280000 30.261000 3236.167500
111.310000 30.732000 3234.198650
111.340000 31.203000 3233.543890
111.380000 31.673000 3233.211300
111.410000 32.144000 3239.853100
111.440000 32.615000 3242.737800
111.480000 33.085000 3246.265400
111.510000 33.556000 3242.713000
111.550000 34.027000 3243.478200
111.580000 34.498000 3236.919000
111.620000 34.968000 3235.229150
111.660000 35.439000 3234.571730
111.700000 35.910000 3235.018360
111.740000 36.381000 3236.091770
111.780000 36.851000 3235.281027
111.820000 37.322000 3235.598900
111.870000 37.793000 3236.003100
111.910000 38.264000 3235.127150
111.960000 38.734000 3234.697660
112.000000 39.205000 3235.011160
112.050000 39.676000 3233.465440
112.100000 40.147000 3234.095470
112.150000 40.617000 3234.347950
112.200000 41.088000 3234.615690
112.250000 41.559000 3235.777000
112.310000 42.030000 3237.936000
111.350000 21.788000 3233.774500
111.370000 22.259000 3239.042800
111.390000 22.729000 3240.814000
111.420000 23.200000 3232.747300
111.440000 23.671000 3232.378800
111.460000 24.141000 3236.652430
111.490000 24.612000 3237.809290
111.510000 25.083000 3239.404900
111.540000 25.554000 3235.501200
111.560000 26.024000 3237.912700
111.590000 26.495000 3235.314000
111.620000 26.966000 3236.600700
111.640000 27.437000 3238.268500
111.670000 27.907000 3237.018400
111.700000 28.378000 3242.323600
111.730000 28.849000 3234.870400
111.760000 29.320000 3234.411100
111.790000 29.790000 3236.330100
111.830000 30.261000 3237.446900
111.860000 30.732000 3235.695000
111.890000 31.203000 3237.612200
111.930000 31.673000 3241.679000
111.960000 32.144000 3246.783900
112.000000 32.615000 3236.932590
112.040000 33.085000 3236.907570
112.080000 33.556000 3242.282500
112.110000 34.027000 3237.981100
112.150000 34.498000 3233.728010
112.200000 34.968000 3233.248200
112.240000 35.439000 3236.481300
112.280000 35.910000 3233.663600
112.320000 36.381000 3235.647000
112.370000 36.851000 3234.108700
112.420000 37.322000 3232.495800
112.460000 37.793000 3232.029300
112.510000 38.264000 3233.551230
112.560000 38.734000 3233.582150
112.610000 39.205000 3232.941800
112.660000 39.676000 3233.451360
112.710000 40.147000 3233.228380
112.770000 40.617000 3233.190200
112.820000 41.088000 3234.511500
112.880000 41.559000 3235.523400
112.940000 42.030000 3235.089700
111.860000 21.788000 3233.640000
111.880000 22.259000 3237.888400
111.900000 22.729000 3236.714800
111.930000 23.200000 3230.154500
111.950000 23.671000 3233.484190
111.980000 24.141000 3232.671500
112.000000 24.612000 3236.484000
112.030000 25.083000 3242.314700
112.060000 25.554000 3236.887500
112.080000 26.024000 3239.173000
112.110000 26.495000 3234.131460
112.140000 26.966000 3234.242913
112.170000 27.437000 3234.003650
112.200000 27.907000 3236.776200
112.240000 28.378000 3235.412355
112.270000 28.849000 3233.188000
112.300000 29.320000 3236.348100
112.340000 29.790000 3241.311500
112.370000 30.261000 3239.158600
112.410000 30.732000 3238.542700
112.440000 31.203000 3239.439700
112.480000 31.673000 3247.636200
112.520000 32.144000 3249.072000
112.560000 32.615000 3245.597340
112.600000 33.085000 3240.189600
112.640000 33.556000 3236.049600
112.680000 34.027000 3234.157862
112.720000 34.498000 3233.088800
112.770000 34.968000 3233.518150
112.810000 35.439000 3231.519500
112.860000 35.910000 3229.003300
112.910000 36.381000 3230.520700
112.960000 36.851000 3231.172600
113.010000 37.322000 3230.520800
113.060000 37.793000 3232.066700
113.110000 38.264000 3233.225720
113.160000 38.734000 3234.403310
113.220000 39.205000 3234.232776
113.270000 39.676000 3231.225300
113.330000 40.147000 3231.815800
113.390000 40.617000 3233.771210
113.450000 41.088000 3235.480300
113.510000 41.559000 3237.451100
113.570000 42.030000 3243.664900
112.360000 21.788000 3227.398000
112.390000 22.259000 3231.370600
112.410000 22.729000 3230.717900
112.440000 23.200000 3228.429000
112.460000 23.671000 3234.953290
112.490000 24.141000 3239.020800
112.520000 24.612000 3231.539600
112.550000 25.083000 3235.424200
112.580000 25.554000 3235.078060
112.610000 26.024000 3240.786300
112.640000 26.495000 3233.891500
112.670000 26.966000 3231.344900
112.700000 27.437000 3232.268800
112.740000 27.907000 3234.066830
112.770000 28.378000 3233.771590
112.800000 28.849000 3233.589990
112.840000 29.320000 3237.358700
112.880000 29.790000 3239.182500
112.910000 30.261000 3237.265300
112.950000 30.732000 3235.598500
112.990000 31.203000 3235.435700
113.030000 31.673000 3243.359900
113.070000 32.144000 3250.505000
113.120000 32.615000 3241.307500
113.160000 33.085000 3236.113900
113.200000 33.556000 3233.530100
113.250000 34.027000 3237.541000
113.290000 34.498000 3238.568710
113.340000 34.968000 3238.491700
113.390000 35.439000 3233.466350
113.440000 35.910000 3240.426900
113.490000 36.381000 3232.058900
113.540000 36.851000 3229.735000
113.600000 37.322000 3231.086900
113.650000 37.793000 3233.903200
113.710000 38.264000 3237.735800
113.760000 38.734000 3234.851010
113.820000 39.205000 3233.265700
113.880000 39.676000 3230.610200
113.940000 40.147000 3232.841500
114.010000 40.617000 3232.818500
114.070000 41.088000 3236.854530
114.140000 41.559000 3241.655400
114.200000 42.030000 3241.064300
112.870000 21.788000 3225.213100
112.890000 22.259000 3229.785100
112.920000 22.729000 3229.224400
112.950000 23.200000 3224.377400
112.980000 23.671000 3230.118200
113.010000 24.141000 3232.859600
113.040000 24.612000 3236.592490
113.070000 25.083000 3231.652800
113.100000 25.554000 3234.164700
113.130000 26.024000 3235.959000
113.160000 26.495000 3238.958300
113.200000 26.966000 3234.271400
113.230000 27.437000 3237.118600
113.270000 27.907000 3236.149500
113.300000 28.378000 3239.338600
113.340000 28.849000 3235.883900
113.380000 29.320000 3240.107200
113.420000 29.790000 3237.245700
113.460000 30.261000 3236.663980
113.500000 30.732000 3235.023170
113.540000 31.203000 3234.565100
113.580000 31.673000 3241.538300
113.630000 32.144000 3247.314000
113.670000 32.615000 3239.716900
113.720000 33.085000 3242.339100
113.770000 33.556000 3239.274900
113.820000 34.027000 3238.661110
113.860000 34.498000 3238.591200
113.920000 34.968000 3238.847600
113.970000 35.439000 3240.790400
114.020000 35.910000 3240.912800
114.070000 36.381000 3233.777800
114.130000 36.851000 3231.759100
114.190000 37.322000 3235.295400
114.250000 37.793000 3241.628400
114.310000 38.264000 3236.240800
114.370000 38.734000 3234.230990
114.430000 39.205000 3233.793920
114.490000 39.676000 3231.136100
114.560000 40.147000 3230.827300
114.620000 40.617000 3233.425100
114.690000 41.088000 3237.561600
114.760000 41.559000 3237.916500
114.840000 42.030000 3238.972400
113.370000 21.788000 3225.129100
113.400000 22.259000 3227.940000
113.430000 22.729000 3230.291500
113.460000 23.200000 3228.177500
113.490000 23.671000 3232.477600
113.520000 24.141000 3233.107900
113.550000 24.612000 3236.260200
113.590000 25.083000 3229.565900
113.620000 25.554000 3232.814200
113.650000 26.024000 3238.259100
113.690000 26.495000 3237.939100
113.720000 26.966000 3240.640200
113.760000 27.437000 3236.669700
113.800000 27.907000 3233.475680
113.840000 28.378000 3234.578790
113.880000 28.849000 3240.285400
113.920000 29.320000 3248.299000
113.960000 29.790000 3248.362100
114.000000 30.261000 3244.448236
114.050000 30.732000 3236.086300
114.090000 31.203000 3240.196390
114.140000 31.673000 3248.890000
114.180000 32.144000 3239.580500
114.230000 32.615000 3237.545300
114.280000 33.085000 3239.045600
114.330000 33.556000 3238.597000
114.380000 34.027000 3235.967400
114.440000 34.498000 3237.256200
114.490000 34.968000 3240.718600
114.540000 35.439000 3241.690100
114.600000 35.910000 3240.062600
114.660000 36.381000 3236.460170
114.720000 36.851000 3236.210500
114.780000 37.322000 3236.901600
114.840000 37.793000 3237.742100
114.900000 38.264000 3231.690500
114.970000 38.734000 3230.233900
115.030000 39.205000 3232.899600
115.100000 39.676000 3231.094200
115.170000 40.147000 3232.124100
115.240000 40.617000 3231.768700
115.320000 41.088000 3234.979940
115.390000 41.559000 3236.423700
115.470000 42.030000 3248.838300
113.880000 21.788000 3226.234000
113.910000 22.259000 3233.548700
113.940000 22.729000 3230.828600
113.970000 23.200000 3231.667500
114.000000 23.671000 3235.081100
114.040000 24.141000 3236.735500
114.070000 24.612000 3240.504800
114.100000 25.083000 3230.564700
114.140000 25.554000 3240.101420
114.180000 26.024000 3242.496200
114.210000 26.495000 3235.693300
114.250000 26.966000 3234.755200
114.290000 27.437000 3239.047700
114.330000 27.907000 3234.720340
114.370000 28.378000 3235.033950
114.410000 28.849000 3241.091800
114.460000 29.320000 3245.008300
114.500000 29.790000 3243.392500
114.550000 30.261000 3237.431530
114.590000 30.732000 3235.265600
114.640000 31.203000 3237.635020
114.690000 31.673000 3242.145700
114.740000 32.144000 3235.632300
114.790000 32.615000 3236.283300
114.840000 33.085000 3237.951300
114.890000 33.556000 3240.089100
114.950000 34.027000 3235.825700
115.010000 34.498000 3236.584200
115.060000 34.968000 3238.465800
115.120000 35.439000 3237.509000
115.180000 35.910000 3239.132600
115.240000 36.381000 3236.549200
115.300000 36.851000 3237.352100
115.370000 37.322000 3236.553100
115.430000 37.793000 3237.411670
115.500000 38.264000 3235.377800
115.570000 38.734000 3233.683910
115.640000 39.205000 3229.314600
115.710000 39.676000 3222.487000
115.790000 40.147000 3228.187100
115.860000 40.617000 3231.698500
115.940000 41.088000 3238.250106
116.020000 41.559000 3240.338500
116.100000 42.030000 3245.669800
114.390000 21.788000 3224.627000
114.420000 22.259000 3228.410000
114.450000 22.729000 3234.066500
114.480000 23.200000 3235.167800
114.520000 23.671000 3240.423800
114.550000 24.141000 3235.742800
114.590000 24.612000 3234.262600
114.620000 25.083000 3232.183600
114.660000 25.554000 3232.717200
114.700000 26.024000 3231.750000
114.740000 26.495000 3228.959400
114.780000 26.966000 3225.023700
114.820000 27.437000 3232.860100
114.860000 27.907000 3232.504500
114.910000 28.378000 3236.751910
114.950000 28.849000 3244.828600
115.000000 29.320000 3239.645400
115.040000 29.790000 3235.424940
115.090000 30.261000 3239.838160
115.140000 30.732000 3247.678600
115.190000 31.203000 3240.906300
115.240000 31.673000 3237.270290
115.290000 32.144000 3234.665620
115.350000 32.615000 3237.405900
115.400000 33.085000 3247.261600
115.460000 33.556000 3243.524300
115.520000 34.027000 3235.162986
115.580000 34.498000 3238.110800
115.640000 34.968000 3238.689507
115.700000 35.439000 3237.973800
115.760000 35.910000 3234.437190
115.830000 36.381000 3237.852238
115.890000 36.851000 3234.835900
115.960000 37.322000 3227.015500
116.030000 37.793000 3231.253200
116.100000 38.264000 3231.108000
116.170000 38.734000 3231.916600
116.250000 39.205000 3233.416380
116.320000 39.676000 3224.144000
116.400000 40.147000 3231.475200
116.480000 40.617000 3236.877557
116.560000 41.088000 3238.426470
116.650000 41.559000 3237.764700
116.730000 42.030000 3238.459000
114.890000 21.788000 3231.326000
114.920000 22.259000 3233.771000
114.960000 22.729000 3239.607700
114.990000 23.200000 3235.403300
115.030000 23.671000 3232.573500
115.070000 24.141000 3232.442900
115.100000 24.612000 3235.097600
115.140000 25.083000 3235.128100
115.180000 25.554000 3230.636100
115.220000 26.024000 3230.177900
115.260000 26.495000 3232.250400
115.310000 26.966000 3232.940300
115.350000 27.437000 3232.206900
115.390000 27.907000 3231.710400
115.440000 28.378000 3234.426400
115.490000 28.849000 3237.551900
115.530000 29.320000 3236.536640
115.580000 29.790000 3234.361325
115.630000 30.261000 3244.178900
115.690000 30.732000 3255.918000
115.740000 31.203000 3246.659100
115.790000 31.673000 3235.318200
115.850000 32.144000 3233.564950
115.900000 32.615000 3239.639800
115.960000 33.085000 3243.782000
116.020000 33.556000 3244.958900
116.080000 34.027000 3236.821800
116.150000 34.498000 3237.186700
116.210000 34.968000 3239.245260
116.270000 35.439000 3234.335900
116.340000 35.910000 3234.905430
116.410000 36.381000 3233.139200
116.480000 36.851000 3231.594900
116.550000 37.322000 3229.598300
116.620000 37.793000 3230.342400
116.700000 38.264000 3229.830400
116.780000 38.734000 3227.658800
116.850000 39.205000 3233.182100
116.930000 39.676000 3229.354100
117.020000 40.147000 3233.857800
117.100000 40.617000 3238.183500
117.190000 41.088000 3236.979900
117.280000 41.559000 3238.069000
117.370000 42.030000 3240.366500
115.400000 21.788000 3233.503000
115.430000 22.259000 3234.560000
115.470000 22.729000 3240.402000
115.500000 23.200000 3238.803400
115.540000 23.671000 3232.227500
115.580000 24.141000 3230.261200
115.620000 24.612000 3234.985200
115.660000 25.083000 3237.096100
115.700000 25.554000 3231.098700
115.740000 26.024000 3235.213700
115.790000 26.495000 3238.751000
115.830000 26.966000 3241.420600
115.880000 27.437000 3239.982500
115.930000 27.907000 3234.691100
115.970000 28.378000 3232.178100
116.020000 28.849000 3230.636900
116.070000 29.320000 3234.142700
116.130000 29.790000 3233.442970
116.180000 30.261000 3234.524400
116.230000 30.732000 3248.886600
116.290000 31.203000 3246.495100
116.340000 31.673000 3236.391660
116.400000 32.144000 3235.760590
116.460000 32.615000 3237.871900
116.520000 33.085000 3245.620600
116.590000 33.556000 3240.341000
116.650000 34.027000 3237.758800
116.720000 34.498000 3241.685000
116.780000 34.968000 3239.820900
116.850000 35.439000 3237.631230
116.920000 35.910000 3234.324200
116.990000 36.381000 3235.082930
117.070000 36.851000 3235.432100
117.140000 37.322000 3235.132090
117.220000 37.793000 3233.156900
117.300000 38.264000 3228.428700
117.380000 38.734000 3230.749300
117.460000 39.205000 3232.445200
117.540000 39.676000 3227.584900
117.630000 40.147000 3232.280900
117.720000 40.617000 3235.397000
117.810000 41.088000 3228.548000
117.900000 41.559000 3238.725930
118.000000 42.030000 3237.373280
115.900000 21.788000 3237.423000
115.940000 22.259000 3241.113000
115.980000 22.729000 3241.461900
116.020000 23.200000 3233.384300
116.050000 23.671000 3231.243300
116.100000 24.141000 3228.384400
116.140000 24.612000 3228.646300
116.180000 25.083000 3232.518200
116.220000 25.554000 3234.766300
116.270000 26.024000 3234.726800
116.310000 26.495000 3236.095500
116.360000 26.966000 3238.300830
116.410000 27.437000 3240.458800
116.460000 27.907000 3233.640100
116.510000 28.378000 3231.519300
116.560000 28.849000 3225.126500
116.610000 29.320000 3231.702300
116.670000 29.790000 3234.176200
116.720000 30.261000 3228.570600
116.780000 30.732000 3237.726700
116.840000 31.203000 3235.808890
116.900000 31.673000 3235.052930
116.960000 32.144000 3232.734300
117.020000 32.615000 3235.611100
117.080000 33.085000 3242.344400
117.150000 33.556000 3240.783300
117.220000 34.027000 3238.752000
117.290000 34.498000 3238.315300
117.360000 34.968000 3233.303400
117.430000 35.439000 3232.644600
117.500000 35.910000 3233.030100
117.580000 36.381000 3232.977500
117.650000 36.851000 3236.330700
117.730000 37.322000 3237.524900
117.810000 37.793000 3233.388400
117.890000 38.264000 3235.688300
117.980000 38.734000 3245.742000
118.070000 39.205000 3235.091300
118.150000 39.676000 3226.471300
118.250000 40.147000 3223.286000
118.340000 40.617000 3233.311400
118.430000 41.088000 3228.227200
118.530000 41.559000 3235.310100
118.630000 42.030000 3240.045000
116.410000 21.788000 3229.499000
116.450000 22.259000 3241.345000
116.490000 22.729000 3236.825000
116.530000 23.200000 3230.055600
116.570000 23.671000 3230.652300
116.610000 24.141000 3231.661700
116.650000 24.612000 3230.214700
116.700000 25.083000 3233.191800
116.740000 25.554000 3231.556400
116.790000 26.024000 3231.569900
116.840000 26.495000 3237.510600
116.890000 26.966000 3239.179700
116.940000 27.437000 3234.503200
116.990000 27.907000 3232.733800
117.040000 28.378000 3230.420900
117.100000 28.849000 3227.500300
117.150000 29.320000 3236.867400
117.210000 29.790000 3235.778400
117.270000 30.261000 3234.000000
117.330000 30.732000 3231.155500
117.390000 31.203000 3228.552900
117.450000 31.673000 3235.283140
117.510000 32.144000 3234.633840
117.580000 32.615000 3232.521600
117.640000 33.085000 3230.571900
117.710000 33.556000 3235.314060
117.780000 34.027000 3232.965700
117.860000 34.498000 3233.791200
117.930000 34.968000 3228.862200
118.000000 35.439000 3228.157500
118.080000 35.910000 3227.679100
118.160000 36.381000 3228.862300
118.240000 36.851000 3231.438500
118.320000 37.322000 3233.741800
118.410000 37.793000 3232.045200
118.490000 38.264000 3234.231000
118.580000 38.734000 3227.187000
118.670000 39.205000 3232.415000
118.770000 39.676000 3225.728900
118.860000 40.147000 3225.209000
118.960000 40.617000 3228.275500
119.060000 41.088000 3226.447000
119.160000 41.559000 3232.274000
119.260000 42.030000 3226.581300
116.920000 21.788000 3227.972000
116.960000 22.259000 3233.255000
117.000000 22.729000 3224.193000
117.040000 23.200000 3222.661000
117.080000 23.671000 3232.021600
117.120000 24.141000 3230.361800
117.170000 24.612000 3233.782100
117.220000 25.083000 3233.044500
117.260000 25.554000 3228.688400
117.310000 26.024000 3233.447800
117.360000 26.495000 3235.174700
117.410000 26.966000 3234.775900
117.470000 27.437000 3231.706900
117.520000 27.907000 3234.182900
117.580000 28.378000 3227.759400
117.630000 28.849000 3233.794420
117.690000 29.320000 3238.065900
117.750000 29.790000 3228.367500
117.810000 30.261000 3236.424100
117.870000 30.732000 3234.787400
117.940000 31.203000 3228.995400
118.000000 31.673000 3227.957000
118.070000 32.144000 3230.933700
118.140000 32.615000 3223.188000
118.210000 33.085000 3229.805200
118.280000 33.556000 3231.835700
118.350000 34.027000 3229.481300
118.430000 34.498000 3228.902100
118.500000 34.968000 3229.214500
118.580000 35.439000 3230.932900
118.660000 35.910000 3229.303100
118.740000 36.381000 3228.230300
118.830000 36.851000 3228.705200
118.910000 37.322000 3229.661600
119.000000 37.793000 3226.131200
119.090000 38.264000 3230.994000
119.180000 38.734000 3218.696000
119.280000 39.205000 3219.731000
119.380000 39.676000 3229.694400
119.470000 40.147000 3223.643000
119.580000 40.617000 3224.054000
119.680000 41.088000 3219.252000
119.790000 41.559000 3222.425000
119.900000 42.030000 3229.921500
117.420000 21.788000 3225.939000
117.460000 22.259000 3230.525000
117.510000 22.729000 3232.254000
117.550000 23.200000 3239.826000
117.590000 23.671000 3241.182100
117.640000 24.141000 3233.749300
117.690000 24.612000 3231.142600
117.740000 25.083000 3230.299500
117.780000 25.554000 3230.716700
117.840000 26.024000 3229.787800
117.890000 26.495000 3225.791100
117.940000 26.966000 3224.910000
118.000000 27.437000 3222.827000
118.050000 27.907000 3228.724400
118.110000 28.378000 3225.261000
118.170000 28.849000 3229.569600
118.230000 29.320000 3230.249600
118.290000 29.790000 3226.497900
118.350000 30.261000 3240.133310
118.420000 30.732000 3223.703000
118.480000 31.203000 3224.728000
118.550000 31.673000 3224.357000
118.620000 32.144000 3222.130000
118.690000 32.615000 3227.486500
118.770000 33.085000 3231.943800
118.840000 33.556000 3231.161500
118.920000 34.027000 3226.669200
119.000000 34.498000 3228.469500
119.080000 34.968000 3229.852900
119.160000 35.439000 3233.572080
119.240000 35.910000 3232.072000
119.330000 36.381000 3230.654000
119.410000 36.851000 3224.108000
119.500000 37.322000 3215.820000
119.600000 37.793000 3224.197000
119.690000 38.264000 3226.711000
119.790000 38.734000 3211.426000
119.880000 39.205000 3218.537000
119.990000 39.676000 3238.304000
120.090000 40.147000 3233.034000
120.190000 40.617000 3228.835000
120.300000 41.088000 3230.450000
120.410000 41.559000 3231.051000
120.530000 42.030000 3238.098800
117.930000 21.788000 3212.270000
117.970000 22.259000 3222.788000
118.010000 22.729000 3218.189000
118.060000 23.200000 3231.214000
118.110000 23.671000 3228.271000
118.150000 24.141000 3232.697000
118.200000 24.612000 3231.268000
118.250000 25.083000 3226.319000
118.310000 25.554000 3227.826200
118.360000 26.024000 3234.459300
118.410000 26.495000 3236.095300
118.470000 26.966000 3242.323000
118.530000 27.437000 3240.179300
118.580000 27.907000 3235.755100
118.640000 28.378000 3227.729800
118.700000 28.849000 3223.155000
118.770000 29.320000 3230.183100
118.830000 29.790000 3233.650780
118.900000 30.261000 3238.171600
118.970000 30.732000 3226.143800
119.030000 31.203000 3226.498100
119.100000 31.673000 3222.489000
119.180000 32.144000 3225.018100
119.250000 32.615000 3234.209770
119.330000 33.085000 3232.559300
119.400000 33.556000 3230.812200
119.480000 34.027000 3226.192300
119.570000 34.498000 3228.798100
119.650000 34.968000 3234.456800
119.730000 35.439000 3238.754800
119.820000 35.910000 3241.144450
119.910000 36.381000 3229.721500
120.000000 36.851000 3215.940000
120.090000 37.322000 3213.910000
120.190000 37.793000 3237.262300
120.290000 38.264000 3251.370700
120.390000 38.734000 3222.404000
120.490000 39.205000 3210.861000
120.600000 39.676000 3239.434000
120.700000 40.147000 3234.330000
120.810000 40.617000 3226.497000
120.930000 41.088000 3228.075000
121.040000 41.559000 3220.175000
121.160000 42.030000 3216.764000
118.430000 21.788000 3216.354000
118.480000 22.259000 3216.484000
118.520000 22.729000 3206.918000
118.570000 23.200000 3236.623000
118.620000 23.671000 3232.191000
118.670000 24.141000 3221.663000
118.720000 24.612000 3224.823000
118.770000 25.083000 3227.019100
118.830000 25.554000 3233.233000
118.880000 26.024000 3231.503200
118.940000 26.495000 3229.197900
119.000000 26.966000 3226.606000
119.050000 27.437000 3226.703900
119.120000 27.907000 3231.997100
119.180000 28.378000 3228.928000
119.240000 28.849000 3230.373600
119.310000 29.320000 3222.675000
119.370000 29.790000 3237.818400
119.440000 30.261000 3239.689900
119.510000 30.732000 3228.463800
119.580000 31.203000 3223.983000
119.660000 31.673000 3221.611000
119.730000 32.144000 3234.969450
119.810000 32.615000 3230.499100
119.890000 33.085000 3229.819600
119.970000 33.556000 3223.296000
120.050000 34.027000 3217.560000
120.140000 34.498000 3218.675000
120.220000 34.968000 3229.355000
120.310000 35.439000 3229.930500
120.400000 35.910000 3234.501100
120.490000 36.381000 3219.593000
120.590000 36.851000 3212.646000
120.690000 37.322000 3223.289000
120.780000 37.793000 3244.641000
120.890000 38.264000 3257.673500
120.990000 38.734000 3229.498000
121.100000 39.205000 3218.580000
121.210000 39.676000 3225.194000
121.320000 40.147000 3236.948000
121.430000 40.617000 3204.241000
121.550000 41.088000 3222.486000
121.670000 41.559000 3224.022000
121.790000 42.030000 3233.231000
118.940000 21.788000 3200.086000
118.990000 22.259000 3208.153000
119.030000 22.729000 3223.641000
119.080000 23.200000 3229.779000
119.130000 23.671000 3240.650000
119.180000 24.141000 3240.377000
119.240000 24.612000 3237.974000
119.290000 25.083000 3239.887000
119.350000 25.554000 3229.046000
119.400000 26.024000 3227.011000
119.460000 26.495000 3228.684000
119.520000 26.966000 3222.982000
119.580000 27.437000 3227.313000
119.650000 27.907000 3227.677500
119.710000 28.378000 3230.202800
119.780000 28.849000 3232.232900
119.850000 29.320000 3231.363800
119.910000 29.790000 3232.584000
119.990000 30.261000 3223.713000
120.060000 30.732000 3226.976000
120.130000 31.203000 3226.679100
120.210000 31.673000 3237.207450
120.290000 32.144000 3228.103900
120.370000 32.615000 3220.843000
120.450000 33.085000 3221.449000
120.530000 33.556000 3226.136000
120.620000 34.027000 3208.510000
120.710000 34.498000 3195.160000
120.790000 34.968000 3200.941000
120.890000 35.439000 3211.027000
120.980000 35.910000 3219.932000
121.080000 36.381000 3214.631000
121.180000 36.851000 3216.767000
121.280000 37.322000 3225.813000
121.380000 37.793000 3239.786800
121.480000 38.264000 3239.398000
121.590000 38.734000 3202.709000
121.700000 39.205000 3202.134000
121.820000 39.676000 3223.460000
121.930000 40.147000 3226.666300
119.450000 21.788000 3207.797000
119.490000 22.259000 3211.728000
119.540000 22.729000 3236.188000
119.590000 23.200000 3224.520000
119.650000 23.671000 3217.664000
119.700000 24.141000 3232.319000
119.750000 24.612000 3235.117000
119.810000 25.083000 3235.595000
119.870000 25.554000 3240.853000
119.930000 26.024000 3226.750000
119.990000 26.495000 3225.767000
120.050000 26.966000 3230.489700
120.110000 27.437000 3233.455300
120.180000 27.907000 3233.074000
120.250000 28.378000 3227.557100
120.310000 28.849000 3224.953000
120.380000 29.320000 3226.419000
120.460000 29.790000 3224.547000
120.530000 30.261000 3225.668300
120.600000 30.732000 3228.171800
120.680000 31.203000 3232.123400
120.760000 31.673000 3225.694400
120.840000 32.144000 3219.454000
120.920000 32.615000 3213.269000
121.010000 33.085000 3227.462000
121.100000 33.556000 3231.614500
121.180000 34.027000 3232.806800
121.280000 34.498000 3222.643000
121.370000 34.968000 3210.812000
121.460000 35.439000 3202.679000
121.560000 35.910000 3209.445000
121.660000 36.381000 3213.810000
121.760000 36.851000 3216.898000
121.870000 37.322000 3223.946000
121.970000 37.793000 3238.907800
119.950000 21.788000 3228.066000
120.000000 22.259000 3231.402000
120.050000 22.729000 3262.123100
120.100000 23.200000 3244.857000
120.160000 23.671000 3225.414000
120.210000 24.141000 3229.950000
120.270000 24.612000 3232.244000
120.330000 25.083000 3232.708000
120.390000 25.554000 3223.486000
120.450000 26.024000 3240.097000
120.510000 26.495000 3236.777000
120.580000 26.966000 3227.892500
120.640000 27.437000 3222.771000
120.710000 27.907000 3225.872500
120.780000 28.378000 3229.832000
120.850000 28.849000 3225.445200
120.920000 29.320000 3223.995000
121.000000 29.790000 3227.879300
121.070000 30.261000 3221.092000
121.150000 30.732000 3208.938000
121.230000 31.203000 3217.094000
121.310000 31.673000 3221.827000
121.400000 32.144000 3214.145000
121.480000 32.615000 3215.093000
121.570000 33.085000 3236.829600
121.660000 33.556000 3221.834000
121.750000 34.027000 3238.163900
121.850000 34.498000 3241.588900
121.940000 34.968000 3231.018800
120.460000 21.788000 3250.446000
120.510000 22.259000 3247.418000
120.560000 22.729000 3239.192000
120.620000 23.200000 3201.950000
120.670000 23.671000 3211.905000
120.730000 24.141000 3227.525000
120.790000 24.612000 3213.561000
120.850000 25.083000 3231.494000
120.910000 25.554000 3209.916000
120.970000 26.024000 3216.901000
121.040000 26.495000 3207.067000
121.100000 26.966000 3213.667000
121.170000 27.437000 3213.566000
121.240000 27.907000 3217.032000
121.310000 28.378000 3222.207000
121.390000 28.849000 3225.231000
121.460000 29.320000 3223.856000
121.540000 29.790000 3220.086000
121.620000 30.261000 3224.245000
121.700000 30.732000 3227.184300
121.780000 31.203000 3224.183000
121.860000 31.673000 3222.377000
121.950000 32.144000 3219.522000
120.960000 21.788000 3237.875000
121.020000 22.259000 3223.374000
121.070000 22.729000 3194.685000
121.130000 23.200000 3184.713000
121.180000 23.671000 3185.592000
121.240000 24.141000 3189.792000
121.300000 24.612000 3197.590000
121.370000 25.083000 3214.558000
121.430000 25.554000 3200.442000
121.500000 26.024000 3200.608000
121.560000 26.495000 3198.760000
121.630000 26.966000 3213.624000
121.700000 27.437000 3206.531000
121.770000 27.907000 3212.739000
121.850000 28.378000 3223.297000
121.920000 28.849000 3215.315000
121.470000 21.788000 3192.502000
121.520000 22.259000 3199.552000
121.580000 22.729000 3202.589000
121.640000 23.200000 3198.990000
121.700000 23.671000 3231.587200
121.760000 24.141000 3235.334900
121.820000 24.612000 3204.677000
121.880000 25.083000 3187.454000
121.950000 25.554000 3196.293000
121.970000 21.788000 3223.051000
