104.770000 21.788000 3235.483600
104.770000 22.259000 3238.346900
104.770000 22.729000 3241.095200
104.770000 23.200000 3247.729000
104.770000 23.671000 3242.019200
104.770000 24.141000 3241.703600
104.770000 24.612000 3244.575000
104.770000 25.083000 3245.866800
104.770000 25.554000 3250.715000
104.770000 26.024000 3250.129000
104.760000 26.495000 3248.686000
104.760000 26.966000 3246.918000
104.760000 27.437000 3246.013000
104.760000 27.907000 3253.325000
104.760000 28.378000 3259.368000
104.760000 28.849000 3251.758000
104.760000 29.320000 3244.562800
104.760000 29.790000 3248.880000
104.760000 30.261000 3247.501000
104.760000 30.732000 3253.264000
104.750000 31.203000 3253.705000
104.750000 31.673000 3271.121000
104.750000 32.144000 3279.325000
104.750000 32.615000 3276.874000
104.750000 33.085000 3277.862000
104.750000 33.556000 3280.479000
104.750000 34.027000 3281.101000
104.740000 34.498000 3277.649000
104.740000 34.968000 3274.389000
104.740000 35.439000 3278.048000
104.740000 35.910000 3274.114000
104.740000 36.381000 3265.001000
104.740000 36.851000 3263.616000
104.740000 37.322000 3262.241000
104.730000 37.793000 3260.472000
104.730000 38.264000 3261.524000
104.730000 38.734000 3262.015000
104.730000 39.205000 3269.336000
104.730000 39.676000 3257.618000
104.720000 40.147000 3247.763000
104.720000 40.617000 3246.868000
104.720000 41.088000 3252.271000
104.720000 41.559000 3256.853000
104.720000 42.030000 3253.328000
105.280000 21.788000 3236.055100
105.280000 22.259000 3239.549410
105.280000 22.729000 3237.044900
105.280000 23.200000 3239.340700
105.280000 23.671000 3243.812000
105.280000 24.141000 3243.004500
105.290000 24.612000 3243.615300
105.290000 25.083000 3250.902200
105.290000 25.554000 3247.458000
105.290000 26.024000 3243.410400
105.290000 26.495000 3242.857900
105.290000 26.966000 3250.177000
105.290000 27.437000 3247.141000
105.290000 27.907000 3253.396000
105.290000 28.378000 3261.743000
105.300000 28.849000 3254.293000
105.300000 29.320000 3248.550000
105.300000 29.790000 3245.285000
105.300000 30.261000 3254.925000
105.300000 30.732000 3264.476000
105.300000 31.203000 3264.045000
105.300000 31.673000 3269.254000
105.310000 32.144000 3275.734000
105.310000 32.615000 3273.222000
105.310000 33.085000 3276.453000
105.310000 33.556000 3280.256000
105.310000 34.027000 3280.815000
105.310000 34.498000 3278.820000
105.320000 34.968000 3275.503000
105.320000 35.439000 3274.003000
105.320000 35.910000 3268.492000
105.320000 36.381000 3263.453000
105.320000 36.851000 3266.729000
105.330000 37.322000 3264.462000
105.330000 37.793000 3259.382000
105.330000 38.264000 3255.563000
105.330000 38.734000 3258.461000
105.330000 39.205000 3265.882000
105.340000 39.676000 3256.398000
105.340000 40.147000 3253.150000
105.340000 40.617000 3253.740000
105.340000 41.088000 3260.481000
105.350000 41.559000 3268.409000
105.350000 42.030000 3252.987000
105.790000 21.788000 3237.907510
105.790000 22.259000 3242.686600
105.790000 22.729000 3240.438430
105.790000 23.200000 3244.749930
105.800000 23.671000 3236.467400
105.800000 24.141000 3236.598500
105.800000 24.612000 3242.682300
105.810000 25.083000 3241.233100
105.810000 25.554000 3237.413100
105.810000 26.024000 3233.823120
105.810000 26.495000 3236.273700
105.820000 26.966000 3241.917700
105.820000 27.437000 3243.165900
105.830000 27.907000 3244.900000
105.830000 28.378000 3245.059000
105.830000 28.849000 3245.336100
105.840000 29.320000 3245.136200
105.840000 29.790000 3246.205000
105.840000 30.261000 3256.590000
105.850000 30.732000 3261.703000
105.850000 31.203000 3249.640000
105.860000 31.673000 3247.947000
105.860000 32.144000 3249.545000
105.870000 32.615000 3253.580000
105.870000 33.085000 3264.977000
105.870000 33.556000 3270.551000
105.880000 34.027000 3271.764000
105.880000 34.498000 3266.137000
105.890000 34.968000 3255.393000
105.890000 35.439000 3248.331000
105.900000 35.910000 3246.160000
105.910000 36.381000 3245.876000
105.910000 36.851000 3249.291000
105.920000 37.322000 3251.868000
105.920000 37.793000 3247.499000
105.930000 38.264000 3246.855000
105.930000 38.734000 3253.282000
105.940000 39.205000 3248.250000
105.950000 39.676000 3249.975000
105.950000 40.147000 3253.053000
105.960000 40.617000 3258.215000
105.970000 41.088000 3257.081000
105.970000 41.559000 3252.998000
105.980000 42.030000 3244.585000
106.290000 21.788000 3235.711293
106.300000 22.259000 3234.773860
106.300000 22.729000 3242.758640
106.300000 23.200000 3239.140700
106.310000 23.671000 3236.779700
106.310000 24.141000 3237.375400
106.320000 24.612000 3236.584300
106.320000 25.083000 3241.211100
106.330000 25.554000 3240.016800
106.330000 26.024000 3232.132100
106.340000 26.495000 3236.318500
106.350000 26.966000 3237.938200
106.350000 27.437000 3240.827200
106.360000 27.907000 3240.043100
106.360000 28.378000 3237.055000
106.370000 28.849000 3239.285300
106.380000 29.320000 3241.296200
106.380000 29.790000 3245.467300
106.390000 30.261000 3250.176000
106.390000 30.732000 3256.916000
106.400000 31.203000 3251.969000
106.410000 31.673000 3243.320500
106.420000 32.144000 3239.507600
106.420000 32.615000 3241.393900
106.430000 33.085000 3247.699000
106.440000 33.556000 3258.155000
106.450000 34.027000 3256.341000
106.450000 34.498000 3249.774000
106.460000 34.968000 3242.112900
106.470000 35.439000 3238.869700
106.480000 35.910000 3235.873000
106.490000 36.381000 3238.565700
106.500000 36.851000 3242.510100
106.510000 37.322000 3246.105000
106.520000 37.793000 3244.782000
106.530000 38.264000 3241.739300
106.540000 38.734000 3243.390100
106.550000 39.205000 3242.501200
106.560000 39.676000 3243.169300
106.570000 40.147000 3249.352000
106.580000 40.617000 3256.301000
106.590000 41.088000 3253.512000
106.600000 41.559000 3245.770000
106.610000 42.030000 3241.154000
106.800000 21.788000 3233.618100
106.800000 22.259000 3234.079000
106.810000 22.729000 3238.410500
106.820000 23.200000 3238.081500
106.820000 23.671000 3234.258130
106.830000 24.141000 3234.199767
106.840000 24.612000 3238.229100
106.840000 25.083000 3241.773300
106.850000 25.554000 3239.262800
106.860000 26.024000 3234.652590
106.860000 26.495000 3234.820080
106.870000 26.966000 3236.109800
106.880000 27.437000 3235.709500
106.890000 27.907000 3235.669500
106.900000 28.378000 3235.411800
106.910000 28.849000 3237.842300
106.910000 29.320000 3241.550200
106.920000 29.790000 3244.723000
106.930000 30.261000 3250.015000
106.940000 30.732000 3263.381000
106.950000 31.203000 3267.747000
106.960000 31.673000 3255.204000
106.970000 32.144000 3242.492500
106.980000 32.615000 3239.509600
106.990000 33.085000 3241.223700
107.000000 33.556000 3246.693000
107.010000 34.027000 3248.515000
107.020000 34.498000 3246.269000
107.040000 34.968000 3238.642400
107.050000 35.439000 3236.562200
107.060000 35.910000 3234.755990
107.070000 36.381000 3234.874920
107.090000 36.851000 3239.721500
107.100000 37.322000 3242.199500
107.110000 37.793000 3241.606000
107.130000 38.264000 3239.907700
107.140000 38.734000 3240.048600
107.150000 39.205000 3237.719700
107.170000 39.676000 3236.206400
107.180000 40.147000 3242.588800
107.200000 40.617000 3248.726000
107.210000 41.088000 3247.574000
107.230000 41.559000 3241.358500
107.250000 42.030000 3237.992900
107.300000 21.788000 3251.502200
107.310000 22.259000 3248.101300
107.320000 22.729000 3240.219600
107.330000 23.200000 3241.205800
107.330000 23.671000 3238.338300
107.340000 24.141000 3240.067900
107.350000 24.612000 3248.283200
107.360000 25.083000 3238.659010
107.370000 25.554000 3240.809900
107.380000 26.024000 3237.990800
107.390000 26.495000 3233.917190
107.400000 26.966000 3235.067440
107.410000 27.437000 3236.221600
107.420000 27.907000 3238.895770
107.430000 28.378000 3237.662600
107.440000 28.849000 3237.863500
107.450000 29.320000 3237.559200
107.460000 29.790000 3236.896800
107.480000 30.261000 3236.530400
107.490000 30.732000 3241.436200
107.500000 31.203000 3251.676000
107.510000 31.673000 3250.127000
107.530000 32.144000 3241.162200
107.540000 32.615000 3239.073300
107.550000 33.085000 3239.519900
107.570000 33.556000 3240.524300
107.580000 34.027000 3242.674200
107.590000 34.498000 3253.266000
107.610000 34.968000 3251.204000
107.620000 35.439000 3246.956000
107.640000 35.910000 3238.036600
107.660000 36.381000 3234.345750
107.670000 36.851000 3234.453770
107.690000 37.322000 3236.674800
107.710000 37.793000 3238.747200
107.720000 38.264000 3238.256700
107.740000 38.734000 3238.356100
107.760000 39.205000 3234.181217
107.780000 39.676000 3234.498680
107.800000 40.147000 3237.547500
107.820000 40.617000 3249.105000
107.840000 41.088000 3243.381300
107.860000 41.559000 3241.925600
107.880000 42.030000 3236.658300
107.810000 21.788000 3244.578200
107.820000 22.259000 3242.060000
107.830000 22.729000 3238.516900
107.840000 23.200000 3235.659661
107.850000 23.671000 3239.523000
107.860000 24.141000 3243.582800
107.870000 24.612000 3243.718300
107.880000 25.083000 3241.958600
107.890000 25.554000 3238.718700
107.900000 26.024000 3238.940400
107.910000 26.495000 3236.441600
107.930000 26.966000 3234.693080
107.940000 27.437000 3235.796100
107.950000 27.907000 3237.339600
107.960000 28.378000 3236.077100
107.980000 28.849000 3238.088800
107.990000 29.320000 3237.128700
108.010000 29.790000 3235.049830
108.020000 30.261000 3233.126400
108.030000 30.732000 3232.661800
108.050000 31.203000 3232.303400
108.060000 31.673000 3234.599350
108.080000 32.144000 3235.842200
108.100000 32.615000 3236.454700
108.110000 33.085000 3236.721800
108.130000 33.556000 3237.825100
108.150000 34.027000 3244.104300
108.160000 34.498000 3263.245000
108.180000 34.968000 3251.072000
108.200000 35.439000 3238.202900
108.220000 35.910000 3233.990180
108.240000 36.381000 3230.932200
108.260000 36.851000 3232.481700
108.280000 37.322000 3235.034890
108.300000 37.793000 3235.602600
108.320000 38.264000 3237.667300
108.340000 38.734000 3239.422600
108.370000 39.205000 3233.639530
108.390000 39.676000 3233.542150
108.410000 40.147000 3236.715100
108.440000 40.617000 3241.499400
108.460000 41.088000 3239.108900
108.490000 41.559000 3238.780100
108.510000 42.030000 3236.373300
108.310000 21.788000 3237.061400
108.330000 22.259000 3233.392100
108.340000 22.729000 3238.398700
108.350000 23.200000 3240.400400
108.360000 23.671000 3245.407800
108.370000 24.141000 3240.102000
108.390000 24.612000 3243.175900
108.400000 25.083000 3249.471700
108.410000 25.554000 3239.465800
108.430000 26.024000 3242.418100
108.440000 26.495000 3238.434900
108.450000 26.966000 3235.968200
108.470000 27.437000 3235.222700
108.480000 27.907000 3234.800420
108.500000 28.378000 3235.502200
108.510000 28.849000 3238.244200
108.530000 29.320000 3239.614900
108.550000 29.790000 3238.879200
108.560000 30.261000 3235.871300
108.580000 30.732000 3234.343350
108.600000 31.203000 3235.364400
108.620000 31.673000 3234.583400
108.640000 32.144000 3235.837700
108.650000 32.615000 3236.080000
108.670000 33.085000 3236.807800
108.690000 33.556000 3237.833500
108.710000 34.027000 3243.311800
108.730000 34.498000 3247.454000
108.760000 34.968000 3242.056700
108.780000 35.439000 3235.471000
108.800000 35.910000 3232.711900
108.820000 36.381000 3232.679700
108.850000 36.851000 3234.346300
108.870000 37.322000 3235.302400
108.900000 37.793000 3238.667100
108.920000 38.264000 3239.722900
108.950000 38.734000 3237.816600
108.970000 39.205000 3233.094100
109.000000 39.676000 3233.505630
109.030000 40.147000 3235.988900
109.050000 40.617000 3238.695900
109.080000 41.088000 3239.293800
109.110000 41.559000 3236.706300
109.140000 42.030000 3236.848400
108.820000 21.788000 3239.356700
108.830000 22.259000 3237.868600
108.850000 22.729000 3245.302000
108.860000 23.200000 3244.596800
108.870000 23.671000 3239.260300
108.890000 24.141000 3244.737400
108.900000 24.612000 3248.963870
108.920000 25.083000 3248.099200
108.930000 25.554000 3246.983800
108.950000 26.024000 3237.707500
108.960000 26.495000 3236.812830
108.980000 26.966000 3232.887500
109.000000 27.437000 3232.844400
109.010000 27.907000 3233.165800
109.030000 28.378000 3234.233870
109.050000 28.849000 3238.082800
109.070000 29.320000 3240.485100
109.090000 29.790000 3237.617700
109.110000 30.261000 3237.894800
109.130000 30.732000 3235.509700
109.150000 31.203000 3236.050900
109.170000 31.673000 3234.912840
109.190000 32.144000 3236.508000
109.210000 32.615000 3236.836600
109.230000 33.085000 3237.242100
109.260000 33.556000 3236.355500
109.280000 34.027000 3236.969500
109.300000 34.498000 3238.879800
109.330000 34.968000 3240.372500
109.350000 35.439000 3235.681700
109.380000 35.910000 3233.544950
109.410000 36.381000 3232.238700
109.430000 36.851000 3232.322400
109.460000 37.322000 3234.818920
109.490000 37.793000 3234.554750
109.520000 38.264000 3232.333200
109.550000 38.734000 3232.250000
109.580000 39.205000 3232.598200
109.610000 39.676000 3233.559250
109.640000 40.147000 3236.286400
109.670000 40.617000 3238.154600
109.710000 41.088000 3239.623600
109.740000 41.559000 3237.184300
109.780000 42.030000 3236.032300
109.330000 21.788000 3240.357000
109.340000 22.259000 3238.813900
109.360000 22.729000 3242.552500
109.370000 23.200000 3243.493300
109.390000 23.671000 3241.123960
109.400000 24.141000 3241.031900
109.420000 24.612000 3252.998100
109.440000 25.083000 3250.418860
109.450000 25.554000 3240.002870
109.470000 26.024000 3240.378230
109.490000 26.495000 3234.689125
109.510000 26.966000 3231.141600
109.530000 27.437000 3230.274900
109.550000 27.907000 3233.634100
109.570000 28.378000 3233.805200
109.590000 28.849000 3235.387770
109.610000 29.320000 3235.790100
109.630000 29.790000 3234.275613
109.650000 30.261000 3233.967160
109.670000 30.732000 3234.348590
109.700000 31.203000 3234.350060
109.720000 31.673000 3234.732420
109.740000 32.144000 3235.185270
109.770000 32.615000 3237.855800
109.800000 33.085000 3238.175300
109.820000 33.556000 3235.789000
109.850000 34.027000 3236.246200
109.870000 34.498000 3236.467600
109.900000 34.968000 3239.056200
109.930000 35.439000 3237.156000
109.960000 35.910000 3232.629400
109.990000 36.381000 3233.022800
110.020000 36.851000 3233.680920
110.050000 37.322000 3236.901920
110.080000 37.793000 3233.279900
110.120000 38.264000 3231.305800
110.150000 38.734000 3231.184600
110.180000 39.205000 3232.093300
110.220000 39.676000 3234.181695
110.260000 40.147000 3236.404000
110.290000 40.617000 3236.502200
110.330000 41.088000 3239.806900
110.370000 41.559000 3236.832600
110.410000 42.030000 3236.221300
109.830000 21.788000 3237.616000
109.850000 22.259000 3235.578200
109.870000 22.729000 3241.708700
109.880000 23.200000 3240.719600
109.900000 23.671000 3243.762300
109.920000 24.141000 3236.253200
109.940000 24.612000 3239.758900
109.950000 25.083000 3241.619710
109.970000 25.554000 3249.401900
109.990000 26.024000 3237.268500
110.010000 26.495000 3234.998281
110.030000 26.966000 3232.743300
110.060000 27.437000 3229.559400
110.080000 27.907000 3229.681700
110.100000 28.378000 3231.404400
110.120000 28.849000 3231.936100
110.150000 29.320000 3232.906300
110.170000 29.790000 3233.504470
110.200000 30.261000 3233.080500
110.220000 30.732000 3233.745460
110.250000 31.203000 3234.561870
110.270000 31.673000 3232.320900
110.300000 32.144000 3234.205345
110.330000 32.615000 3237.005200
110.360000 33.085000 3235.926900
110.380000 33.556000 3234.343540
110.410000 34.027000 3234.655760
110.440000 34.498000 3236.726500
110.480000 34.968000 3239.403800
110.510000 35.439000 3238.291000
110.540000 35.910000 3235.233920
110.570000 36.381000 3234.601550
110.610000 36.851000 3234.923650
110.640000 37.322000 3233.900860
110.680000 37.793000 3233.028700
110.720000 38.264000 3232.718400
110.750000 38.734000 3229.583600
110.790000 39.205000 3230.706400
110.830000 39.676000 3231.381000
110.870000 40.147000 3236.323300
110.910000 40.617000 3235.827200
110.950000 41.088000 3236.593900
111.000000 41.559000 3234.972060
111.040000 42.030000 3236.338800
110.340000 21.788000 3232.881600
110.360000 22.259000 3233.071200
110.370000 22.729000 3244.702950
110.390000 23.200000 3242.681900
110.410000 23.671000 3238.286000
110.430000 24.141000 3243.685300
110.450000 24.612000 3236.686700
110.470000 25.083000 3241.192900
110.490000 25.554000 3244.756320
110.520000 26.024000 3236.749960
110.540000 26.495000 3240.170900
110.560000 26.966000 3237.005330
110.590000 27.437000 3237.695890
110.610000 27.907000 3233.665470
110.630000 28.378000 3230.344000
110.660000 28.849000 3231.369100
110.690000 29.320000 3232.781600
110.710000 29.790000 3233.165600
110.740000 30.261000 3234.354350
110.770000 30.732000 3234.745910
110.800000 31.203000 3239.361800
110.820000 31.673000 3231.678700
110.850000 32.144000 3232.590200
110.890000 32.615000 3236.706100
110.920000 33.085000 3240.181200
110.950000 33.556000 3233.688230
110.980000 34.027000 3235.936361
111.010000 34.498000 3236.361200
111.050000 34.968000 3236.261200
111.080000 35.439000 3235.080480
111.120000 35.910000 3236.443230
111.160000 36.381000 3233.212730
111.190000 36.851000 3233.320280
111.230000 37.322000 3234.890390
111.270000 37.793000 3235.072320
111.310000 38.264000 3234.445440
111.350000 38.734000 3233.655870
111.400000 39.205000 3233.251860
111.440000 39.676000 3233.281340
111.490000 40.147000 3235.389900
111.530000 40.617000 3235.092980
111.580000 41.088000 3235.581700
111.620000 41.559000 3235.039520
111.670000 42.030000 3236.841400
110.840000 21.788000 3236.747300
110.860000 22.259000 3238.450800
110.880000 22.729000 3248.464600
110.900000 23.200000 3236.714900
110.930000 23.671000 3243.371600
110.950000 24.141000 3237.720700
110.970000 24.612000 3248.887400
110.990000 25.083000 3238.990400
111.020000 25.554000 3239.017700
111.040000 26.024000 3242.986500
111.060000 26.495000 3242.068000
111.090000 26.966000 3235.877700
111.110000 27.437000 3240.661400
111.140000 27.907000 3236.148900
111.170000 28.378000 3239.195940
111.200000 28.849000 3234.508400
111.220000 29.320000 3232.697500
111.250000 29.790000 3235.127800
111.280000 30.261000 3236.533800
111.310000 30.732000 3234.053590
111.340000 31.203000 3233.347180
111.380000 31.673000 3232.240500
111.410000 32.144000 3237.955300
111.440000 32.615000 3240.851200
111.480000 33.085000 3245.192400
111.510000 33.556000 3239.152700
111.550000 34.027000 3237.786501
111.580000 34.498000 3235.413060
111.620000 34.968000 3233.956320
111.660000 35.439000 3233.505220
111.700000 35.910000 3232.687600
111.740000 36.381000 3232.576600
111.780000 36.851000 3234.521300
111.820000 37.322000 3233.728740
111.870000 37.793000 3235.089420
111.910000 38.264000 3234.684490
111.960000 38.734000 3234.720210
112.000000 39.205000 3234.297141
112.050000 39.676000 3233.866120
112.100000 40.147000 3233.705760
112.150000 40.617000 3235.560000
112.200000 41.088000 3234.679750
112.250000 41.559000 3234.433720
112.310000 42.030000 3234.714690
111.350000 21.788000 3240.221200
111.370000 22.259000 3244.986700
111.390000 22.729000 3243.768500
111.420000 23.200000 3236.431400
111.440000 23.671000 3232.480400
111.460000 24.141000 3241.684400
111.490000 24.612000 3245.102400
111.510000 25.083000 3241.016600
111.540000 25.554000 3240.484800
111.560000 26.024000 3238.244300
111.590000 26.495000 3235.403200
111.620000 26.966000 3237.205300
111.640000 27.437000 3238.482800
111.670000 27.907000 3236.567000
111.700000 28.378000 3244.460800
111.730000 28.849000 3239.638032
111.760000 29.320000 3234.810135
111.790000 29.790000 3236.453700
111.830000 30.261000 3237.314900
111.860000 30.732000 3235.455000
111.890000 31.203000 3235.579200
111.930000 31.673000 3240.832900
111.960000 32.144000 3246.781600
112.000000 32.615000 3237.941810
112.040000 33.085000 3237.186760
112.080000 33.556000 3241.587700
112.110000 34.027000 3236.212500
112.150000 34.498000 3232.717100
112.200000 34.968000 3233.505620
112.240000 35.439000 3233.829300
112.280000 35.910000 3232.484300
112.320000 36.381000 3232.691600
112.370000 36.851000 3233.171500
112.420000 37.322000 3232.474200
112.460000 37.793000 3232.388000
112.510000 38.264000 3232.592900
112.560000 38.734000 3233.518970
112.610000 39.205000 3233.448610
112.660000 39.676000 3233.332420
112.710000 40.147000 3234.328270
112.770000 40.617000 3233.487850
112.820000 41.088000 3234.632980
112.880000 41.559000 3236.246800
112.940000 42.030000 3234.872500
111.860000 21.788000 3238.801900
111.880000 22.259000 3242.835300
111.900000 22.729000 3241.198200
111.930000 23.200000 3234.170100
111.950000 23.671000 3234.912670
111.980000 24.141000 3234.378900
112.000000 24.612000 3241.283200
112.030000 25.083000 3248.483000
112.060000 25.554000 3239.973000
112.080000 26.024000 3237.569200
112.110000 26.495000 3233.554500
112.140000 26.966000 3234.520000
112.170000 27.437000 3233.937580
112.200000 27.907000 3235.106480
112.240000 28.378000 3243.241540
112.270000 28.849000 3237.375690
112.300000 29.320000 3236.446400
112.340000 29.790000 3240.561800
112.370000 30.261000 3237.798100
112.410000 30.732000 3236.644100
112.440000 31.203000 3238.702500
112.480000 31.673000 3245.043400
112.520000 32.144000 3247.794700
112.560000 32.615000 3252.429150
112.600000 33.085000 3245.408890
112.640000 33.556000 3237.368290
112.680000 34.027000 3233.185500
112.720000 34.498000 3232.993200
112.770000 34.968000 3232.816300
112.810000 35.439000 3231.210000
112.860000 35.910000 3228.703400
112.910000 36.381000 3230.166100
112.960000 36.851000 3231.244900
113.010000 37.322000 3231.025300
113.060000 37.793000 3232.644100
113.110000 38.264000 3233.653910
113.160000 38.734000 3234.888660
113.220000 39.205000 3234.874270
113.270000 39.676000 3232.946800
113.330000 40.147000 3233.687410
113.390000 40.617000 3235.581900
113.450000 41.088000 3236.754700
113.510000 41.559000 3236.522400
113.570000 42.030000 3235.346800
112.360000 21.788000 3231.966000
112.390000 22.259000 3236.626800
112.410000 22.729000 3235.956600
112.440000 23.200000 3227.738300
112.460000 23.671000 3233.555800
112.490000 24.141000 3238.984200
112.520000 24.612000 3240.524100
112.550000 25.083000 3241.508300
112.580000 25.554000 3235.263290
112.610000 26.024000 3243.993400
112.640000 26.495000 3235.128400
112.670000 26.966000 3231.076000
112.700000 27.437000 3232.630900
112.740000 27.907000 3233.407700
112.770000 28.378000 3236.249690
112.800000 28.849000 3233.303300
112.840000 29.320000 3235.573100
112.880000 29.790000 3237.986400
112.910000 30.261000 3236.258400
112.950000 30.732000 3236.769300
112.990000 31.203000 3235.115190
113.030000 31.673000 3241.666900
113.070000 32.144000 3247.543000
113.120000 32.615000 3238.706000
113.160000 33.085000 3234.355550
113.200000 33.556000 3232.489300
113.250000 34.027000 3237.945000
113.290000 34.498000 3241.149200
113.340000 34.968000 3237.630100
113.390000 35.439000 3232.482100
113.440000 35.910000 3242.815500
113.490000 36.381000 3231.441300
113.540000 36.851000 3231.121800
113.600000 37.322000 3232.142500
113.650000 37.793000 3232.200600
113.710000 38.264000 3235.048400
113.760000 38.734000 3234.272291
113.820000 39.205000 3233.577090
113.880000 39.676000 3232.624200
113.940000 40.147000 3233.453400
114.010000 40.617000 3236.270100
114.070000 41.088000 3236.530500
114.140000 41.559000 3236.263100
114.200000 42.030000 3236.638100
112.870000 21.788000 3230.462700
112.890000 22.259000 3232.304000
112.920000 22.729000 3228.700500
112.950000 23.200000 3226.594900
112.980000 23.671000 3230.566400
113.010000 24.141000 3235.405900
113.040000 24.612000 3243.827100
113.070000 25.083000 3230.921100
113.100000 25.554000 3236.227100
113.130000 26.024000 3242.555700
113.160000 26.495000 3244.230700
113.200000 26.966000 3236.473000
113.230000 27.437000 3237.782590
113.270000 27.907000 3235.383200
113.300000 28.378000 3237.440900
113.340000 28.849000 3234.983560
113.380000 29.320000 3237.093100
113.420000 29.790000 3236.136200
113.460000 30.261000 3236.363000
113.500000 30.732000 3234.488150
113.540000 31.203000 3233.908160
113.580000 31.673000 3239.108000
113.630000 32.144000 3244.465000
113.670000 32.615000 3237.536000
113.720000 33.085000 3241.948900
113.770000 33.556000 3237.881500
113.820000 34.027000 3239.873100
113.860000 34.498000 3239.997400
113.920000 34.968000 3238.367700
113.970000 35.439000 3242.436800
114.020000 35.910000 3235.507000
114.070000 36.381000 3233.338700
114.130000 36.851000 3233.110600
114.190000 37.322000 3234.160650
114.250000 37.793000 3236.385880
114.310000 38.264000 3237.132000
114.370000 38.734000 3234.689089
114.430000 39.205000 3233.386730
114.490000 39.676000 3233.310710
114.560000 40.147000 3233.488800
114.620000 40.617000 3233.091800
114.690000 41.088000 3236.965000
114.760000 41.559000 3237.374100
114.840000 42.030000 3237.685500
113.370000 21.788000 3228.695400
113.400000 22.259000 3230.086100
113.430000 22.729000 3232.665700
113.460000 23.200000 3227.640400
113.490000 23.671000 3235.130700
113.520000 24.141000 3238.723300
113.550000 24.612000 3238.453800
113.590000 25.083000 3234.317600
113.620000 25.554000 3239.591200
113.650000 26.024000 3243.795900
113.690000 26.495000 3241.102000
113.720000 26.966000 3244.056300
113.760000 27.437000 3236.448930
113.800000 27.907000 3232.860500
113.840000 28.378000 3232.836200
113.880000 28.849000 3234.257160
113.920000 29.320000 3242.903900
113.960000 29.790000 3247.402700
114.000000 30.261000 3243.278790
114.050000 30.732000 3235.614900
114.090000 31.203000 3238.758100
114.140000 31.673000 3246.758300
114.180000 32.144000 3239.064500
114.230000 32.615000 3237.961000
114.280000 33.085000 3239.735000
114.330000 33.556000 3242.220000
114.380000 34.027000 3236.534200
114.440000 34.498000 3235.850900
114.490000 34.968000 3237.874900
114.540000 35.439000 3240.101200
114.600000 35.910000 3244.156400
114.660000 36.381000 3236.785300
114.720000 36.851000 3238.213500
114.780000 37.322000 3239.230300
114.840000 37.793000 3240.326700
114.900000 38.264000 3237.043330
114.970000 38.734000 3235.819400
115.030000 39.205000 3233.381920
115.100000 39.676000 3232.392300
115.170000 40.147000 3232.828000
115.240000 40.617000 3232.945600
115.320000 41.088000 3235.424300
115.390000 41.559000 3236.746500
115.470000 42.030000 3241.442900
113.880000 21.788000 3228.686000
113.910000 22.259000 3235.446900
113.940000 22.729000 3232.425300
113.970000 23.200000 3232.964400
114.000000 23.671000 3238.234800
114.040000 24.141000 3239.433100
114.070000 24.612000 3240.587300
114.100000 25.083000 3234.031200
114.140000 25.554000 3245.557400
114.180000 26.024000 3243.688710
114.210000 26.495000 3239.009500
114.250000 26.966000 3236.597400
114.290000 27.437000 3243.264000
114.330000 27.907000 3240.770180
114.370000 28.378000 3236.105290
114.410000 28.849000 3236.485362
114.460000 29.320000 3242.263400
114.500000 29.790000 3243.939300
114.550000 30.261000 3238.270780
114.590000 30.732000 3236.034080
114.640000 31.203000 3237.432860
114.690000 31.673000 3239.670500
114.740000 32.144000 3236.342500
114.790000 32.615000 3238.683900
114.840000 33.085000 3238.383700
114.890000 33.556000 3242.926100
114.950000 34.027000 3236.619400
115.010000 34.498000 3236.242200
115.060000 34.968000 3240.211900
115.120000 35.439000 3235.715490
115.180000 35.910000 3236.170690
115.240000 36.381000 3237.641200
115.300000 36.851000 3244.258900
115.370000 37.322000 3243.498900
115.430000 37.793000 3240.778900
115.500000 38.264000 3238.318400
115.570000 38.734000 3236.095800
115.640000 39.205000 3233.028300
115.710000 39.676000 3225.469600
115.790000 40.147000 3229.685600
115.860000 40.617000 3233.432300
115.940000 41.088000 3235.045700
116.020000 41.559000 3237.934670
116.100000 42.030000 3238.613700
114.390000 21.788000 3227.337000
114.420000 22.259000 3235.388000
114.450000 22.729000 3239.692900
114.480000 23.200000 3242.052000
114.520000 23.671000 3247.249000
114.550000 24.141000 3237.240900
114.590000 24.612000 3235.800850
114.620000 25.083000 3233.959600
114.660000 25.554000 3236.263700
114.700000 26.024000 3233.592100
114.740000 26.495000 3232.189300
114.780000 26.966000 3226.578900
114.820000 27.437000 3238.274000
114.860000 27.907000 3234.301100
114.910000 28.378000 3235.803800
114.950000 28.849000 3246.396100
115.000000 29.320000 3240.862800
115.040000 29.790000 3236.275550
115.090000 30.261000 3240.230300
115.140000 30.732000 3244.849700
115.190000 31.203000 3237.211390
115.240000 31.673000 3239.247339
115.290000 32.144000 3236.196930
115.350000 32.615000 3236.202300
115.400000 33.085000 3247.974070
115.460000 33.556000 3246.403500
115.520000 34.027000 3235.317890
115.580000 34.498000 3238.207100
115.640000 34.968000 3235.449860
115.700000 35.439000 3236.875520
115.760000 35.910000 3234.933970
115.830000 36.381000 3237.521500
115.890000 36.851000 3238.991200
115.960000 37.322000 3235.686200
116.030000 37.793000 3235.409680
116.100000 38.264000 3232.487300
116.170000 38.734000 3235.191770
116.250000 39.205000 3236.090400
116.320000 39.676000 3228.705400
116.400000 40.147000 3235.592400
116.480000 40.617000 3235.906580
116.560000 41.088000 3236.865500
116.650000 41.559000 3236.796700
116.730000 42.030000 3238.945500
114.890000 21.788000 3238.321000
114.920000 22.259000 3237.821000
114.960000 22.729000 3242.822000
114.990000 23.200000 3240.004200
115.030000 23.671000 3238.119300
115.070000 24.141000 3236.845400
115.100000 24.612000 3239.547570
115.140000 25.083000 3235.345800
115.180000 25.554000 3232.883700
115.220000 26.024000 3232.152900
115.260000 26.495000 3233.607500
115.310000 26.966000 3237.182300
115.350000 27.437000 3234.121100
115.390000 27.907000 3231.504900
115.440000 28.378000 3239.399400
115.490000 28.849000 3241.844000
115.530000 29.320000 3236.659920
115.580000 29.790000 3236.537990
115.630000 30.261000 3242.834700
115.690000 30.732000 3249.793000
115.740000 31.203000 3242.897500
115.790000 31.673000 3237.597000
115.850000 32.144000 3234.026590
115.900000 32.615000 3237.957300
115.960000 33.085000 3241.495070
116.020000 33.556000 3244.868300
116.080000 34.027000 3236.457400
116.150000 34.498000 3237.050300
116.210000 34.968000 3238.590200
116.270000 35.439000 3234.426682
116.340000 35.910000 3233.841510
116.410000 36.381000 3234.862050
116.480000 36.851000 3233.215590
116.550000 37.322000 3234.641034
116.620000 37.793000 3233.752990
116.700000 38.264000 3235.429300
116.780000 38.734000 3235.177700
116.850000 39.205000 3237.617500
116.930000 39.676000 3233.601220
117.020000 40.147000 3234.600000
117.100000 40.617000 3235.614300
117.190000 41.088000 3238.172500
117.280000 41.559000 3238.276600
117.370000 42.030000 3238.922400
115.400000 21.788000 3237.699000
115.430000 22.259000 3238.054000
115.470000 22.729000 3248.143300
115.500000 23.200000 3246.284800
115.540000 23.671000 3234.930800
115.580000 24.141000 3232.560800
115.620000 24.612000 3239.229800
115.660000 25.083000 3240.924250
115.700000 25.554000 3237.566500
115.740000 26.024000 3240.311800
115.790000 26.495000 3240.995000
115.830000 26.966000 3242.651600
115.880000 27.437000 3243.397100
115.930000 27.907000 3236.162600
115.970000 28.378000 3233.322700
116.020000 28.849000 3232.677500
116.070000 29.320000 3234.551490
116.130000 29.790000 3233.430390
116.180000 30.261000 3234.840280
116.230000 30.732000 3245.017200
116.290000 31.203000 3243.105200
116.340000 31.673000 3236.685970
116.400000 32.144000 3234.967900
116.460000 32.615000 3237.109970
116.520000 33.085000 3244.368990
116.590000 33.556000 3237.970000
116.650000 34.027000 3237.029600
116.720000 34.498000 3240.107100
116.780000 34.968000 3237.613500
116.850000 35.439000 3237.733900
116.920000 35.910000 3235.586830
116.990000 36.381000 3235.360700
117.070000 36.851000 3239.101400
117.140000 37.322000 3240.202300
117.220000 37.793000 3237.465400
117.300000 38.264000 3231.921500
117.380000 38.734000 3235.971200
117.460000 39.205000 3236.894900
117.540000 39.676000 3231.139700
117.630000 40.147000 3233.285800
117.720000 40.617000 3239.166000
117.810000 41.088000 3232.170000
117.900000 41.559000 3236.225700
118.000000 42.030000 3234.793818
115.900000 21.788000 3240.317000
115.940000 22.259000 3244.489000
115.980000 22.729000 3244.278000
116.020000 23.200000 3236.296600
116.050000 23.671000 3232.890800
116.100000 24.141000 3232.088300
116.140000 24.612000 3234.450200
116.180000 25.083000 3234.656300
116.220000 25.554000 3241.400400
116.270000 26.024000 3238.683500
116.310000 26.495000 3236.437560
116.360000 26.966000 3241.337100
116.410000 27.437000 3247.717930
116.460000 27.907000 3235.616600
116.510000 28.378000 3234.015300
116.560000 28.849000 3227.795200
116.610000 29.320000 3232.703900
116.670000 29.790000 3235.715400
116.720000 30.261000 3231.668000
116.780000 30.732000 3235.545830
116.840000 31.203000 3235.916400
116.900000 31.673000 3234.964150
116.960000 32.144000 3234.485060
117.020000 32.615000 3238.783200
117.080000 33.085000 3244.788810
117.150000 33.556000 3241.102100
117.220000 34.027000 3238.539600
117.290000 34.498000 3236.481300
117.360000 34.968000 3234.854810
117.430000 35.439000 3235.129370
117.500000 35.910000 3235.036370
117.580000 36.381000 3235.422000
117.650000 36.851000 3242.368100
117.730000 37.322000 3241.458400
117.810000 37.793000 3238.891100
117.890000 38.264000 3241.041600
117.980000 38.734000 3251.392400
118.070000 39.205000 3241.086800
118.150000 39.676000 3231.793100
118.250000 40.147000 3231.536600
118.340000 40.617000 3234.765600
118.430000 41.088000 3228.890900
118.530000 41.559000 3233.489100
118.630000 42.030000 3235.561100
116.410000 21.788000 3245.052000
116.450000 22.259000 3251.361000
116.490000 22.729000 3243.489000
116.530000 23.200000 3237.365400
116.570000 23.671000 3232.592000
116.610000 24.141000 3236.591900
116.650000 24.612000 3234.931500
116.700000 25.083000 3240.060800
116.740000 25.554000 3234.850600
116.790000 26.024000 3230.821100
116.840000 26.495000 3240.147500
116.890000 26.966000 3250.400200
116.940000 27.437000 3244.372300
116.990000 27.907000 3234.826100
117.040000 28.378000 3233.578800
117.100000 28.849000 3229.502600
117.150000 29.320000 3240.234500
117.210000 29.790000 3243.644100
117.270000 30.261000 3237.193500
117.330000 30.732000 3230.559200
117.390000 31.203000 3230.990100
117.450000 31.673000 3235.987880
117.510000 32.144000 3236.010330
117.580000 32.615000 3234.109700
117.640000 33.085000 3233.300400
117.710000 33.556000 3237.691700
117.780000 34.027000 3235.448200
117.860000 34.498000 3233.130900
117.930000 34.968000 3230.618100
118.000000 35.439000 3229.587800
118.080000 35.910000 3229.256400
118.160000 36.381000 3231.541000
118.240000 36.851000 3236.304200
118.320000 37.322000 3242.546100
118.410000 37.793000 3241.202100
118.490000 38.264000 3243.473400
118.580000 38.734000 3235.896000
118.670000 39.205000 3240.344100
118.770000 39.676000 3232.494900
118.860000 40.147000 3229.427100
118.960000 40.617000 3229.771600
119.060000 41.088000 3222.453000
119.160000 41.559000 3224.716000
119.260000 42.030000 3227.378400
116.920000 21.788000 3240.498000
116.960000 22.259000 3248.044000
117.000000 22.729000 3245.587000
117.040000 23.200000 3240.400000
117.080000 23.671000 3235.494400
117.120000 24.141000 3232.475200
117.170000 24.612000 3239.709000
117.220000 25.083000 3239.056800
117.260000 25.554000 3233.507200
117.310000 26.024000 3238.201800
117.360000 26.495000 3238.597500
117.410000 26.966000 3245.072200
117.470000 27.437000 3242.295400
117.520000 27.907000 3238.555600
117.580000 28.378000 3231.878900
117.630000 28.849000 3233.934000
117.690000 29.320000 3241.815650
117.750000 29.790000 3233.897600
117.810000 30.261000 3238.361800
117.870000 30.732000 3240.710300
117.940000 31.203000 3233.092400
118.000000 31.673000 3232.159100
118.070000 32.144000 3233.731100
118.140000 32.615000 3226.789000
118.210000 33.085000 3232.752800
118.280000 33.556000 3235.128770
118.350000 34.027000 3232.475100
118.430000 34.498000 3230.495000
118.500000 34.968000 3232.750200
118.580000 35.439000 3233.129800
118.660000 35.910000 3232.853600
118.740000 36.381000 3231.280300
118.830000 36.851000 3233.250600
118.910000 37.322000 3239.584800
119.000000 37.793000 3237.152157
119.090000 38.264000 3240.157300
119.180000 38.734000 3224.405000
119.280000 39.205000 3226.810000
119.380000 39.676000 3236.798800
119.470000 40.147000 3227.559200
119.580000 40.617000 3224.949400
119.680000 41.088000 3223.269000
119.790000 41.559000 3224.948500
119.900000 42.030000 3231.162900
117.420000 21.788000 3236.983000
117.460000 22.259000 3241.353000
117.510000 22.729000 3246.580000
117.550000 23.200000 3253.088900
117.590000 23.671000 3249.812500
117.640000 24.141000 3236.560000
117.690000 24.612000 3232.436300
117.740000 25.083000 3235.925200
117.780000 25.554000 3237.681500
117.840000 26.024000 3231.517000
117.890000 26.495000 3228.020100
117.940000 26.966000 3231.233400
118.000000 27.437000 3232.991000
118.050000 27.907000 3231.594200
118.110000 28.378000 3227.259600
118.170000 28.849000 3230.267200
118.230000 29.320000 3229.752500
118.290000 29.790000 3227.932000
118.350000 30.261000 3243.634900
118.420000 30.732000 3232.030900
118.480000 31.203000 3233.489000
118.550000 31.673000 3231.350700
118.620000 32.144000 3225.642300
118.690000 32.615000 3231.220700
118.770000 33.085000 3236.728900
118.840000 33.556000 3234.322237
118.920000 34.027000 3230.765300
119.000000 34.498000 3233.438850
119.080000 34.968000 3233.555600
119.160000 35.439000 3234.883480
119.240000 35.910000 3235.712500
119.330000 36.381000 3234.764360
119.410000 36.851000 3230.134600
119.500000 37.322000 3223.865000
119.600000 37.793000 3234.366700
119.690000 38.264000 3237.724700
119.790000 38.734000 3220.691000
119.880000 39.205000 3237.004000
119.990000 39.676000 3247.057200
120.090000 40.147000 3234.528200
120.190000 40.617000 3228.289500
120.300000 41.088000 3233.486000
120.410000 41.559000 3237.162200
120.530000 42.030000 3241.588900
117.930000 21.788000 3226.230000
117.970000 22.259000 3235.543000
118.010000 22.729000 3225.510000
118.060000 23.200000 3241.507000
118.110000 23.671000 3238.904000
118.150000 24.141000 3239.678000
118.200000 24.612000 3237.282900
118.250000 25.083000 3234.995700
118.310000 25.554000 3235.684300
118.360000 26.024000 3239.635500
118.410000 26.495000 3241.100600
118.470000 26.966000 3249.514000
118.530000 27.437000 3245.531900
118.580000 27.907000 3237.630000
118.640000 28.378000 3229.202600
118.700000 28.849000 3224.639800
118.770000 29.320000 3229.953100
118.830000 29.790000 3235.476630
118.900000 30.261000 3241.838900
118.970000 30.732000 3229.408100
119.030000 31.203000 3231.760600
119.100000 31.673000 3228.296300
119.180000 32.144000 3231.679300
119.250000 32.615000 3241.699700
119.330000 33.085000 3240.821000
119.400000 33.556000 3235.590507
119.480000 34.027000 3233.879900
119.570000 34.498000 3233.380700
119.650000 34.968000 3239.315800
119.730000 35.439000 3243.061800
119.820000 35.910000 3246.582400
119.910000 36.381000 3237.613470
120.000000 36.851000 3223.699000
120.090000 37.322000 3220.788000
120.190000 37.793000 3246.129060
120.290000 38.264000 3260.485140
120.390000 38.734000 3243.297000
120.490000 39.205000 3233.316000
120.600000 39.676000 3245.186000
120.700000 40.147000 3240.353000
120.810000 40.617000 3233.081000
120.930000 41.088000 3230.873300
121.040000 41.559000 3223.853000
121.160000 42.030000 3221.297000
118.430000 21.788000 3224.416000
118.480000 22.259000 3234.331000
118.520000 22.729000 3226.276000
118.570000 23.200000 3245.473000
118.620000 23.671000 3241.290000
118.670000 24.141000 3228.013000
118.720000 24.612000 3233.284000
118.770000 25.083000 3234.934900
118.830000 25.554000 3239.910700
118.880000 26.024000 3237.618100
118.940000 26.495000 3233.683700
119.000000 26.966000 3229.362600
119.050000 27.437000 3229.564100
119.120000 27.907000 3232.637600
119.180000 28.378000 3231.248400
119.240000 28.849000 3233.560400
119.310000 29.320000 3226.427800
119.370000 29.790000 3241.850900
119.440000 30.261000 3245.373600
119.510000 30.732000 3236.642900
119.580000 31.203000 3230.508000
119.660000 31.673000 3232.200700
119.730000 32.144000 3240.534400
119.810000 32.615000 3238.329000
119.890000 33.085000 3235.775500
119.970000 33.556000 3230.032600
120.050000 34.027000 3224.921700
120.140000 34.498000 3226.116600
120.220000 34.968000 3237.783100
120.310000 35.439000 3236.752200
120.400000 35.910000 3241.112000
120.490000 36.381000 3225.650000
120.590000 36.851000 3220.216000
120.690000 37.322000 3229.180100
120.780000 37.793000 3252.564500
120.890000 38.264000 3267.241300
120.990000 38.734000 3243.037000
121.100000 39.205000 3224.532000
121.210000 39.676000 3233.351000
121.320000 40.147000 3238.979000
121.430000 40.617000 3209.555000
121.550000 41.088000 3227.755000
121.670000 41.559000 3230.748000
121.790000 42.030000 3227.685000
118.940000 21.788000 3220.570000
118.990000 22.259000 3232.192000
119.030000 22.729000 3240.844000
119.080000 23.200000 3239.043000
119.130000 23.671000 3250.880000
119.180000 24.141000 3251.537000
119.240000 24.612000 3247.087000
119.290000 25.083000 3248.003100
119.350000 25.554000 3239.133200
119.400000 26.024000 3230.516200
119.460000 26.495000 3231.677100
119.520000 26.966000 3227.424300
119.580000 27.437000 3235.941500
119.650000 27.907000 3231.561200
119.710000 28.378000 3239.363300
119.780000 28.849000 3234.491700
119.850000 29.320000 3233.794900
119.910000 29.790000 3237.119800
119.990000 30.261000 3229.927800
120.060000 30.732000 3232.112600
120.130000 31.203000 3233.626900
120.210000 31.673000 3241.596900
120.290000 32.144000 3233.014700
120.370000 32.615000 3226.974100
120.450000 33.085000 3228.863200
120.530000 33.556000 3233.963100
120.620000 34.027000 3219.210000
120.710000 34.498000 3202.799000
120.790000 34.968000 3208.429000
120.890000 35.439000 3221.608000
120.980000 35.910000 3225.366000
121.080000 36.381000 3222.082000
121.180000 36.851000 3223.253000
121.280000 37.322000 3234.933920
121.380000 37.793000 3248.291200
121.480000 38.264000 3247.625500
121.590000 38.734000 3208.659000
121.700000 39.205000 3208.428000
121.820000 39.676000 3229.552000
121.930000 40.147000 3238.259100
119.450000 21.788000 3228.141000
119.490000 22.259000 3229.052000
119.540000 22.729000 3247.526000
119.590000 23.200000 3231.294000
119.650000 23.671000 3224.050000
119.700000 24.141000 3242.730000
119.750000 24.612000 3243.578000
119.810000 25.083000 3245.228000
119.870000 25.554000 3250.297500
119.930000 26.024000 3233.463000
119.990000 26.495000 3228.346000
120.050000 26.966000 3232.899800
120.110000 27.437000 3236.813600
120.180000 27.907000 3237.203200
120.250000 28.378000 3235.859500
120.310000 28.849000 3229.755300
120.380000 29.320000 3231.304100
120.460000 29.790000 3231.224500
120.530000 30.261000 3232.628400
120.600000 30.732000 3233.928300
120.680000 31.203000 3236.109870
120.760000 31.673000 3230.320600
120.840000 32.144000 3225.825800
120.920000 32.615000 3223.564000
121.010000 33.085000 3235.623000
121.100000 33.556000 3243.186300
121.180000 34.027000 3249.838400
121.280000 34.498000 3238.533400
121.370000 34.968000 3223.059000
121.460000 35.439000 3213.738000
121.560000 35.910000 3219.955000
121.660000 36.381000 3222.267000
121.760000 36.851000 3223.606000
121.870000 37.322000 3230.190800
121.970000 37.793000 3245.615700
119.950000 21.788000 3256.933000
120.000000 22.259000 3255.194000
120.050000 22.729000 3267.008420
120.100000 23.200000 3252.209500
120.160000 23.671000 3237.072000
120.210000 24.141000 3240.407000
120.270000 24.612000 3241.912000
120.330000 25.083000 3241.638000
120.390000 25.554000 3228.262000
120.450000 26.024000 3253.003000
120.510000 26.495000 3246.873000
120.580000 26.966000 3236.934200
120.640000 27.437000 3228.577500
120.710000 27.907000 3231.675400
120.780000 28.378000 3234.742400
120.850000 28.849000 3227.679400
120.920000 29.320000 3227.690400
121.000000 29.790000 3232.667600
121.070000 30.261000 3226.032000
121.150000 30.732000 3215.655000
121.230000 31.203000 3222.694000
121.310000 31.673000 3226.797300
121.400000 32.144000 3222.610000
121.480000 32.615000 3221.961000
121.570000 33.085000 3238.483600
121.660000 33.556000 3236.179500
121.750000 34.027000 3255.019000
121.850000 34.498000 3249.826200
121.940000 34.968000 3237.579300
120.460000 21.788000 3256.123000
120.510000 22.259000 3254.025700
120.560000 22.729000 3245.230600
120.620000 23.200000 3208.983000
120.670000 23.671000 3221.529000
120.730000 24.141000 3236.044600
120.790000 24.612000 3221.729000
120.850000 25.083000 3238.562600
120.910000 25.554000 3215.661000
120.970000 26.024000 3227.555000
121.040000 26.495000 3214.888000
121.100000 26.966000 3222.014000
121.170000 27.437000 3223.126000
121.240000 27.907000 3225.406000
121.310000 28.378000 3228.271400
121.390000 28.849000 3229.642000
121.460000 29.320000 3230.340700
121.540000 29.790000 3228.197300
121.620000 30.261000 3231.569600
121.700000 30.732000 3232.735900
121.780000 31.203000 3231.075900
121.860000 31.673000 3233.523700
121.950000 32.144000 3227.925000
120.960000 21.788000 3243.150100
121.020000 22.259000 3230.130000
121.070000 22.729000 3200.159000
121.130000 23.200000 3184.839000
121.180000 23.671000 3186.012000
121.240000 24.141000 3192.393000
121.300000 24.612000 3204.263000
121.370000 25.083000 3219.916000
121.430000 25.554000 3204.761000
121.500000 26.024000 3209.227000
121.560000 26.495000 3204.101000
121.630000 26.966000 3219.578000
121.700000 27.437000 3212.073000
121.770000 27.907000 3219.712000
121.850000 28.378000 3227.236000
121.920000 28.849000 3222.633000
121.470000 21.788000 3198.282000
121.520000 22.259000 3213.538000
121.580000 22.729000 3216.422000
121.640000 23.200000 3206.786000
121.700000 23.671000 3237.394000
121.760000 24.141000 3239.862100
121.820000 24.612000 3214.612000
121.880000 25.083000 3188.477000
121.950000 25.554000 3197.647000
121.970000 21.788000 3239.597300
