104.770000 21.788000 3231.227600
104.770000 22.259000 3233.720900
104.770000 22.729000 3234.852520
104.770000 23.200000 3241.414300
104.770000 23.671000 3238.525800
104.770000 24.141000 3236.988900
104.770000 24.612000 3239.926300
104.770000 25.083000 3238.257000
104.770000 25.554000 3245.442000
104.770000 26.024000 3244.893000
104.760000 26.495000 3243.176000
104.760000 26.966000 3242.079600
104.760000 27.437000 3239.003900
104.760000 27.907000 3245.209000
104.760000 28.378000 3250.154000
104.760000 28.849000 3246.431000
104.760000 29.320000 3237.868800
104.760000 29.790000 3241.395800
104.760000 30.261000 3239.637600
104.760000 30.732000 3245.168000
104.750000 31.203000 3244.688000
104.750000 31.673000 3265.429000
104.750000 32.144000 3275.744000
104.750000 32.615000 3272.903000
104.750000 33.085000 3273.857000
104.750000 33.556000 3278.759000
104.750000 34.027000 3280.010000
104.740000 34.498000 3273.406000
104.740000 34.968000 3267.133000
104.740000 35.439000 3273.606000
104.740000 35.910000 3268.210000
104.740000 36.381000 3256.787000
104.740000 36.851000 3256.101000
104.740000 37.322000 3254.333000
104.730000 37.793000 3252.096000
104.730000 38.264000 3253.250000
104.730000 38.734000 3253.954000
104.730000 39.205000 3261.835000
104.730000 39.676000 3250.355000
104.720000 40.147000 3242.668600
104.720000 40.617000 3243.293700
104.720000 41.088000 3244.435000
104.720000 41.559000 3250.885000
104.720000 42.030000 3243.894500
105.280000 21.788000 3232.482600
105.280000 22.259000 3233.147900
105.280000 22.729000 3231.835400
105.280000 23.200000 3231.043600
105.280000 23.671000 3238.499600
105.280000 24.141000 3238.304500
105.290000 24.612000 3238.578100
105.290000 25.083000 3236.546700
105.290000 25.554000 3241.589300
105.290000 26.024000 3238.253500
105.290000 26.495000 3238.804200
105.290000 26.966000 3243.167500
105.290000 27.437000 3242.927300
105.290000 27.907000 3246.273000
105.290000 28.378000 3254.952000
105.300000 28.849000 3247.026000
105.300000 29.320000 3240.533600
105.300000 29.790000 3238.869000
105.300000 30.261000 3246.342000
105.300000 30.732000 3255.917000
105.300000 31.203000 3253.482000
105.300000 31.673000 3261.876000
105.310000 32.144000 3271.070000
105.310000 32.615000 3266.151000
105.310000 33.085000 3270.986000
105.310000 33.556000 3277.293000
105.310000 34.027000 3278.716000
105.310000 34.498000 3273.818000
105.320000 34.968000 3268.061000
105.320000 35.439000 3267.935000
105.320000 35.910000 3259.422000
105.320000 36.381000 3253.587000
105.320000 36.851000 3256.058000
105.330000 37.322000 3256.434000
105.330000 37.793000 3248.713000
105.330000 38.264000 3247.265000
105.330000 38.734000 3250.692000
105.330000 39.205000 3258.698000
105.340000 39.676000 3247.447000
105.340000 40.147000 3244.114400
105.340000 40.617000 3245.189000
105.340000 41.088000 3252.565000
105.350000 41.559000 3261.757000
105.350000 42.030000 3247.894000
105.790000 21.788000 3235.483421
105.790000 22.259000 3237.335800
105.790000 22.729000 3232.625100
105.790000 23.200000 3232.190000
105.800000 23.671000 3231.985200
105.800000 24.141000 3232.655600
105.800000 24.612000 3233.692560
105.810000 25.083000 3231.366100
105.810000 25.554000 3232.777300
105.810000 26.024000 3231.813700
105.810000 26.495000 3233.065800
105.820000 26.966000 3237.582600
105.820000 27.437000 3237.979800
105.830000 27.907000 3238.129600
105.830000 28.378000 3238.327700
105.830000 28.849000 3236.352900
105.840000 29.320000 3236.853400
105.840000 29.790000 3237.766200
105.840000 30.261000 3247.871000
105.850000 30.732000 3250.955000
105.850000 31.203000 3241.666500
105.860000 31.673000 3238.701600
105.860000 32.144000 3239.998100
105.870000 32.615000 3245.306000
105.870000 33.085000 3252.563000
105.870000 33.556000 3261.557000
105.880000 34.027000 3261.908000
105.880000 34.498000 3255.902000
105.890000 34.968000 3247.771000
105.890000 35.439000 3240.320800
105.900000 35.910000 3237.812000
105.910000 36.381000 3238.245000
105.910000 36.851000 3240.507600
105.920000 37.322000 3242.517900
105.920000 37.793000 3240.129500
105.930000 38.264000 3240.088000
105.930000 38.734000 3246.691000
105.940000 39.205000 3242.807200
105.950000 39.676000 3241.095900
105.950000 40.147000 3244.082800
105.960000 40.617000 3251.988000
105.970000 41.088000 3250.395000
105.970000 41.559000 3246.185000
105.980000 42.030000 3240.981400
106.290000 21.788000 3233.298700
106.300000 22.259000 3231.180400
106.300000 22.729000 3233.743100
106.300000 23.200000 3233.371000
106.310000 23.671000 3231.411700
106.310000 24.141000 3233.126800
106.320000 24.612000 3231.095400
106.320000 25.083000 3232.992500
106.330000 25.554000 3231.445000
106.330000 26.024000 3230.875100
106.340000 26.495000 3233.996250
106.350000 26.966000 3235.498900
106.350000 27.437000 3235.927700
106.360000 27.907000 3235.142740
106.360000 28.378000 3233.106300
106.370000 28.849000 3232.911700
106.380000 29.320000 3232.994400
106.380000 29.790000 3233.891070
106.390000 30.261000 3240.589000
106.390000 30.732000 3246.022000
106.400000 31.203000 3241.980400
106.410000 31.673000 3235.808800
106.420000 32.144000 3232.576700
106.420000 32.615000 3233.870890
106.430000 33.085000 3238.606100
106.440000 33.556000 3247.905000
106.450000 34.027000 3244.716000
106.450000 34.498000 3239.717200
106.460000 34.968000 3234.494640
106.470000 35.439000 3232.024500
106.480000 35.910000 3230.115100
106.490000 36.381000 3231.639100
106.500000 36.851000 3235.570200
106.510000 37.322000 3239.468200
106.520000 37.793000 3236.643200
106.530000 38.264000 3236.513700
106.540000 38.734000 3237.373700
106.550000 39.205000 3236.843600
106.560000 39.676000 3235.843600
106.570000 40.147000 3240.361700
106.580000 40.617000 3248.674000
106.590000 41.088000 3247.213000
106.600000 41.559000 3241.477500
106.610000 42.030000 3237.580200
106.800000 21.788000 3231.677400
106.800000 22.259000 3233.004000
106.810000 22.729000 3241.026500
106.820000 23.200000 3233.966230
106.820000 23.671000 3231.627900
106.830000 24.141000 3230.645400
106.840000 24.612000 3231.352700
106.840000 25.083000 3229.752500
106.850000 25.554000 3233.382700
106.860000 26.024000 3231.014300
106.860000 26.495000 3232.051200
106.870000 26.966000 3234.646640
106.880000 27.437000 3234.157236
106.890000 27.907000 3233.294540
106.900000 28.378000 3234.275122
106.910000 28.849000 3234.406350
106.910000 29.320000 3233.084700
106.920000 29.790000 3235.947200
106.930000 30.261000 3238.328000
106.940000 30.732000 3253.844000
106.950000 31.203000 3258.438000
106.960000 31.673000 3246.990000
106.970000 32.144000 3235.505500
106.980000 32.615000 3233.548550
106.990000 33.085000 3236.470800
107.000000 33.556000 3237.539700
107.010000 34.027000 3237.004100
107.020000 34.498000 3236.380800
107.040000 34.968000 3230.915600
107.050000 35.439000 3229.273900
107.060000 35.910000 3230.164100
107.070000 36.381000 3229.749700
107.090000 36.851000 3231.327900
107.100000 37.322000 3232.223200
107.110000 37.793000 3234.677890
107.130000 38.264000 3232.549500
107.140000 38.734000 3232.819300
107.150000 39.205000 3231.880500
107.170000 39.676000 3233.431810
107.180000 40.147000 3236.651000
107.200000 40.617000 3242.749900
107.210000 41.088000 3241.119300
107.230000 41.559000 3237.614300
107.250000 42.030000 3236.517800
107.300000 21.788000 3255.133600
107.310000 22.259000 3253.219300
107.320000 22.729000 3239.098500
107.330000 23.200000 3235.473600
107.330000 23.671000 3231.978900
107.340000 24.141000 3234.698050
107.350000 24.612000 3238.019500
107.360000 25.083000 3232.943300
107.370000 25.554000 3233.521200
107.380000 26.024000 3234.712080
107.390000 26.495000 3233.120300
107.400000 26.966000 3232.715700
107.410000 27.437000 3234.298057
107.420000 27.907000 3233.543920
107.430000 28.378000 3234.120574
107.440000 28.849000 3233.972550
107.450000 29.320000 3233.066400
107.460000 29.790000 3232.661900
107.480000 30.261000 3231.149400
107.490000 30.732000 3233.414510
107.500000 31.203000 3241.964200
107.510000 31.673000 3242.018000
107.530000 32.144000 3236.197700
107.540000 32.615000 3232.783900
107.550000 33.085000 3233.280200
107.570000 33.556000 3231.714000
107.580000 34.027000 3233.808860
107.590000 34.498000 3240.500600
107.610000 34.968000 3239.096600
107.620000 35.439000 3234.534400
107.640000 35.910000 3230.353700
107.660000 36.381000 3229.452200
107.670000 36.851000 3229.769400
107.690000 37.322000 3229.783500
107.710000 37.793000 3232.054500
107.720000 38.264000 3230.659300
107.740000 38.734000 3232.197800
107.760000 39.205000 3228.305000
107.780000 39.676000 3230.222000
107.800000 40.147000 3234.089910
107.820000 40.617000 3242.210400
107.840000 41.088000 3238.826800
107.860000 41.559000 3238.109200
107.880000 42.030000 3234.574990
107.810000 21.788000 3247.609500
107.820000 22.259000 3242.926000
107.830000 22.729000 3236.343800
107.840000 23.200000 3230.441100
107.850000 23.671000 3234.468300
107.860000 24.141000 3235.843070
107.870000 24.612000 3234.991800
107.880000 25.083000 3235.406100
107.890000 25.554000 3234.194130
107.900000 26.024000 3235.189230
107.910000 26.495000 3233.463320
107.930000 26.966000 3234.842780
107.940000 27.437000 3234.512240
107.950000 27.907000 3235.774100
107.960000 28.378000 3236.143600
107.980000 28.849000 3234.568540
107.990000 29.320000 3233.861230
108.010000 29.790000 3232.031500
108.020000 30.261000 3231.468500
108.030000 30.732000 3231.231700
108.050000 31.203000 3230.109500
108.060000 31.673000 3230.957900
108.080000 32.144000 3232.882200
108.100000 32.615000 3231.261600
108.110000 33.085000 3230.162300
108.130000 33.556000 3230.657200
108.150000 34.027000 3235.020460
108.160000 34.498000 3251.337000
108.180000 34.968000 3239.855300
108.200000 35.439000 3232.394900
108.220000 35.910000 3229.633300
108.240000 36.381000 3229.484100
108.260000 36.851000 3230.952500
108.280000 37.322000 3230.810900
108.300000 37.793000 3229.965200
108.320000 38.264000 3232.382600
108.340000 38.734000 3234.334310
108.370000 39.205000 3228.398300
108.390000 39.676000 3229.768900
108.410000 40.147000 3233.420130
108.440000 40.617000 3237.580100
108.460000 41.088000 3235.450300
108.490000 41.559000 3237.311100
108.510000 42.030000 3233.486750
108.310000 21.788000 3234.558700
108.330000 22.259000 3233.245800
108.340000 22.729000 3241.527800
108.350000 23.200000 3240.213000
108.360000 23.671000 3242.012290
108.370000 24.141000 3235.333980
108.390000 24.612000 3233.871700
108.400000 25.083000 3238.558140
108.410000 25.554000 3236.201510
108.430000 26.024000 3237.921600
108.440000 26.495000 3235.529700
108.450000 26.966000 3234.850330
108.470000 27.437000 3235.028120
108.480000 27.907000 3235.220700
108.500000 28.378000 3235.001880
108.510000 28.849000 3235.775800
108.530000 29.320000 3235.543900
108.550000 29.790000 3235.138220
108.560000 30.261000 3235.028330
108.580000 30.732000 3231.078800
108.600000 31.203000 3232.972800
108.620000 31.673000 3233.455420
108.640000 32.144000 3233.611350
108.650000 32.615000 3231.940200
108.670000 33.085000 3232.196800
108.690000 33.556000 3230.148000
108.710000 34.027000 3234.144285
108.730000 34.498000 3239.530200
108.760000 34.968000 3234.776740
108.780000 35.439000 3230.890800
108.800000 35.910000 3229.462600
108.820000 36.381000 3228.239400
108.850000 36.851000 3230.300900
108.870000 37.322000 3231.569300
108.900000 37.793000 3231.631500
108.920000 38.264000 3233.480050
108.950000 38.734000 3232.823100
108.970000 39.205000 3228.922200
109.000000 39.676000 3232.098800
109.030000 40.147000 3234.363810
109.050000 40.617000 3237.412500
109.080000 41.088000 3236.102600
109.110000 41.559000 3234.184537
109.140000 42.030000 3233.559320
108.820000 21.788000 3250.335600
108.830000 22.259000 3246.454400
108.850000 22.729000 3244.809500
108.860000 23.200000 3239.913300
108.870000 23.671000 3238.095630
108.890000 24.141000 3242.669000
108.900000 24.612000 3235.982200
108.920000 25.083000 3247.020900
108.930000 25.554000 3236.070290
108.950000 26.024000 3234.277456
108.960000 26.495000 3234.005040
108.980000 26.966000 3232.975900
109.000000 27.437000 3232.935900
109.010000 27.907000 3233.284840
109.030000 28.378000 3233.907440
109.050000 28.849000 3235.284900
109.070000 29.320000 3235.532100
109.090000 29.790000 3235.502900
109.110000 30.261000 3237.365500
109.130000 30.732000 3236.923200
109.150000 31.203000 3235.654800
109.170000 31.673000 3234.407090
109.190000 32.144000 3235.705100
109.210000 32.615000 3235.269700
109.230000 33.085000 3233.667180
109.260000 33.556000 3231.250500
109.280000 34.027000 3232.435900
109.300000 34.498000 3233.478960
109.330000 34.968000 3234.363400
109.350000 35.439000 3231.568700
109.380000 35.910000 3229.023900
109.410000 36.381000 3229.287400
109.430000 36.851000 3230.232200
109.460000 37.322000 3229.969000
109.490000 37.793000 3232.347600
109.520000 38.264000 3228.442900
109.550000 38.734000 3228.686000
109.580000 39.205000 3231.647600
109.610000 39.676000 3232.531100
109.640000 40.147000 3235.306900
109.670000 40.617000 3236.688800
109.710000 41.088000 3237.108600
109.740000 41.559000 3235.493800
109.780000 42.030000 3233.980930
109.330000 21.788000 3250.639200
109.340000 22.259000 3247.619600
109.360000 22.729000 3246.234500
109.370000 23.200000 3240.771700
109.390000 23.671000 3235.905200
109.400000 24.141000 3236.311800
109.420000 24.612000 3254.900500
109.440000 25.083000 3248.973100
109.450000 25.554000 3234.244500
109.470000 26.024000 3236.835960
109.490000 26.495000 3233.547960
109.510000 26.966000 3231.651500
109.530000 27.437000 3231.379800
109.550000 27.907000 3232.848200
109.570000 28.378000 3233.053400
109.590000 28.849000 3234.148723
109.610000 29.320000 3234.735060
109.630000 29.790000 3232.297900
109.650000 30.261000 3233.499020
109.670000 30.732000 3233.363750
109.700000 31.203000 3233.656440
109.720000 31.673000 3234.261661
109.740000 32.144000 3233.924310
109.770000 32.615000 3236.206800
109.800000 33.085000 3235.586500
109.820000 33.556000 3231.836700
109.850000 34.027000 3231.239100
109.870000 34.498000 3233.329620
109.900000 34.968000 3234.109102
109.930000 35.439000 3231.828400
109.960000 35.910000 3229.350500
109.990000 36.381000 3229.057000
110.020000 36.851000 3229.826600
110.050000 37.322000 3230.457700
110.080000 37.793000 3230.144000
110.120000 38.264000 3229.167300
110.150000 38.734000 3229.711700
110.180000 39.205000 3230.650900
110.220000 39.676000 3232.569000
110.260000 40.147000 3235.828600
110.290000 40.617000 3235.440400
110.330000 41.088000 3238.267300
110.370000 41.559000 3234.331850
110.410000 42.030000 3235.149420
109.830000 21.788000 3250.797100
109.850000 22.259000 3244.831500
109.870000 22.729000 3243.194700
109.880000 23.200000 3242.954000
109.900000 23.671000 3246.039500
109.920000 24.141000 3236.507000
109.940000 24.612000 3242.676100
109.950000 25.083000 3239.677100
109.970000 25.554000 3236.958000
109.990000 26.024000 3233.645500
110.010000 26.495000 3233.925600
110.030000 26.966000 3232.617300
110.060000 27.437000 3230.771000
110.080000 27.907000 3229.887400
110.100000 28.378000 3231.545000
110.120000 28.849000 3233.229930
110.150000 29.320000 3232.853600
110.170000 29.790000 3234.404320
110.200000 30.261000 3233.867880
110.220000 30.732000 3233.996580
110.250000 31.203000 3233.778250
110.270000 31.673000 3233.067400
110.300000 32.144000 3233.373000
110.330000 32.615000 3235.624900
110.360000 33.085000 3233.826470
110.380000 33.556000 3230.949700
110.410000 34.027000 3229.988500
110.440000 34.498000 3233.371340
110.480000 34.968000 3234.793060
110.510000 35.439000 3230.589700
110.540000 35.910000 3231.262500
110.570000 36.381000 3229.396000
110.610000 36.851000 3231.029500
110.640000 37.322000 3230.469500
110.680000 37.793000 3230.780500
110.720000 38.264000 3231.318400
110.750000 38.734000 3228.140000
110.790000 39.205000 3229.263300
110.830000 39.676000 3231.273400
110.870000 40.147000 3235.297900
110.910000 40.617000 3234.178584
110.950000 41.088000 3236.174400
111.000000 41.559000 3234.902870
111.040000 42.030000 3234.766180
110.340000 21.788000 3239.190700
110.360000 22.259000 3237.290500
110.370000 22.729000 3243.506200
110.390000 23.200000 3241.941000
110.410000 23.671000 3241.324600
110.430000 24.141000 3241.135400
110.450000 24.612000 3236.463100
110.470000 25.083000 3236.681720
110.490000 25.554000 3235.331500
110.520000 26.024000 3232.919200
110.540000 26.495000 3235.842200
110.560000 26.966000 3235.252730
110.590000 27.437000 3235.295150
110.610000 27.907000 3233.459200
110.630000 28.378000 3231.315300
110.660000 28.849000 3230.766700
110.690000 29.320000 3233.625270
110.710000 29.790000 3232.931600
110.740000 30.261000 3234.440920
110.770000 30.732000 3235.271600
110.800000 31.203000 3237.513500
110.820000 31.673000 3230.230000
110.850000 32.144000 3231.668200
110.890000 32.615000 3234.964370
110.920000 33.085000 3234.614770
110.950000 33.556000 3230.269400
110.980000 34.027000 3231.039100
111.010000 34.498000 3233.255390
111.050000 34.968000 3233.451750
111.080000 35.439000 3233.270300
111.120000 35.910000 3232.134800
111.160000 36.381000 3232.140800
111.190000 36.851000 3231.464800
111.230000 37.322000 3233.181400
111.270000 37.793000 3233.096500
111.310000 38.264000 3232.572100
111.350000 38.734000 3232.902500
111.400000 39.205000 3231.381600
111.440000 39.676000 3233.105200
111.490000 40.147000 3234.491650
111.530000 40.617000 3234.003050
111.580000 41.088000 3237.134200
111.620000 41.559000 3234.634300
111.670000 42.030000 3236.004700
110.840000 21.788000 3237.602300
110.860000 22.259000 3236.336800
110.880000 22.729000 3242.509700
110.900000 23.200000 3239.742200
110.930000 23.671000 3241.871800
110.950000 24.141000 3239.745000
110.970000 24.612000 3250.560100
110.990000 25.083000 3240.204720
111.020000 25.554000 3235.566440
111.040000 26.024000 3239.800800
111.060000 26.495000 3236.445780
111.090000 26.966000 3236.410800
111.110000 27.437000 3240.399700
111.140000 27.907000 3236.463300
111.170000 28.378000 3235.379600
111.200000 28.849000 3233.219900
111.220000 29.320000 3233.579780
111.250000 29.790000 3234.523530
111.280000 30.261000 3236.986200
111.310000 30.732000 3235.273000
111.340000 31.203000 3232.266500
111.380000 31.673000 3230.591900
111.410000 32.144000 3235.347860
111.440000 32.615000 3234.589090
111.480000 33.085000 3236.198100
111.510000 33.556000 3233.611130
111.550000 34.027000 3232.098000
111.580000 34.498000 3232.239400
111.620000 34.968000 3233.929890
111.660000 35.439000 3233.850580
111.700000 35.910000 3232.315500
111.740000 36.381000 3232.124900
111.780000 36.851000 3233.447600
111.820000 37.322000 3233.703950
111.870000 37.793000 3233.842250
111.910000 38.264000 3232.428400
111.960000 38.734000 3234.119278
112.000000 39.205000 3234.022290
112.050000 39.676000 3233.672910
112.100000 40.147000 3234.381730
112.150000 40.617000 3235.224900
112.200000 41.088000 3234.876700
112.250000 41.559000 3233.864390
112.310000 42.030000 3234.543680
111.350000 21.788000 3235.864200
111.370000 22.259000 3238.648900
111.390000 22.729000 3238.625800
111.420000 23.200000 3231.386400
111.440000 23.671000 3232.752600
111.460000 24.141000 3242.758200
111.490000 24.612000 3248.291400
111.510000 25.083000 3235.590200
111.540000 25.554000 3236.757400
111.560000 26.024000 3235.157404
111.590000 26.495000 3234.502650
111.620000 26.966000 3236.131400
111.640000 27.437000 3236.311100
111.670000 27.907000 3236.426200
111.700000 28.378000 3239.735500
111.730000 28.849000 3238.128900
111.760000 29.320000 3234.731850
111.790000 29.790000 3236.751400
111.830000 30.261000 3236.190000
111.860000 30.732000 3235.075710
111.890000 31.203000 3234.962780
111.930000 31.673000 3237.560300
111.960000 32.144000 3241.655100
112.000000 32.615000 3234.823220
112.040000 33.085000 3234.030800
112.080000 33.556000 3234.967300
112.110000 34.027000 3232.385100
112.150000 34.498000 3231.852300
112.200000 34.968000 3233.776120
112.240000 35.439000 3233.487850
112.280000 35.910000 3232.252200
112.320000 36.381000 3233.214470
112.370000 36.851000 3233.634350
112.420000 37.322000 3232.337500
112.460000 37.793000 3232.422700
112.510000 38.264000 3232.678300
112.560000 38.734000 3233.614360
112.610000 39.205000 3234.689770
112.660000 39.676000 3234.665400
112.710000 40.147000 3236.182300
112.770000 40.617000 3234.794900
112.820000 41.088000 3234.898770
112.880000 41.559000 3235.577200
112.940000 42.030000 3234.709550
111.860000 21.788000 3238.527400
111.880000 22.259000 3241.160000
111.900000 22.729000 3242.140400
111.930000 23.200000 3237.337400
111.950000 23.671000 3233.156200
111.980000 24.141000 3234.255900
112.000000 24.612000 3239.078700
112.030000 25.083000 3239.115400
112.060000 25.554000 3235.091200
112.080000 26.024000 3235.875620
112.110000 26.495000 3232.674800
112.140000 26.966000 3233.143500
112.170000 27.437000 3233.592420
112.200000 27.907000 3234.023030
112.240000 28.378000 3240.785360
112.270000 28.849000 3238.305220
112.300000 29.320000 3234.069200
112.340000 29.790000 3237.943200
112.370000 30.261000 3237.129300
112.410000 30.732000 3235.671800
112.440000 31.203000 3235.732000
112.480000 31.673000 3240.318000
112.520000 32.144000 3239.638400
112.560000 32.615000 3240.814430
112.600000 33.085000 3236.712800
112.640000 33.556000 3232.255100
112.680000 34.027000 3232.141700
112.720000 34.498000 3232.692400
112.770000 34.968000 3233.367200
112.810000 35.439000 3230.880700
112.860000 35.910000 3227.756900
112.910000 36.381000 3229.831400
112.960000 36.851000 3232.185700
113.010000 37.322000 3231.762900
113.060000 37.793000 3233.110300
113.110000 38.264000 3234.430060
113.160000 38.734000 3236.040700
113.220000 39.205000 3235.370100
113.270000 39.676000 3234.428070
113.330000 40.147000 3234.544460
113.390000 40.617000 3235.536200
113.450000 41.088000 3237.445600
113.510000 41.559000 3236.938600
113.570000 42.030000 3234.248892
112.360000 21.788000 3235.458600
112.390000 22.259000 3241.763300
112.410000 22.729000 3242.941300
112.440000 23.200000 3228.946500
112.460000 23.671000 3238.515200
112.490000 24.141000 3235.908660
112.520000 24.612000 3240.173700
112.550000 25.083000 3236.222700
112.580000 25.554000 3233.543400
112.610000 26.024000 3240.563030
112.640000 26.495000 3235.271400
112.670000 26.966000 3231.324900
112.700000 27.437000 3231.886300
112.740000 27.907000 3232.400900
112.770000 28.378000 3238.788100
112.800000 28.849000 3231.797100
112.840000 29.320000 3232.641500
112.880000 29.790000 3235.676800
112.910000 30.261000 3235.977100
112.950000 30.732000 3237.431100
112.990000 31.203000 3234.179407
113.030000 31.673000 3237.704800
113.070000 32.144000 3242.411500
113.120000 32.615000 3235.713700
113.160000 33.085000 3232.564200
113.200000 33.556000 3232.359000
113.250000 34.027000 3234.244000
113.290000 34.498000 3237.782500
113.340000 34.968000 3236.899700
113.390000 35.439000 3232.406400
113.440000 35.910000 3229.918400
113.490000 36.381000 3228.656100
113.540000 36.851000 3231.789100
113.600000 37.322000 3231.922800
113.650000 37.793000 3233.290640
113.710000 38.264000 3234.425560
113.760000 38.734000 3234.583500
113.820000 39.205000 3235.828200
113.880000 39.676000 3234.523660
113.940000 40.147000 3236.518600
114.010000 40.617000 3237.590400
114.070000 41.088000 3236.659000
114.140000 41.559000 3236.455800
114.200000 42.030000 3236.177900
112.870000 21.788000 3237.120300
112.890000 22.259000 3238.641400
112.920000 22.729000 3232.477100
112.950000 23.200000 3233.871900
112.980000 23.671000 3235.621400
113.010000 24.141000 3238.386700
113.040000 24.612000 3253.516400
113.070000 25.083000 3230.289200
113.100000 25.554000 3236.291600
113.130000 26.024000 3244.708100
113.160000 26.495000 3245.246200
113.200000 26.966000 3236.301900
113.230000 27.437000 3233.941300
113.270000 27.907000 3234.679690
113.300000 28.378000 3234.601230
113.340000 28.849000 3233.445840
113.380000 29.320000 3235.401600
113.420000 29.790000 3235.642300
113.460000 30.261000 3235.630600
113.500000 30.732000 3234.845990
113.540000 31.203000 3234.335700
113.580000 31.673000 3234.765880
113.630000 32.144000 3239.424900
113.670000 32.615000 3234.846760
113.720000 33.085000 3237.253800
113.770000 33.556000 3236.226100
113.820000 34.027000 3236.708984
113.860000 34.498000 3236.711800
113.920000 34.968000 3237.906600
113.970000 35.439000 3236.988080
114.020000 35.910000 3233.044500
114.070000 36.381000 3232.737800
114.130000 36.851000 3233.206700
114.190000 37.322000 3233.788020
114.250000 37.793000 3234.765910
114.310000 38.264000 3236.095800
114.370000 38.734000 3234.815850
114.430000 39.205000 3234.135687
114.490000 39.676000 3233.596710
114.560000 40.147000 3234.037210
114.620000 40.617000 3235.157180
114.690000 41.088000 3237.096300
114.760000 41.559000 3237.162700
114.840000 42.030000 3237.103000
113.370000 21.788000 3232.438100
113.400000 22.259000 3233.702500
113.430000 22.729000 3238.706500
113.460000 23.200000 3231.481600
113.490000 23.671000 3236.862000
113.520000 24.141000 3242.939700
113.550000 24.612000 3231.621600
113.590000 25.083000 3234.480400
113.620000 25.554000 3244.009800
113.650000 26.024000 3245.689200
113.690000 26.495000 3239.489500
113.720000 26.966000 3237.646100
113.760000 27.437000 3234.165300
113.800000 27.907000 3232.220800
113.840000 28.378000 3232.000000
113.880000 28.849000 3230.999100
113.920000 29.320000 3236.636800
113.960000 29.790000 3235.764500
114.000000 30.261000 3235.732400
114.050000 30.732000 3233.652950
114.090000 31.203000 3233.991030
114.140000 31.673000 3237.110800
114.180000 32.144000 3235.473370
114.230000 32.615000 3235.568230
114.280000 33.085000 3237.471000
114.330000 33.556000 3245.787700
114.380000 34.027000 3237.331200
114.440000 34.498000 3236.633300
114.490000 34.968000 3237.011500
114.540000 35.439000 3237.373600
114.600000 35.910000 3238.080200
114.660000 36.381000 3238.392300
114.720000 36.851000 3239.544200
114.780000 37.322000 3241.867800
114.840000 37.793000 3243.140800
114.900000 38.264000 3237.921100
114.970000 38.734000 3237.484500
115.030000 39.205000 3234.568420
115.100000 39.676000 3233.946260
115.170000 40.147000 3234.647140
115.240000 40.617000 3235.446300
115.320000 41.088000 3235.227500
115.390000 41.559000 3236.620600
115.470000 42.030000 3239.134200
113.880000 21.788000 3232.947000
113.910000 22.259000 3239.512700
113.940000 22.729000 3235.170800
113.970000 23.200000 3235.042100
114.000000 23.671000 3239.928800
114.040000 24.141000 3236.586500
114.070000 24.612000 3243.719480
114.100000 25.083000 3233.340000
114.140000 25.554000 3244.600600
114.180000 26.024000 3239.210800
114.210000 26.495000 3233.637800
114.250000 26.966000 3232.862400
114.290000 27.437000 3247.300240
114.330000 27.907000 3242.750200
114.370000 28.378000 3235.680100
114.410000 28.849000 3232.301800
114.460000 29.320000 3237.237200
114.500000 29.790000 3236.901700
114.550000 30.261000 3234.736800
114.590000 30.732000 3232.300900
114.640000 31.203000 3234.202958
114.690000 31.673000 3237.874300
114.740000 32.144000 3234.319065
114.790000 32.615000 3235.787600
114.840000 33.085000 3237.843100
114.890000 33.556000 3241.709700
114.950000 34.027000 3236.191500
115.010000 34.498000 3235.765900
115.060000 34.968000 3239.534800
115.120000 35.439000 3235.211270
115.180000 35.910000 3236.441300
115.240000 36.381000 3238.625500
115.300000 36.851000 3244.336700
115.370000 37.322000 3246.918100
115.430000 37.793000 3241.277900
115.500000 38.264000 3240.098300
115.570000 38.734000 3237.557400
115.640000 39.205000 3236.965000
115.710000 39.676000 3229.849800
115.790000 40.147000 3233.802050
115.860000 40.617000 3235.042530
115.940000 41.088000 3235.461800
116.020000 41.559000 3235.162020
116.100000 42.030000 3237.115500
114.390000 21.788000 3226.406000
114.420000 22.259000 3236.285000
114.450000 22.729000 3244.969700
114.480000 23.200000 3245.361000
114.520000 23.671000 3243.620900
114.550000 24.141000 3234.749300
114.590000 24.612000 3231.739900
114.620000 25.083000 3231.813100
114.660000 25.554000 3233.357300
114.700000 26.024000 3230.827500
114.740000 26.495000 3231.539900
114.780000 26.966000 3227.002300
114.820000 27.437000 3246.410800
114.860000 27.907000 3235.465600
114.910000 28.378000 3233.521300
114.950000 28.849000 3242.871900
115.000000 29.320000 3237.284730
115.040000 29.790000 3234.138280
115.090000 30.261000 3235.224940
115.140000 30.732000 3235.075020
115.190000 31.203000 3235.151110
115.240000 31.673000 3236.739150
115.290000 32.144000 3234.272040
115.350000 32.615000 3234.947020
115.400000 33.085000 3236.985760
115.460000 33.556000 3238.635300
115.520000 34.027000 3233.625690
115.580000 34.498000 3235.396800
115.640000 34.968000 3235.599100
115.700000 35.439000 3235.557900
115.760000 35.910000 3235.189460
115.830000 36.381000 3236.357500
115.890000 36.851000 3239.502900
115.960000 37.322000 3241.466300
116.030000 37.793000 3239.487000
116.100000 38.264000 3239.668500
116.170000 38.734000 3239.607400
116.250000 39.205000 3238.202900
116.320000 39.676000 3235.127990
116.400000 40.147000 3237.171900
116.480000 40.617000 3235.960700
116.560000 41.088000 3234.848640
116.650000 41.559000 3235.413000
116.730000 42.030000 3236.564700
114.890000 21.788000 3235.930000
114.920000 22.259000 3236.208000
114.960000 22.729000 3241.067500
114.990000 23.200000 3236.403100
115.030000 23.671000 3235.319300
115.070000 24.141000 3237.353400
115.100000 24.612000 3233.220900
115.140000 25.083000 3233.988200
115.180000 25.554000 3233.545500
115.220000 26.024000 3233.685400
115.260000 26.495000 3234.569300
115.310000 26.966000 3236.380900
115.350000 27.437000 3237.577200
115.390000 27.907000 3231.278500
115.440000 28.378000 3241.808500
115.490000 28.849000 3240.573900
115.530000 29.320000 3235.246130
115.580000 29.790000 3234.579670
115.630000 30.261000 3235.131500
115.690000 30.732000 3245.270000
115.740000 31.203000 3238.954700
115.790000 31.673000 3233.370500
115.850000 32.144000 3233.676670
115.900000 32.615000 3235.095360
115.960000 33.085000 3236.041390
116.020000 33.556000 3238.272400
116.080000 34.027000 3236.075600
116.150000 34.498000 3236.963100
116.210000 34.968000 3237.398200
116.270000 35.439000 3235.354700
116.340000 35.910000 3234.368250
116.410000 36.381000 3235.672400
116.480000 36.851000 3237.145600
116.550000 37.322000 3238.907700
116.620000 37.793000 3238.207300
116.700000 38.264000 3240.328700
116.780000 38.734000 3239.374100
116.850000 39.205000 3240.160400
116.930000 39.676000 3238.774300
117.020000 40.147000 3237.833100
117.100000 40.617000 3232.757000
117.190000 41.088000 3230.172000
117.280000 41.559000 3236.437400
117.370000 42.030000 3236.334800
115.400000 21.788000 3233.090000
115.430000 22.259000 3233.227000
115.470000 22.729000 3242.575200
115.500000 23.200000 3238.869600
115.540000 23.671000 3232.868700
115.580000 24.141000 3231.447500
115.620000 24.612000 3234.242600
115.660000 25.083000 3237.138400
115.700000 25.554000 3239.179600
115.740000 26.024000 3239.100100
115.790000 26.495000 3240.761090
115.830000 26.966000 3240.123400
115.880000 27.437000 3235.922100
115.930000 27.907000 3233.032600
115.970000 28.378000 3234.234000
116.020000 28.849000 3232.224600
116.070000 29.320000 3234.089580
116.130000 29.790000 3234.312000
116.180000 30.261000 3234.674390
116.230000 30.732000 3239.470900
116.290000 31.203000 3239.107100
116.340000 31.673000 3235.966200
116.400000 32.144000 3234.381970
116.460000 32.615000 3235.112450
116.520000 33.085000 3236.196400
116.590000 33.556000 3235.236400
116.650000 34.027000 3236.533700
116.720000 34.498000 3239.773600
116.780000 34.968000 3238.217700
116.850000 35.439000 3237.566800
116.920000 35.910000 3235.917200
116.990000 36.381000 3236.524900
117.070000 36.851000 3240.564000
117.140000 37.322000 3241.989400
117.220000 37.793000 3243.154200
117.300000 38.264000 3238.292900
117.380000 38.734000 3240.509600
117.460000 39.205000 3240.802600
117.540000 39.676000 3238.753600
117.630000 40.147000 3233.231290
117.720000 40.617000 3228.845800
117.810000 41.088000 3230.355600
117.900000 41.559000 3235.747900
118.000000 42.030000 3235.228700
115.900000 21.788000 3242.272000
115.940000 22.259000 3244.678000
115.980000 22.729000 3242.481100
116.020000 23.200000 3231.249500
116.050000 23.671000 3231.856200
116.100000 24.141000 3232.166300
116.140000 24.612000 3232.845600
116.180000 25.083000 3233.544000
116.220000 25.554000 3240.510700
116.270000 26.024000 3236.111600
116.310000 26.495000 3235.739342
116.360000 26.966000 3239.290810
116.410000 27.437000 3238.436030
116.460000 27.907000 3234.053150
116.510000 28.378000 3238.004000
116.560000 28.849000 3231.303100
116.610000 29.320000 3234.501661
116.670000 29.790000 3236.300410
116.720000 30.261000 3234.392100
116.780000 30.732000 3234.026870
116.840000 31.203000 3234.985480
116.900000 31.673000 3235.384100
116.960000 32.144000 3234.359530
117.020000 32.615000 3236.939970
117.080000 33.085000 3237.520170
117.150000 33.556000 3238.763300
117.220000 34.027000 3239.284000
117.290000 34.498000 3237.716300
117.360000 34.968000 3236.073100
117.430000 35.439000 3236.319700
117.500000 35.910000 3235.364900
117.580000 36.381000 3236.675300
117.650000 36.851000 3244.017900
117.730000 37.322000 3245.313000
117.810000 37.793000 3245.033000
117.890000 38.264000 3245.560300
117.980000 38.734000 3251.164790
118.070000 39.205000 3243.426900
118.150000 39.676000 3239.383000
118.250000 40.147000 3233.788000
118.340000 40.617000 3232.662300
118.430000 41.088000 3233.336740
118.530000 41.559000 3233.134300
118.630000 42.030000 3229.333400
116.410000 21.788000 3248.325000
116.450000 22.259000 3256.070000
116.490000 22.729000 3245.776800
116.530000 23.200000 3237.568800
116.570000 23.671000 3233.036800
116.610000 24.141000 3233.598500
116.650000 24.612000 3233.982200
116.700000 25.083000 3233.256500
116.740000 25.554000 3232.776600
116.790000 26.024000 3231.378900
116.840000 26.495000 3233.950500
116.890000 26.966000 3241.541900
116.940000 27.437000 3238.764900
116.990000 27.907000 3234.070100
117.040000 28.378000 3233.711400
117.100000 28.849000 3231.935500
117.150000 29.320000 3235.754200
117.210000 29.790000 3242.520700
117.270000 30.261000 3237.943200
117.330000 30.732000 3229.891900
117.390000 31.203000 3232.155100
117.450000 31.673000 3235.724400
117.510000 32.144000 3235.415670
117.580000 32.615000 3235.781200
117.640000 33.085000 3234.592400
117.710000 33.556000 3238.122100
117.780000 34.027000 3236.884600
117.860000 34.498000 3233.832600
117.930000 34.968000 3231.719000
118.000000 35.439000 3232.930000
118.080000 35.910000 3232.230300
118.160000 36.381000 3235.183710
118.240000 36.851000 3240.427900
118.320000 37.322000 3244.680300
118.410000 37.793000 3247.133000
118.490000 38.264000 3251.310000
118.580000 38.734000 3244.516400
118.670000 39.205000 3249.081900
118.770000 39.676000 3238.469900
118.860000 40.147000 3233.441970
118.960000 40.617000 3233.741490
119.060000 41.088000 3227.164900
119.160000 41.559000 3225.992900
119.260000 42.030000 3230.131200
116.920000 21.788000 3248.270000
116.960000 22.259000 3253.706000
117.000000 22.729000 3252.357400
117.040000 23.200000 3246.685800
117.080000 23.671000 3238.490530
117.120000 24.141000 3233.292300
117.170000 24.612000 3234.958500
117.220000 25.083000 3233.025300
117.260000 25.554000 3230.073200
117.310000 26.024000 3232.892100
117.360000 26.495000 3233.954800
117.410000 26.966000 3242.490300
117.470000 27.437000 3237.583400
117.520000 27.907000 3232.115200
117.580000 28.378000 3236.350900
117.630000 28.849000 3234.645800
117.690000 29.320000 3234.957100
117.750000 29.790000 3236.237400
117.810000 30.261000 3233.168700
117.870000 30.732000 3233.945300
117.940000 31.203000 3233.658400
118.000000 31.673000 3233.556900
118.070000 32.144000 3236.021000
118.140000 32.615000 3229.877900
118.210000 33.085000 3236.272700
118.280000 33.556000 3236.783100
118.350000 34.027000 3234.722760
118.430000 34.498000 3234.609630
118.500000 34.968000 3236.514900
118.580000 35.439000 3236.029700
118.660000 35.910000 3234.483250
118.740000 36.381000 3235.964700
118.830000 36.851000 3237.360100
118.910000 37.322000 3246.115900
119.000000 37.793000 3245.246200
119.090000 38.264000 3252.568600
119.180000 38.734000 3235.437000
119.280000 39.205000 3236.814600
119.380000 39.676000 3241.067900
119.470000 40.147000 3232.997800
119.580000 40.617000 3231.582900
119.680000 41.088000 3228.422900
119.790000 41.559000 3229.630000
119.900000 42.030000 3233.015700
117.420000 21.788000 3246.909000
117.460000 22.259000 3251.781000
117.510000 22.729000 3258.722700
117.550000 23.200000 3260.675100
117.590000 23.671000 3252.747020
117.640000 24.141000 3239.556100
117.690000 24.612000 3233.187700
117.740000 25.083000 3234.210600
117.780000 25.554000 3234.159900
117.840000 26.024000 3232.299700
117.890000 26.495000 3231.613000
117.940000 26.966000 3233.610800
118.000000 27.437000 3228.235100
118.050000 27.907000 3231.424300
118.110000 28.378000 3227.077600
118.170000 28.849000 3231.257100
118.230000 29.320000 3231.286400
118.290000 29.790000 3228.632300
118.350000 30.261000 3237.519700
118.420000 30.732000 3232.665900
118.480000 31.203000 3238.221800
118.550000 31.673000 3239.728800
118.620000 32.144000 3231.296300
118.690000 32.615000 3236.880200
118.770000 33.085000 3240.973600
118.840000 33.556000 3237.003600
118.920000 34.027000 3234.967130
119.000000 34.498000 3236.486700
119.080000 34.968000 3235.639500
119.160000 35.439000 3236.730900
119.240000 35.910000 3239.059600
119.330000 36.381000 3238.790600
119.410000 36.851000 3235.192570
119.500000 37.322000 3237.077600
119.600000 37.793000 3246.632100
119.690000 38.264000 3244.920400
119.790000 38.734000 3232.172000
119.880000 39.205000 3244.557000
119.990000 39.676000 3257.076300
120.090000 40.147000 3238.678110
120.190000 40.617000 3232.953400
120.300000 41.088000 3233.610300
120.410000 41.559000 3233.146400
120.530000 42.030000 3230.860600
117.930000 21.788000 3242.648000
117.970000 22.259000 3251.534000
118.010000 22.729000 3235.491000
118.060000 23.200000 3252.261000
118.110000 23.671000 3251.413700
118.150000 24.141000 3248.228200
118.200000 24.612000 3241.688900
118.250000 25.083000 3234.738400
118.310000 25.554000 3237.359700
118.360000 26.024000 3236.507000
118.410000 26.495000 3235.025600
118.470000 26.966000 3229.322800
118.530000 27.437000 3239.181500
118.580000 27.907000 3233.351800
118.640000 28.378000 3230.792400
118.700000 28.849000 3227.314000
118.770000 29.320000 3231.635200
118.830000 29.790000 3235.547030
118.900000 30.261000 3238.130100
118.970000 30.732000 3232.840400
119.030000 31.203000 3235.483700
119.100000 31.673000 3237.408300
119.180000 32.144000 3240.811100
119.250000 32.615000 3245.097200
119.330000 33.085000 3248.112700
119.400000 33.556000 3238.528800
119.480000 34.027000 3245.052600
119.570000 34.498000 3239.096800
119.650000 34.968000 3241.688300
119.730000 35.439000 3242.523600
119.820000 35.910000 3242.465400
119.910000 36.381000 3238.700900
120.000000 36.851000 3228.940600
120.090000 37.322000 3228.241200
120.190000 37.793000 3248.281600
120.290000 38.264000 3266.884000
120.390000 38.734000 3257.160100
120.490000 39.205000 3241.087000
120.600000 39.676000 3249.186600
120.700000 40.147000 3241.687900
120.810000 40.617000 3230.820000
120.930000 41.088000 3230.805400
121.040000 41.559000 3226.049500
121.160000 42.030000 3223.029000
118.430000 21.788000 3234.557000
118.480000 22.259000 3242.908200
118.520000 22.729000 3235.516000
118.570000 23.200000 3258.581900
118.620000 23.671000 3253.680700
118.670000 24.141000 3237.434000
118.720000 24.612000 3236.945000
118.770000 25.083000 3238.667440
118.830000 25.554000 3236.384800
118.880000 26.024000 3233.482300
118.940000 26.495000 3233.684600
119.000000 26.966000 3227.332900
119.050000 27.437000 3228.669900
119.120000 27.907000 3231.180300
119.180000 28.378000 3233.367900
119.240000 28.849000 3234.207700
119.310000 29.320000 3229.022300
119.370000 29.790000 3235.447990
119.440000 30.261000 3237.215500
119.510000 30.732000 3236.266800
119.580000 31.203000 3239.472400
119.660000 31.673000 3246.231700
119.730000 32.144000 3247.907400
119.810000 32.615000 3244.905400
119.890000 33.085000 3242.365700
119.970000 33.556000 3237.507900
120.050000 34.027000 3231.555900
120.140000 34.498000 3233.200600
120.220000 34.968000 3238.329400
120.310000 35.439000 3238.206900
120.400000 35.910000 3237.976300
120.490000 36.381000 3229.513300
120.590000 36.851000 3226.929600
120.690000 37.322000 3237.119400
120.780000 37.793000 3251.981100
120.890000 38.264000 3261.879000
120.990000 38.734000 3246.096170
121.100000 39.205000 3222.647000
121.210000 39.676000 3231.993400
121.320000 40.147000 3232.588600
121.430000 40.617000 3215.134000
121.550000 41.088000 3230.832400
121.670000 41.559000 3229.392900
121.790000 42.030000 3229.163500
118.940000 21.788000 3231.386000
118.990000 22.259000 3245.027000
119.030000 22.729000 3254.550000
119.080000 23.200000 3256.073000
119.130000 23.671000 3258.174620
119.180000 24.141000 3247.275900
119.240000 24.612000 3243.285200
119.290000 25.083000 3252.449000
119.350000 25.554000 3241.541900
119.400000 26.024000 3235.295200
119.460000 26.495000 3235.852260
119.520000 26.966000 3228.368700
119.580000 27.437000 3229.037600
119.650000 27.907000 3231.821100
119.710000 28.378000 3237.705700
119.780000 28.849000 3235.045750
119.850000 29.320000 3230.901100
119.910000 29.790000 3230.135600
119.990000 30.261000 3233.120400
120.060000 30.732000 3233.823000
120.130000 31.203000 3238.738900
120.210000 31.673000 3244.475100
120.290000 32.144000 3238.792500
120.370000 32.615000 3235.942500
120.450000 33.085000 3238.541800
120.530000 33.556000 3242.194700
120.620000 34.027000 3233.570400
120.710000 34.498000 3213.564000
120.790000 34.968000 3217.768000
120.890000 35.439000 3230.386500
120.980000 35.910000 3232.113200
121.080000 36.381000 3229.690600
121.180000 36.851000 3232.133000
121.280000 37.322000 3241.183200
121.380000 37.793000 3250.244000
121.480000 38.264000 3251.227000
121.590000 38.734000 3220.039000
121.700000 39.205000 3218.395000
121.820000 39.676000 3231.288300
121.930000 40.147000 3245.103000
119.450000 21.788000 3254.276000
119.490000 22.259000 3249.306000
119.540000 22.729000 3263.548400
119.590000 23.200000 3242.827000
119.650000 23.671000 3227.107000
119.700000 24.141000 3241.584000
119.750000 24.612000 3239.920000
119.810000 25.083000 3255.550700
119.870000 25.554000 3256.112500
119.930000 26.024000 3242.500000
119.990000 26.495000 3232.836800
120.050000 26.966000 3235.144330
120.110000 27.437000 3233.750400
120.180000 27.907000 3236.679200
120.250000 28.378000 3233.791700
120.310000 28.849000 3231.696300
120.380000 29.320000 3229.929100
120.460000 29.790000 3236.069300
120.530000 30.261000 3237.670530
120.600000 30.732000 3236.186500
120.680000 31.203000 3237.573800
120.760000 31.673000 3233.842900
120.840000 32.144000 3233.618750
120.920000 32.615000 3235.234200
121.010000 33.085000 3242.523600
121.100000 33.556000 3255.546000
121.180000 34.027000 3266.745000
121.280000 34.498000 3252.175400
121.370000 34.968000 3236.467950
121.460000 35.439000 3226.497000
121.560000 35.910000 3231.845800
121.660000 36.381000 3231.941600
121.760000 36.851000 3230.053100
121.870000 37.322000 3237.087900
121.970000 37.793000 3247.466000
119.950000 21.788000 3269.722700
120.000000 22.259000 3267.693200
120.050000 22.729000 3270.871400
120.100000 23.200000 3254.174800
120.160000 23.671000 3243.160500
120.210000 24.141000 3240.603500
120.270000 24.612000 3238.776000
120.330000 25.083000 3242.870000
120.390000 25.554000 3230.284000
120.450000 26.024000 3265.335500
120.510000 26.495000 3253.586300
120.580000 26.966000 3242.085900
120.640000 27.437000 3236.451500
120.710000 27.907000 3235.997200
120.780000 28.378000 3235.346500
120.850000 28.849000 3231.160200
120.920000 29.320000 3229.507500
121.000000 29.790000 3233.367200
121.070000 30.261000 3228.354200
121.150000 30.732000 3219.997000
121.230000 31.203000 3229.887500
121.310000 31.673000 3234.757020
121.400000 32.144000 3229.962700
121.480000 32.615000 3233.715010
121.570000 33.085000 3244.802000
121.660000 33.556000 3249.942000
121.750000 34.027000 3270.113000
121.850000 34.498000 3257.828000
121.940000 34.968000 3244.733000
120.460000 21.788000 3261.260900
120.510000 22.259000 3262.074000
120.560000 22.729000 3251.251000
120.620000 23.200000 3219.991000
120.670000 23.671000 3229.194000
120.730000 24.141000 3236.689766
120.790000 24.612000 3227.067000
120.850000 25.083000 3242.620300
120.910000 25.554000 3224.309000
120.970000 26.024000 3239.479700
121.040000 26.495000 3227.540600
121.100000 26.966000 3232.099000
121.170000 27.437000 3233.088000
121.240000 27.907000 3231.537600
121.310000 28.378000 3232.884700
121.390000 28.849000 3229.859200
121.460000 29.320000 3232.108000
121.540000 29.790000 3234.135700
121.620000 30.261000 3236.971600
121.700000 30.732000 3240.984000
121.780000 31.203000 3240.550600
121.860000 31.673000 3236.717972
121.950000 32.144000 3236.317850
120.960000 21.788000 3249.977700
121.020000 22.259000 3240.060400
121.070000 22.729000 3209.613000
121.130000 23.200000 3185.197000
121.180000 23.671000 3186.749000
121.240000 24.141000 3198.102000
121.300000 24.612000 3213.175000
121.370000 25.083000 3226.876800
121.430000 25.554000 3214.830000
121.500000 26.024000 3221.880000
121.560000 26.495000 3213.209000
121.630000 26.966000 3227.865000
121.700000 27.437000 3223.527000
121.770000 27.907000 3229.829000
121.850000 28.378000 3235.268200
121.920000 28.849000 3233.740000
121.470000 21.788000 3208.020000
121.520000 22.259000 3236.760700
121.580000 22.729000 3237.901200
121.640000 23.200000 3221.504000
121.700000 23.671000 3241.553600
121.760000 24.141000 3243.170500
121.820000 24.612000 3227.697900
121.880000 25.083000 3191.210000
121.950000 25.554000 3199.709000
121.970000 21.788000 3256.659000
