104.770000 21.788000 3231.292300
104.770000 22.259000 3229.597000
104.770000 22.729000 3235.477300
104.770000 23.200000 3252.018000
104.770000 23.671000 3249.672000
104.770000 24.141000 3247.821000
104.770000 24.612000 3251.992000
104.770000 25.083000 3250.439000
104.770000 25.554000 3260.822000
104.770000 26.024000 3259.315000
104.760000 26.495000 3260.410000
104.760000 26.966000 3260.627000
104.760000 27.437000 3269.079000
104.760000 27.907000 3269.474000
104.760000 28.378000 3274.849000
104.760000 28.849000 3276.676000
104.760000 29.320000 3257.412000
104.760000 29.790000 3263.444000
104.760000 30.261000 3278.943000
104.760000 30.732000 3280.729000
104.750000 31.203000 3277.089000
104.750000 31.673000 3285.872000
104.750000 32.144000 3285.861000
104.750000 32.615000 3282.536000
104.750000 33.085000 3282.052000
104.750000 33.556000 3282.364000
104.750000 34.027000 3282.972000
104.740000 34.498000 3282.168000
104.740000 34.968000 3280.596000
104.740000 35.439000 3281.286000
104.740000 35.910000 3280.187000
104.740000 36.381000 3281.363000
104.740000 36.851000 3280.775000
104.740000 37.322000 3282.861000
104.730000 37.793000 3282.165000
104.730000 38.264000 3280.029000
104.730000 38.734000 3276.444000
104.730000 39.205000 3278.890000
104.730000 39.676000 3273.784000
104.720000 40.147000 3265.503000
104.720000 40.617000 3263.463000
104.720000 41.088000 3265.980000
104.720000 41.559000 3270.920000
104.720000 42.030000 3265.931000
105.280000 21.788000 3230.508200
105.280000 22.259000 3232.084200
105.280000 22.729000 3232.534200
105.280000 23.200000 3238.640400
105.280000 23.671000 3250.490000
105.280000 24.141000 3249.110000
105.290000 24.612000 3251.528000
105.290000 25.083000 3254.252000
105.290000 25.554000 3257.168000
105.290000 26.024000 3252.158000
105.290000 26.495000 3254.232000
105.290000 26.966000 3267.534000
105.290000 27.437000 3272.202000
105.290000 27.907000 3270.267000
105.290000 28.378000 3276.972000
105.300000 28.849000 3276.381000
105.300000 29.320000 3265.368000
105.300000 29.790000 3268.596000
105.300000 30.261000 3286.766000
105.300000 30.732000 3282.454000
105.300000 31.203000 3280.959000
105.300000 31.673000 3284.871000
105.310000 32.144000 3286.582000
105.310000 32.615000 3282.848000
105.310000 33.085000 3282.684000
105.310000 33.556000 3282.363000
105.310000 34.027000 3283.138000
105.310000 34.498000 3282.353000
105.320000 34.968000 3280.771000
105.320000 35.439000 3280.602000
105.320000 35.910000 3279.089000
105.320000 36.381000 3278.977000
105.320000 36.851000 3280.216000
105.330000 37.322000 3286.195000
105.330000 37.793000 3281.230000
105.330000 38.264000 3274.314000
105.330000 38.734000 3273.697000
105.330000 39.205000 3279.003000
105.340000 39.676000 3275.822000
105.340000 40.147000 3274.284000
105.340000 40.617000 3269.843000
105.340000 41.088000 3273.665000
105.350000 41.559000 3277.053000
105.350000 42.030000 3267.159000
105.790000 21.788000 3236.317700
105.790000 22.259000 3243.398800
105.790000 22.729000 3237.957000
105.790000 23.200000 3236.850907
105.800000 23.671000 3239.616500
105.800000 24.141000 3239.643600
105.800000 24.612000 3246.931300
105.810000 25.083000 3256.991500
105.810000 25.554000 3246.965600
105.810000 26.024000 3238.852800
105.810000 26.495000 3260.916300
105.820000 26.966000 3261.647000
105.820000 27.437000 3267.497000
105.830000 27.907000 3261.552000
105.830000 28.378000 3263.441000
105.830000 28.849000 3271.117000
105.840000 29.320000 3274.734000
105.840000 29.790000 3274.629000
105.840000 30.261000 3280.262000
105.850000 30.732000 3286.870000
105.850000 31.203000 3278.143000
105.860000 31.673000 3274.793000
105.860000 32.144000 3278.804000
105.870000 32.615000 3273.007000
105.870000 33.085000 3277.450000
105.870000 33.556000 3279.830000
105.880000 34.027000 3279.922000
105.880000 34.498000 3278.013000
105.890000 34.968000 3272.481000
105.890000 35.439000 3268.589000
105.900000 35.910000 3263.625000
105.910000 36.381000 3264.960000
105.910000 36.851000 3268.752000
105.920000 37.322000 3276.272000
105.920000 37.793000 3272.558000
105.930000 38.264000 3270.233000
105.930000 38.734000 3277.382000
105.940000 39.205000 3271.438000
105.950000 39.676000 3273.494000
105.950000 40.147000 3271.316000
105.960000 40.617000 3272.680000
105.970000 41.088000 3271.033000
105.970000 41.559000 3267.946000
105.980000 42.030000 3258.230000
106.290000 21.788000 3234.245419
106.300000 22.259000 3235.802000
106.300000 22.729000 3237.976100
106.300000 23.200000 3240.702400
106.310000 23.671000 3238.762600
106.310000 24.141000 3239.104100
106.320000 24.612000 3246.502600
106.320000 25.083000 3256.573000
106.330000 25.554000 3249.296000
106.330000 26.024000 3248.414700
106.340000 26.495000 3252.404700
106.350000 26.966000 3253.160000
106.350000 27.437000 3262.631000
106.360000 27.907000 3256.796000
106.360000 28.378000 3258.476000
106.370000 28.849000 3268.031000
106.380000 29.320000 3277.378000
106.380000 29.790000 3281.085000
106.390000 30.261000 3285.693000
106.390000 30.732000 3286.533000
106.400000 31.203000 3281.781000
106.410000 31.673000 3280.633000
106.420000 32.144000 3269.658000
106.420000 32.615000 3266.537000
106.430000 33.085000 3271.094000
106.440000 33.556000 3277.541000
106.450000 34.027000 3275.155000
106.450000 34.498000 3269.872000
106.460000 34.968000 3270.383000
106.470000 35.439000 3260.323000
106.480000 35.910000 3254.253000
106.490000 36.381000 3258.574000
106.500000 36.851000 3262.653000
106.510000 37.322000 3269.091000
106.520000 37.793000 3267.082000
106.530000 38.264000 3260.915000
106.540000 38.734000 3265.232000
106.550000 39.205000 3268.803000
106.560000 39.676000 3264.374000
106.570000 40.147000 3266.458000
106.580000 40.617000 3271.058000
106.590000 41.088000 3267.902000
106.600000 41.559000 3260.776000
106.610000 42.030000 3249.530000
106.800000 21.788000 3229.899400
106.800000 22.259000 3231.704300
106.810000 22.729000 3237.959800
106.820000 23.200000 3240.801600
106.820000 23.671000 3235.769400
106.830000 24.141000 3237.021100
106.840000 24.612000 3246.745000
106.840000 25.083000 3251.913000
106.850000 25.554000 3248.988000
106.860000 26.024000 3241.076500
106.860000 26.495000 3241.073900
106.870000 26.966000 3247.680300
106.880000 27.437000 3257.932600
106.890000 27.907000 3257.182000
106.900000 28.378000 3257.290000
106.910000 28.849000 3254.523000
106.910000 29.320000 3264.908000
106.920000 29.790000 3278.694000
106.930000 30.261000 3286.961000
106.940000 30.732000 3291.823000
106.950000 31.203000 3286.709000
106.960000 31.673000 3275.975000
106.970000 32.144000 3266.463000
106.980000 32.615000 3266.991000
106.990000 33.085000 3264.119000
107.000000 33.556000 3272.151000
107.010000 34.027000 3271.228000
107.020000 34.498000 3268.933000
107.040000 34.968000 3260.859000
107.050000 35.439000 3255.387000
107.060000 35.910000 3265.379000
107.070000 36.381000 3256.368000
107.090000 36.851000 3261.785000
107.100000 37.322000 3274.945000
107.110000 37.793000 3274.110000
107.130000 38.264000 3271.091000
107.140000 38.734000 3270.129000
107.150000 39.205000 3256.962000
107.170000 39.676000 3254.743000
107.180000 40.147000 3260.336000
107.200000 40.617000 3266.030000
107.210000 41.088000 3264.758000
107.230000 41.559000 3253.990000
107.250000 42.030000 3247.028000
107.300000 21.788000 3223.165000
107.310000 22.259000 3227.868500
107.320000 22.729000 3236.284200
107.330000 23.200000 3237.850900
107.330000 23.671000 3237.743000
107.340000 24.141000 3245.447000
107.350000 24.612000 3245.474600
107.360000 25.083000 3244.399600
107.370000 25.554000 3243.666000
107.380000 26.024000 3243.015400
107.390000 26.495000 3248.650300
107.400000 26.966000 3255.087600
107.410000 27.437000 3255.517700
107.420000 27.907000 3260.815000
107.430000 28.378000 3257.108600
107.440000 28.849000 3256.177200
107.450000 29.320000 3259.237000
107.460000 29.790000 3264.340000
107.480000 30.261000 3270.175000
107.490000 30.732000 3272.448000
107.500000 31.203000 3273.843000
107.510000 31.673000 3270.870000
107.530000 32.144000 3265.091000
107.540000 32.615000 3265.149000
107.550000 33.085000 3259.363000
107.570000 33.556000 3277.643000
107.580000 34.027000 3265.286000
107.590000 34.498000 3272.961000
107.610000 34.968000 3274.212000
107.620000 35.439000 3272.226000
107.640000 35.910000 3269.710000
107.660000 36.381000 3254.441000
107.670000 36.851000 3261.480000
107.690000 37.322000 3270.508000
107.710000 37.793000 3269.345000
107.720000 38.264000 3275.928000
107.740000 38.734000 3274.711000
107.760000 39.205000 3264.651000
107.780000 39.676000 3254.534000
107.800000 40.147000 3258.946000
107.820000 40.617000 3266.454000
107.840000 41.088000 3258.080000
107.860000 41.559000 3254.652000
107.880000 42.030000 3246.703000
107.810000 21.788000 3223.387000
107.820000 22.259000 3225.213800
107.830000 22.729000 3230.962400
107.840000 23.200000 3235.265300
107.850000 23.671000 3241.043500
107.860000 24.141000 3245.948000
107.870000 24.612000 3241.932800
107.880000 25.083000 3244.220000
107.890000 25.554000 3244.355000
107.900000 26.024000 3248.444000
107.910000 26.495000 3252.041600
107.930000 26.966000 3253.306800
107.940000 27.437000 3246.975700
107.950000 27.907000 3255.562300
107.960000 28.378000 3256.797800
107.980000 28.849000 3252.701600
107.990000 29.320000 3258.156600
108.010000 29.790000 3259.866200
108.020000 30.261000 3254.702200
108.030000 30.732000 3253.102900
108.050000 31.203000 3252.320600
108.060000 31.673000 3260.132000
108.080000 32.144000 3263.452000
108.100000 32.615000 3258.404000
108.110000 33.085000 3257.388000
108.130000 33.556000 3276.717000
108.150000 34.027000 3266.035000
108.160000 34.498000 3277.864000
108.180000 34.968000 3275.655000
108.200000 35.439000 3259.141000
108.220000 35.910000 3249.885000
108.240000 36.381000 3253.899700
108.260000 36.851000 3264.498000
108.280000 37.322000 3257.411000
108.300000 37.793000 3262.581000
108.320000 38.264000 3270.596000
108.340000 38.734000 3274.518000
108.370000 39.205000 3263.369000
108.390000 39.676000 3254.069900
108.410000 40.147000 3255.181000
108.440000 40.617000 3257.057000
108.460000 41.088000 3250.731000
108.490000 41.559000 3251.170000
108.510000 42.030000 3242.851200
108.310000 21.788000 3226.784900
108.330000 22.259000 3222.540000
108.340000 22.729000 3229.972600
108.350000 23.200000 3232.156100
108.360000 23.671000 3245.269000
108.370000 24.141000 3244.917000
108.390000 24.612000 3241.157800
108.400000 25.083000 3242.181400
108.410000 25.554000 3245.406000
108.430000 26.024000 3249.104000
108.440000 26.495000 3243.746500
108.450000 26.966000 3248.420400
108.470000 27.437000 3246.067900
108.480000 27.907000 3245.916800
108.500000 28.378000 3248.523700
108.510000 28.849000 3250.957000
108.530000 29.320000 3264.901100
108.550000 29.790000 3267.563500
108.560000 30.261000 3259.153400
108.580000 30.732000 3245.024200
108.600000 31.203000 3241.811200
108.620000 31.673000 3249.581000
108.640000 32.144000 3252.351300
108.650000 32.615000 3251.079000
108.670000 33.085000 3254.218000
108.690000 33.556000 3259.979000
108.710000 34.027000 3261.627000
108.730000 34.498000 3267.417000
108.760000 34.968000 3268.847000
108.780000 35.439000 3259.625000
108.800000 35.910000 3255.387300
108.820000 36.381000 3263.218200
108.850000 36.851000 3253.734800
108.870000 37.322000 3248.737000
108.900000 37.793000 3261.120000
108.920000 38.264000 3272.293000
108.950000 38.734000 3271.206000
108.970000 39.205000 3261.488100
109.000000 39.676000 3256.819100
109.030000 40.147000 3251.303000
109.050000 40.617000 3251.277000
109.080000 41.088000 3249.174000
109.110000 41.559000 3244.648300
109.140000 42.030000 3248.478000
108.820000 21.788000 3226.483100
108.830000 22.259000 3222.892000
108.850000 22.729000 3226.524900
108.860000 23.200000 3230.709900
108.870000 23.671000 3237.814700
108.890000 24.141000 3240.021300
108.900000 24.612000 3236.632000
108.920000 25.083000 3240.102100
108.930000 25.554000 3243.884800
108.950000 26.024000 3242.151400
108.960000 26.495000 3236.976700
108.980000 26.966000 3240.449500
109.000000 27.437000 3234.250300
109.010000 27.907000 3237.299900
109.030000 28.378000 3243.593980
109.050000 28.849000 3254.551100
109.070000 29.320000 3262.746400
109.090000 29.790000 3261.530400
109.110000 30.261000 3256.567500
109.130000 30.732000 3244.771900
109.150000 31.203000 3249.998300
109.170000 31.673000 3246.658900
109.190000 32.144000 3245.784500
109.210000 32.615000 3247.086000
109.230000 33.085000 3250.629000
109.260000 33.556000 3257.195000
109.280000 34.027000 3250.896000
109.300000 34.498000 3255.101000
109.330000 34.968000 3259.193000
109.350000 35.439000 3260.629000
109.380000 35.910000 3255.870900
109.410000 36.381000 3259.934300
109.430000 36.851000 3258.954000
109.460000 37.322000 3259.082000
109.490000 37.793000 3263.721000
109.520000 38.264000 3267.038000
109.550000 38.734000 3252.289300
109.580000 39.205000 3245.013400
109.610000 39.676000 3247.979000
109.640000 40.147000 3246.031400
109.670000 40.617000 3246.222000
109.710000 41.088000 3247.814000
109.740000 41.559000 3246.536300
109.780000 42.030000 3243.957500
109.330000 21.788000 3225.562400
109.340000 22.259000 3222.430000
109.360000 22.729000 3227.366000
109.370000 23.200000 3229.640900
109.390000 23.671000 3232.845700
109.400000 24.141000 3235.193030
109.420000 24.612000 3232.468800
109.440000 25.083000 3238.699000
109.450000 25.554000 3242.113300
109.470000 26.024000 3238.071700
109.490000 26.495000 3239.674480
109.510000 26.966000 3238.715700
109.530000 27.437000 3237.956900
109.550000 27.907000 3234.387300
109.570000 28.378000 3234.563700
109.590000 28.849000 3241.464400
109.610000 29.320000 3248.095800
109.630000 29.790000 3246.874033
109.650000 30.261000 3238.728880
109.670000 30.732000 3240.428930
109.700000 31.203000 3244.684350
109.720000 31.673000 3244.350430
109.740000 32.144000 3243.714800
109.770000 32.615000 3245.070500
109.800000 33.085000 3252.553000
109.820000 33.556000 3250.383000
109.850000 34.027000 3248.187000
109.870000 34.498000 3247.461000
109.900000 34.968000 3254.108000
109.930000 35.439000 3252.638000
109.960000 35.910000 3246.672000
109.990000 36.381000 3254.767800
110.020000 36.851000 3257.750000
110.050000 37.322000 3256.507000
110.080000 37.793000 3254.891800
110.120000 38.264000 3251.604000
110.150000 38.734000 3242.700900
110.180000 39.205000 3242.728500
110.220000 39.676000 3237.703800
110.260000 40.147000 3241.976100
110.290000 40.617000 3241.503500
110.330000 41.088000 3246.826000
110.370000 41.559000 3243.670400
110.410000 42.030000 3247.588300
109.830000 21.788000 3225.934900
109.850000 22.259000 3224.632100
109.870000 22.729000 3230.787800
109.880000 23.200000 3228.601600
109.900000 23.671000 3229.967600
109.920000 24.141000 3230.104000
109.940000 24.612000 3231.872800
109.950000 25.083000 3237.853200
109.970000 25.554000 3242.759400
109.990000 26.024000 3235.276380
110.010000 26.495000 3235.816670
110.030000 26.966000 3237.113000
110.060000 27.437000 3231.276400
110.080000 27.907000 3227.109300
110.100000 28.378000 3236.309600
110.120000 28.849000 3236.636800
110.150000 29.320000 3241.016200
110.170000 29.790000 3238.970600
110.200000 30.261000 3237.601200
110.220000 30.732000 3237.149400
110.250000 31.203000 3242.405800
110.270000 31.673000 3237.972300
110.300000 32.144000 3236.415820
110.330000 32.615000 3245.655800
110.360000 33.085000 3246.808700
110.380000 33.556000 3243.123900
110.410000 34.027000 3244.465000
110.440000 34.498000 3244.347000
110.480000 34.968000 3250.765000
110.510000 35.439000 3249.428000
110.540000 35.910000 3245.828000
110.570000 36.381000 3255.738000
110.610000 36.851000 3252.561000
110.640000 37.322000 3249.628300
110.680000 37.793000 3246.327100
110.720000 38.264000 3239.302100
110.750000 38.734000 3238.324110
110.790000 39.205000 3241.237850
110.830000 39.676000 3236.715800
110.870000 40.147000 3239.570300
110.910000 40.617000 3239.289600
110.950000 41.088000 3239.788400
111.000000 41.559000 3241.175800
111.040000 42.030000 3246.042100
110.340000 21.788000 3224.441300
110.360000 22.259000 3223.830000
110.370000 22.729000 3233.147600
110.390000 23.200000 3227.440200
110.410000 23.671000 3227.270500
110.430000 24.141000 3232.639000
110.450000 24.612000 3231.006400
110.470000 25.083000 3238.576700
110.490000 25.554000 3238.492730
110.520000 26.024000 3235.350990
110.540000 26.495000 3234.663370
110.560000 26.966000 3234.889120
110.590000 27.437000 3233.140800
110.610000 27.907000 3229.904400
110.630000 28.378000 3229.631900
110.660000 28.849000 3235.703300
110.690000 29.320000 3236.987500
110.710000 29.790000 3237.725800
110.740000 30.261000 3233.971800
110.770000 30.732000 3236.573603
110.800000 31.203000 3241.680100
110.820000 31.673000 3232.824700
110.850000 32.144000 3234.901940
110.890000 32.615000 3240.277000
110.920000 33.085000 3241.314600
110.950000 33.556000 3242.892400
110.980000 34.027000 3242.685400
111.010000 34.498000 3240.026800
111.050000 34.968000 3240.980000
111.080000 35.439000 3240.265200
111.120000 35.910000 3241.175200
111.160000 36.381000 3249.017200
111.190000 36.851000 3244.772400
111.230000 37.322000 3243.272600
111.270000 37.793000 3244.610500
111.310000 38.264000 3242.952200
111.350000 38.734000 3239.948500
111.400000 39.205000 3236.001400
111.440000 39.676000 3237.748800
111.490000 40.147000 3237.199100
111.530000 40.617000 3235.947800
111.580000 41.088000 3239.567700
111.620000 41.559000 3241.738400
111.670000 42.030000 3252.253500
110.840000 21.788000 3228.565200
110.860000 22.259000 3227.330800
110.880000 22.729000 3230.154700
110.900000 23.200000 3227.762900
110.930000 23.671000 3227.691300
110.950000 24.141000 3228.679300
110.970000 24.612000 3230.663400
110.990000 25.083000 3233.235700
111.020000 25.554000 3238.053900
111.040000 26.024000 3242.922400
111.060000 26.495000 3236.460000
111.090000 26.966000 3236.960600
111.110000 27.437000 3239.721300
111.140000 27.907000 3235.271710
111.170000 28.378000 3236.869500
111.200000 28.849000 3235.604600
111.220000 29.320000 3230.044500
111.250000 29.790000 3234.030740
111.280000 30.261000 3235.256400
111.310000 30.732000 3235.836270
111.340000 31.203000 3233.802020
111.380000 31.673000 3233.062000
111.410000 32.144000 3237.612100
111.440000 32.615000 3237.880500
111.480000 33.085000 3239.705000
111.510000 33.556000 3243.320800
111.550000 34.027000 3242.435700
111.580000 34.498000 3237.182700
111.620000 34.968000 3235.079380
111.660000 35.439000 3234.589579
111.700000 35.910000 3238.247610
111.740000 36.381000 3240.941090
111.780000 36.851000 3236.809000
111.820000 37.322000 3240.288900
111.870000 37.793000 3241.650800
111.910000 38.264000 3239.886900
111.960000 38.734000 3235.721800
112.000000 39.205000 3235.439570
112.050000 39.676000 3236.933500
112.100000 40.147000 3237.994340
112.150000 40.617000 3234.715320
112.200000 41.088000 3235.252100
112.250000 41.559000 3238.237700
112.310000 42.030000 3242.357000
111.350000 21.788000 3225.740000
111.370000 22.259000 3227.683300
111.390000 22.729000 3230.971000
111.420000 23.200000 3228.308200
111.440000 23.671000 3230.419900
111.460000 24.141000 3231.288200
111.490000 24.612000 3230.894000
111.510000 25.083000 3232.049700
111.540000 25.554000 3231.356000
111.560000 26.024000 3235.417650
111.590000 26.495000 3235.815700
111.620000 26.966000 3236.669800
111.640000 27.437000 3238.452400
111.670000 27.907000 3236.903900
111.700000 28.378000 3235.555000
111.730000 28.849000 3233.015400
111.760000 29.320000 3233.819810
111.790000 29.790000 3236.730600
111.830000 30.261000 3237.395300
111.860000 30.732000 3236.272000
111.890000 31.203000 3238.983300
111.930000 31.673000 3240.463400
111.960000 32.144000 3241.784100
112.000000 32.615000 3235.830000
112.040000 33.085000 3236.814900
112.080000 33.556000 3242.968300
112.110000 34.027000 3239.294300
112.150000 34.498000 3234.976520
112.200000 34.968000 3232.433500
112.240000 35.439000 3233.695540
112.280000 35.910000 3232.043100
112.320000 36.381000 3232.891900
112.370000 36.851000 3232.194900
112.420000 37.322000 3231.638100
112.460000 37.793000 3232.203400
112.510000 38.264000 3232.269800
112.560000 38.734000 3234.035200
112.610000 39.205000 3233.289600
112.660000 39.676000 3232.639100
112.710000 40.147000 3232.810900
112.770000 40.617000 3233.470070
112.820000 41.088000 3234.897950
112.880000 41.559000 3236.771600
112.940000 42.030000 3236.318800
111.860000 21.788000 3227.152100
111.880000 22.259000 3227.997700
111.900000 22.729000 3229.210300
111.930000 23.200000 3229.240000
111.950000 23.671000 3231.843300
111.980000 24.141000 3231.411900
112.000000 24.612000 3229.608600
112.030000 25.083000 3229.943300
112.060000 25.554000 3232.346900
112.080000 26.024000 3234.409390
112.110000 26.495000 3232.289700
112.140000 26.966000 3233.572010
112.170000 27.437000 3234.120847
112.200000 27.907000 3235.375700
112.240000 28.378000 3234.548040
112.270000 28.849000 3232.935600
112.300000 29.320000 3235.878000
112.340000 29.790000 3243.030200
112.370000 30.261000 3240.128000
112.410000 30.732000 3240.393900
112.440000 31.203000 3240.209400
112.480000 31.673000 3247.170000
112.520000 32.144000 3242.982900
112.560000 32.615000 3237.100200
112.600000 33.085000 3234.650220
112.640000 33.556000 3235.560100
112.680000 34.027000 3235.139240
112.720000 34.498000 3233.568010
112.770000 34.968000 3233.568480
112.810000 35.439000 3231.217700
112.860000 35.910000 3227.693500
112.910000 36.381000 3232.919000
112.960000 36.851000 3231.533500
113.010000 37.322000 3228.306200
113.060000 37.793000 3230.956600
113.110000 38.264000 3234.424300
113.160000 38.734000 3235.360320
113.220000 39.205000 3232.018600
113.270000 39.676000 3229.942300
113.330000 40.147000 3229.645500
113.390000 40.617000 3232.558700
113.450000 41.088000 3235.483700
113.510000 41.559000 3237.535100
113.570000 42.030000 3245.211500
112.360000 21.788000 3221.797000
112.390000 22.259000 3226.769300
112.410000 22.729000 3227.613300
112.440000 23.200000 3225.903900
112.460000 23.671000 3233.045100
112.490000 24.141000 3234.325530
112.520000 24.612000 3227.656800
112.550000 25.083000 3228.961000
112.580000 25.554000 3231.552100
112.610000 26.024000 3234.543750
112.640000 26.495000 3229.432800
112.670000 26.966000 3228.356300
112.700000 27.437000 3231.470300
112.740000 27.907000 3233.045300
112.770000 28.378000 3232.979100
112.800000 28.849000 3234.230722
112.840000 29.320000 3238.155400
112.880000 29.790000 3240.334500
112.910000 30.261000 3238.401200
112.950000 30.732000 3236.969500
112.990000 31.203000 3236.304800
113.030000 31.673000 3244.364000
113.070000 32.144000 3253.459000
113.120000 32.615000 3242.484300
113.160000 33.085000 3236.134900
113.200000 33.556000 3234.669740
113.250000 34.027000 3236.271375
113.290000 34.498000 3235.055400
113.340000 34.968000 3236.741400
113.390000 35.439000 3232.873700
113.440000 35.910000 3229.401700
113.490000 36.381000 3229.016100
113.540000 36.851000 3228.523900
113.600000 37.322000 3229.592000
113.650000 37.793000 3230.813200
113.710000 38.264000 3232.712300
113.760000 38.734000 3232.962200
113.820000 39.205000 3232.825000
113.880000 39.676000 3229.499400
113.940000 40.147000 3230.359000
114.010000 40.617000 3231.920300
114.070000 41.088000 3236.332200
114.140000 41.559000 3240.136700
114.200000 42.030000 3253.130200
112.870000 21.788000 3222.128000
112.890000 22.259000 3224.882400
112.920000 22.729000 3225.874200
112.950000 23.200000 3223.591000
112.980000 23.671000 3228.240000
113.010000 24.141000 3230.615100
113.040000 24.612000 3231.929000
113.070000 25.083000 3227.926900
113.100000 25.554000 3227.684100
113.130000 26.024000 3223.627000
113.160000 26.495000 3228.598400
113.200000 26.966000 3230.580300
113.230000 27.437000 3235.177840
113.270000 27.907000 3235.797000
113.300000 28.378000 3237.851000
113.340000 28.849000 3235.736700
113.380000 29.320000 3240.049500
113.420000 29.790000 3237.584900
113.460000 30.261000 3235.702700
113.500000 30.732000 3235.405060
113.540000 31.203000 3237.440300
113.580000 31.673000 3243.327900
113.630000 32.144000 3249.807000
113.670000 32.615000 3242.404300
113.720000 33.085000 3241.154100
113.770000 33.556000 3239.585400
113.820000 34.027000 3238.244500
113.860000 34.498000 3237.646300
113.920000 34.968000 3239.740100
113.970000 35.439000 3235.961400
114.020000 35.910000 3234.970700
114.070000 36.381000 3231.240000
114.130000 36.851000 3230.559100
114.190000 37.322000 3231.344400
114.250000 37.793000 3232.875400
114.310000 38.264000 3232.202700
114.370000 38.734000 3231.810800
114.430000 39.205000 3232.322300
114.490000 39.676000 3230.869000
114.560000 40.147000 3231.042600
114.620000 40.617000 3232.001000
114.690000 41.088000 3236.826800
114.760000 41.559000 3238.534000
114.840000 42.030000 3240.817700
113.370000 21.788000 3222.056000
113.400000 22.259000 3222.606000
113.430000 22.729000 3226.862200
113.460000 23.200000 3226.192500
113.490000 23.671000 3229.540800
113.520000 24.141000 3229.937700
113.550000 24.612000 3232.146000
113.590000 25.083000 3223.854000
113.620000 25.554000 3224.583500
113.650000 26.024000 3224.900500
113.690000 26.495000 3229.779700
113.720000 26.966000 3232.524700
113.760000 27.437000 3234.270910
113.800000 27.907000 3233.529420
113.840000 28.378000 3234.703400
113.880000 28.849000 3240.895800
113.920000 29.320000 3245.388000
113.960000 29.790000 3240.019800
114.000000 30.261000 3236.417370
114.050000 30.732000 3231.737400
114.090000 31.203000 3240.137480
114.140000 31.673000 3249.666000
114.180000 32.144000 3240.526400
114.230000 32.615000 3238.046700
114.280000 33.085000 3239.147200
114.330000 33.556000 3238.791200
114.380000 34.027000 3237.167700
114.440000 34.498000 3238.105000
114.490000 34.968000 3238.428500
114.540000 35.439000 3237.811700
114.600000 35.910000 3235.784600
114.660000 36.381000 3234.210880
114.720000 36.851000 3235.843600
114.780000 37.322000 3234.930730
114.840000 37.793000 3235.553000
114.900000 38.264000 3230.775700
114.970000 38.734000 3228.172800
115.030000 39.205000 3231.121700
115.100000 39.676000 3228.354900
115.170000 40.147000 3231.042800
115.240000 40.617000 3232.983700
115.320000 41.088000 3238.193800
115.390000 41.559000 3238.367700
115.470000 42.030000 3243.422900
113.880000 21.788000 3212.115000
113.910000 22.259000 3223.169000
113.940000 22.729000 3228.497300
113.970000 23.200000 3231.168500
114.000000 23.671000 3230.843100
114.040000 24.141000 3231.940100
114.070000 24.612000 3237.330100
114.100000 25.083000 3228.684400
114.140000 25.554000 3230.742200
114.180000 26.024000 3235.003840
114.210000 26.495000 3229.277800
114.250000 26.966000 3229.524600
114.290000 27.437000 3233.872950
114.330000 27.907000 3233.733330
114.370000 28.378000 3235.053750
114.410000 28.849000 3240.200400
114.460000 29.320000 3238.686200
114.500000 29.790000 3237.464600
114.550000 30.261000 3233.034000
114.590000 30.732000 3232.525500
114.640000 31.203000 3238.043000
114.690000 31.673000 3242.532100
114.740000 32.144000 3237.834900
114.790000 32.615000 3237.514100
114.840000 33.085000 3237.404500
114.890000 33.556000 3238.767100
114.950000 34.027000 3236.280200
115.010000 34.498000 3236.991400
115.060000 34.968000 3239.369800
115.120000 35.439000 3236.138380
115.180000 35.910000 3234.825710
115.240000 36.381000 3236.887200
115.300000 36.851000 3236.766900
115.370000 37.322000 3234.790060
115.430000 37.793000 3234.011440
115.500000 38.264000 3232.658500
115.570000 38.734000 3232.308400
115.640000 39.205000 3228.031500
115.710000 39.676000 3218.689000
115.790000 40.147000 3227.378000
115.860000 40.617000 3232.094100
115.940000 41.088000 3236.299340
116.020000 41.559000 3237.514050
116.100000 42.030000 3248.748900
114.390000 21.788000 3216.648000
114.420000 22.259000 3220.654000
114.450000 22.729000 3229.535300
114.480000 23.200000 3230.958200
114.520000 23.671000 3230.121700
114.550000 24.141000 3230.313900
114.590000 24.612000 3232.026000
114.620000 25.083000 3229.906600
114.660000 25.554000 3226.942400
114.700000 26.024000 3228.149100
114.740000 26.495000 3226.446000
114.780000 26.966000 3224.057000
114.820000 27.437000 3229.725000
114.860000 27.907000 3233.913400
114.910000 28.378000 3235.749400
114.950000 28.849000 3240.103000
115.000000 29.320000 3235.910400
115.040000 29.790000 3235.331700
115.090000 30.261000 3235.339300
115.140000 30.732000 3241.442300
115.190000 31.203000 3240.654900
115.240000 31.673000 3235.048740
115.290000 32.144000 3234.825620
115.350000 32.615000 3238.025700
115.400000 33.085000 3236.855500
115.460000 33.556000 3236.936200
115.520000 34.027000 3234.929380
115.580000 34.498000 3236.726000
115.640000 34.968000 3238.653500
115.700000 35.439000 3233.527700
115.760000 35.910000 3233.453700
115.830000 36.381000 3234.710300
115.890000 36.851000 3234.512300
115.960000 37.322000 3227.536700
116.030000 37.793000 3229.052900
116.100000 38.264000 3230.483300
116.170000 38.734000 3232.287100
116.250000 39.205000 3232.374700
116.320000 39.676000 3220.432000
116.400000 40.147000 3229.706800
116.480000 40.617000 3233.889100
116.560000 41.088000 3235.046510
116.650000 41.559000 3238.629800
116.730000 42.030000 3240.238600
114.890000 21.788000 3216.420000
114.920000 22.259000 3217.159000
114.960000 22.729000 3233.390000
114.990000 23.200000 3230.274800
115.030000 23.671000 3230.957500
115.070000 24.141000 3230.926600
115.100000 24.612000 3232.461300
115.140000 25.083000 3229.990800
115.180000 25.554000 3227.489500
115.220000 26.024000 3228.125800
115.260000 26.495000 3230.348100
115.310000 26.966000 3230.008700
115.350000 27.437000 3229.752500
115.390000 27.907000 3230.943800
115.440000 28.378000 3230.158600
115.490000 28.849000 3232.437600
115.530000 29.320000 3234.446670
115.580000 29.790000 3233.913450
115.630000 30.261000 3236.840100
115.690000 30.732000 3254.932000
115.740000 31.203000 3243.001800
115.790000 31.673000 3233.799950
115.850000 32.144000 3233.468530
115.900000 32.615000 3236.344400
115.960000 33.085000 3236.659100
116.020000 33.556000 3237.687100
116.080000 34.027000 3237.085100
116.150000 34.498000 3235.759300
116.210000 34.968000 3234.308711
116.270000 35.439000 3231.728400
116.340000 35.910000 3231.558300
116.410000 36.381000 3232.187000
116.480000 36.851000 3229.105300
116.550000 37.322000 3225.496500
116.620000 37.793000 3227.363500
116.700000 38.264000 3228.587900
116.780000 38.734000 3228.010000
116.850000 39.205000 3233.231770
116.930000 39.676000 3228.492900
117.020000 40.147000 3229.346400
117.100000 40.617000 3229.956100
117.190000 41.088000 3227.431000
117.280000 41.559000 3239.474900
117.370000 42.030000 3239.825800
115.400000 21.788000 3211.646000
115.430000 22.259000 3210.965000
115.470000 22.729000 3228.685000
115.500000 23.200000 3227.555600
115.540000 23.671000 3229.313100
115.580000 24.141000 3229.051700
115.620000 24.612000 3230.160900
115.660000 25.083000 3232.278100
115.700000 25.554000 3230.300500
115.740000 26.024000 3230.261500
115.790000 26.495000 3236.132300
115.830000 26.966000 3238.728800
115.880000 27.437000 3232.500900
115.930000 27.907000 3230.692100
115.970000 28.378000 3230.207800
116.020000 28.849000 3228.615100
116.070000 29.320000 3232.106400
116.130000 29.790000 3232.922800
116.180000 30.261000 3234.309290
116.230000 30.732000 3245.859100
116.290000 31.203000 3241.801500
116.340000 31.673000 3235.646400
116.400000 32.144000 3233.718230
116.460000 32.615000 3235.680500
116.520000 33.085000 3236.664900
116.590000 33.556000 3236.330700
116.650000 34.027000 3236.335600
116.720000 34.498000 3237.122600
116.780000 34.968000 3234.817280
116.850000 35.439000 3232.206000
116.920000 35.910000 3230.688600
116.990000 36.381000 3232.803600
117.070000 36.851000 3232.297300
117.140000 37.322000 3229.096900
117.220000 37.793000 3228.401000
117.300000 38.264000 3221.907000
117.380000 38.734000 3227.471800
117.460000 39.205000 3229.233600
117.540000 39.676000 3223.450000
117.630000 40.147000 3228.043000
117.720000 40.617000 3221.319000
117.810000 41.088000 3220.182000
117.900000 41.559000 3234.935420
118.000000 42.030000 3234.063430
115.900000 21.788000 3205.990000
115.940000 22.259000 3211.528000
115.980000 22.729000 3224.568000
116.020000 23.200000 3226.005000
116.050000 23.671000 3229.513900
116.100000 24.141000 3227.096000
116.140000 24.612000 3227.593200
116.180000 25.083000 3230.534800
116.220000 25.554000 3230.443100
116.270000 26.024000 3230.947400
116.310000 26.495000 3235.068700
116.360000 26.966000 3234.582390
116.410000 27.437000 3233.738210
116.460000 27.907000 3233.013000
116.510000 28.378000 3230.337500
116.560000 28.849000 3224.915800
116.610000 29.320000 3231.712000
116.670000 29.790000 3231.898100
116.720000 30.261000 3226.403300
116.780000 30.732000 3232.990700
116.840000 31.203000 3235.665600
116.900000 31.673000 3235.120040
116.960000 32.144000 3233.075100
117.020000 32.615000 3232.379000
117.080000 33.085000 3232.109100
117.150000 33.556000 3236.289400
117.220000 34.027000 3236.178000
117.290000 34.498000 3232.427200
117.360000 34.968000 3230.528700
117.430000 35.439000 3230.309000
117.500000 35.910000 3229.329000
117.580000 36.381000 3228.567500
117.650000 36.851000 3229.334700
117.730000 37.322000 3230.303800
117.810000 37.793000 3226.084300
117.890000 38.264000 3217.331000
117.980000 38.734000 3214.209000
118.070000 39.205000 3215.925000
118.150000 39.676000 3218.649000
118.250000 40.147000 3216.129000
118.340000 40.617000 3224.181000
118.430000 41.088000 3224.670900
118.530000 41.559000 3232.976100
118.630000 42.030000 3225.700000
116.410000 21.788000 3203.581000
116.450000 22.259000 3210.153000
116.490000 22.729000 3214.646000
116.530000 23.200000 3222.605000
116.570000 23.671000 3228.046300
116.610000 24.141000 3227.307100
116.650000 24.612000 3228.013400
116.700000 25.083000 3228.644600
116.740000 25.554000 3227.638400
116.790000 26.024000 3230.426300
116.840000 26.495000 3231.196500
116.890000 26.966000 3228.636500
116.940000 27.437000 3231.186500
116.990000 27.907000 3230.979700
117.040000 28.378000 3229.266900
117.100000 28.849000 3227.681100
117.150000 29.320000 3231.184000
117.210000 29.790000 3230.915400
117.270000 30.261000 3229.214200
117.330000 30.732000 3226.930600
117.390000 31.203000 3229.102800
117.450000 31.673000 3234.038930
117.510000 32.144000 3234.188827
117.580000 32.615000 3230.372800
117.640000 33.085000 3226.991700
117.710000 33.556000 3230.924500
117.780000 34.027000 3229.294500
117.860000 34.498000 3223.901000
117.930000 34.968000 3223.139000
118.000000 35.439000 3222.565000
118.080000 35.910000 3221.822000
118.160000 36.381000 3222.998000
118.240000 36.851000 3223.860000
118.320000 37.322000 3224.056000
118.410000 37.793000 3219.233000
118.490000 38.264000 3209.057000
118.580000 38.734000 3200.116000
118.670000 39.205000 3209.004000
118.770000 39.676000 3216.465000
118.860000 40.147000 3218.372000
118.960000 40.617000 3225.287000
119.060000 41.088000 3222.624000
119.160000 41.559000 3228.354000
119.260000 42.030000 3225.510000
116.920000 21.788000 3195.538000
116.960000 22.259000 3203.190000
117.000000 22.729000 3204.427000
117.040000 23.200000 3212.760000
117.080000 23.671000 3225.335400
117.120000 24.141000 3226.659100
117.170000 24.612000 3229.405600
117.220000 25.083000 3226.576000
117.260000 25.554000 3226.298400
117.310000 26.024000 3229.125100
117.360000 26.495000 3230.205200
117.410000 26.966000 3225.321800
117.470000 27.437000 3226.965400
117.520000 27.907000 3228.363600
117.580000 28.378000 3227.256500
117.630000 28.849000 3231.415600
117.690000 29.320000 3232.311700
117.750000 29.790000 3228.867800
117.810000 30.261000 3230.723000
117.870000 30.732000 3227.101500
117.940000 31.203000 3226.924400
118.000000 31.673000 3224.972800
118.070000 32.144000 3229.470700
118.140000 32.615000 3219.271000
118.210000 33.085000 3225.392300
118.280000 33.556000 3226.659100
118.350000 34.027000 3221.778000
118.430000 34.498000 3223.597000
118.500000 34.968000 3223.778000
118.580000 35.439000 3223.861000
118.660000 35.910000 3224.332900
118.740000 36.381000 3221.114000
118.830000 36.851000 3215.281000
118.910000 37.322000 3213.230000
119.000000 37.793000 3210.504000
119.090000 38.264000 3203.099000
119.180000 38.734000 3191.868000
119.280000 39.205000 3203.108000
119.380000 39.676000 3217.063000
119.470000 40.147000 3216.745000
119.580000 40.617000 3220.825000
119.680000 41.088000 3214.982000
119.790000 41.559000 3218.367000
119.900000 42.030000 3228.419600
117.420000 21.788000 3193.556000
117.460000 22.259000 3196.528000
117.510000 22.729000 3200.606000
117.550000 23.200000 3211.903000
117.590000 23.671000 3225.377000
117.640000 24.141000 3225.841600
117.690000 24.612000 3228.491700
117.740000 25.083000 3227.989800
117.780000 25.554000 3226.447000
117.840000 26.024000 3227.881500
117.890000 26.495000 3225.723800
117.940000 26.966000 3222.525000
118.000000 27.437000 3221.311000
118.050000 27.907000 3227.412500
118.110000 28.378000 3224.172000
118.170000 28.849000 3230.110800
118.230000 29.320000 3229.366800
118.290000 29.790000 3227.841500
118.350000 30.261000 3234.751310
118.420000 30.732000 3225.282300
118.480000 31.203000 3222.670000
118.550000 31.673000 3222.550000
118.620000 32.144000 3218.719000
118.690000 32.615000 3221.390000
118.770000 33.085000 3225.397100
118.840000 33.556000 3224.422700
118.920000 34.027000 3219.671000
119.000000 34.498000 3223.357000
119.080000 34.968000 3223.825000
119.160000 35.439000 3226.781100
119.240000 35.910000 3223.731000
119.330000 36.381000 3220.737000
119.410000 36.851000 3212.810000
119.500000 37.322000 3202.921000
119.600000 37.793000 3208.037000
119.690000 38.264000 3212.912000
119.790000 38.734000 3194.047000
119.880000 39.205000 3196.405000
119.990000 39.676000 3207.731000
120.090000 40.147000 3215.181000
120.190000 40.617000 3222.860000
120.300000 41.088000 3224.960000
120.410000 41.559000 3219.108000
120.530000 42.030000 3225.514000
117.930000 21.788000 3193.528000
117.970000 22.259000 3197.834000
118.010000 22.729000 3188.047000
118.060000 23.200000 3195.124000
118.110000 23.671000 3194.985000
118.150000 24.141000 3207.798000
118.200000 24.612000 3217.437000
118.250000 25.083000 3221.390000
118.310000 25.554000 3225.119100
118.360000 26.024000 3225.828900
118.410000 26.495000 3226.097000
118.470000 26.966000 3223.770000
118.530000 27.437000 3226.769600
118.580000 27.907000 3230.179700
118.640000 28.378000 3228.020600
118.700000 28.849000 3222.818000
118.770000 29.320000 3228.919800
118.830000 29.790000 3233.727300
118.900000 30.261000 3237.233000
118.970000 30.732000 3225.168700
119.030000 31.203000 3223.835000
119.100000 31.673000 3219.702000
119.180000 32.144000 3218.606000
119.250000 32.615000 3224.822600
119.330000 33.085000 3224.404900
119.400000 33.556000 3220.932000
119.480000 34.027000 3217.304000
119.570000 34.498000 3219.187000
119.650000 34.968000 3222.766000
119.730000 35.439000 3225.726600
119.820000 35.910000 3225.310500
119.910000 36.381000 3216.977000
120.000000 36.851000 3208.545000
120.090000 37.322000 3202.290000
120.190000 37.793000 3222.938000
120.290000 38.264000 3221.094000
120.390000 38.734000 3195.247000
120.490000 39.205000 3191.312000
120.600000 39.676000 3201.203000
120.700000 40.147000 3206.316000
120.810000 40.617000 3203.275000
120.930000 41.088000 3217.452000
121.040000 41.559000 3211.858000
121.160000 42.030000 3210.208000
118.430000 21.788000 3196.963000
118.480000 22.259000 3203.433000
118.520000 22.729000 3187.261000
118.570000 23.200000 3197.160000
118.620000 23.671000 3196.186000
118.670000 24.141000 3189.806000
118.720000 24.612000 3194.931000
118.770000 25.083000 3218.749000
118.830000 25.554000 3218.383000
118.880000 26.024000 3223.758000
118.940000 26.495000 3224.801400
119.000000 26.966000 3223.300000
119.050000 27.437000 3224.025000
119.120000 27.907000 3229.750000
119.180000 28.378000 3227.803600
119.240000 28.849000 3227.595800
119.310000 29.320000 3223.201000
119.370000 29.790000 3230.742000
119.440000 30.261000 3229.961900
119.510000 30.732000 3223.939000
119.580000 31.203000 3221.130000
119.660000 31.673000 3216.263000
119.730000 32.144000 3228.117400
119.810000 32.615000 3221.000000
119.890000 33.085000 3218.252000
119.970000 33.556000 3212.925000
120.050000 34.027000 3207.055000
120.140000 34.498000 3209.132000
120.220000 34.968000 3214.280000
120.310000 35.439000 3216.475000
120.400000 35.910000 3218.536000
120.490000 36.381000 3208.944000
120.590000 36.851000 3202.833000
120.690000 37.322000 3210.842000
120.780000 37.793000 3224.895000
120.890000 38.264000 3229.310000
120.990000 38.734000 3203.304000
121.100000 39.205000 3191.936000
121.210000 39.676000 3202.592000
121.320000 40.147000 3209.799000
121.430000 40.617000 3193.535000
121.550000 41.088000 3213.568000
121.670000 41.559000 3214.460000
121.790000 42.030000 3219.592000
118.940000 21.788000 3192.053000
118.990000 22.259000 3194.824000
119.030000 22.729000 3190.531000
119.080000 23.200000 3190.405000
119.130000 23.671000 3200.759000
119.180000 24.141000 3201.069000
119.240000 24.612000 3202.418000
119.290000 25.083000 3213.396000
119.350000 25.554000 3215.864000
119.400000 26.024000 3221.012000
119.460000 26.495000 3224.449200
119.520000 26.966000 3220.922000
119.580000 27.437000 3221.930000
119.650000 27.907000 3225.372000
119.710000 28.378000 3225.706600
119.780000 28.849000 3229.243000
119.850000 29.320000 3223.586000
119.910000 29.790000 3220.960000
119.990000 30.261000 3220.377000
120.060000 30.732000 3225.130800
120.130000 31.203000 3223.077000
120.210000 31.673000 3229.933900
120.290000 32.144000 3220.039000
120.370000 32.615000 3210.565000
120.450000 33.085000 3207.844000
120.530000 33.556000 3208.725000
120.620000 34.027000 3197.319000
120.710000 34.498000 3189.268000
120.790000 34.968000 3191.985000
120.890000 35.439000 3199.091000
120.980000 35.910000 3209.454000
121.080000 36.381000 3205.846000
121.180000 36.851000 3204.109000
121.280000 37.322000 3212.651000
121.380000 37.793000 3224.631000
121.480000 38.264000 3222.570000
121.590000 38.734000 3194.001000
121.700000 39.205000 3196.312000
121.820000 39.676000 3208.518000
121.930000 40.147000 3214.406000
119.450000 21.788000 3188.676000
119.490000 22.259000 3188.831000
119.540000 22.729000 3191.840000
119.590000 23.200000 3188.230000
119.650000 23.671000 3192.815000
119.700000 24.141000 3191.714000
119.750000 24.612000 3193.184000
119.810000 25.083000 3201.187000
119.870000 25.554000 3210.743000
119.930000 26.024000 3197.667000
119.990000 26.495000 3213.353000
120.050000 26.966000 3224.890100
120.110000 27.437000 3225.405800
120.180000 27.907000 3225.667000
120.250000 28.378000 3225.403200
120.310000 28.849000 3222.555000
120.380000 29.320000 3220.020000
120.460000 29.790000 3222.652000
120.530000 30.261000 3223.179000
120.600000 30.732000 3223.864000
120.680000 31.203000 3224.637100
120.760000 31.673000 3218.831000
120.840000 32.144000 3210.060000
120.920000 32.615000 3202.312000
121.010000 33.085000 3210.685000
121.100000 33.556000 3213.941000
121.180000 34.027000 3213.285000
121.280000 34.498000 3203.641000
121.370000 34.968000 3197.799000
121.460000 35.439000 3193.250000
121.560000 35.910000 3196.940000
121.660000 36.381000 3200.377000
121.760000 36.851000 3204.399000
121.870000 37.322000 3212.152000
121.970000 37.793000 3223.528000
119.950000 21.788000 3202.393000
120.000000 22.259000 3201.867000
120.050000 22.729000 3222.321000
120.100000 23.200000 3224.969000
120.160000 23.671000 3202.390000
120.210000 24.141000 3199.014000
120.270000 24.612000 3204.965000
120.330000 25.083000 3192.965000
120.390000 25.554000 3188.213000
120.450000 26.024000 3196.308000
120.510000 26.495000 3204.894000
120.580000 26.966000 3220.133000
120.640000 27.437000 3219.960000
120.710000 27.907000 3223.179000
120.780000 28.378000 3223.832000
120.850000 28.849000 3221.435000
120.920000 29.320000 3219.948000
121.000000 29.790000 3223.462000
121.070000 30.261000 3215.591000
121.150000 30.732000 3201.716000
121.230000 31.203000 3208.922000
121.310000 31.673000 3212.348000
121.400000 32.144000 3205.908000
121.480000 32.615000 3204.433000
121.570000 33.085000 3223.573000
121.660000 33.556000 3203.024000
121.750000 34.027000 3217.899000
121.850000 34.498000 3224.202000
121.940000 34.968000 3219.234000
120.460000 21.788000 3247.459200
120.510000 22.259000 3235.448000
120.560000 22.729000 3227.773000
120.620000 23.200000 3195.348000
120.670000 23.671000 3202.388000
120.730000 24.141000 3219.226000
120.790000 24.612000 3196.553000
120.850000 25.083000 3210.120000
120.910000 25.554000 3194.569000
120.970000 26.024000 3200.805000
121.040000 26.495000 3196.680000
121.100000 26.966000 3205.241000
121.170000 27.437000 3203.932000
121.240000 27.907000 3208.791000
121.310000 28.378000 3218.920000
121.390000 28.849000 3218.131000
121.460000 29.320000 3218.916000
121.540000 29.790000 3216.327000
121.620000 30.261000 3214.338000
121.700000 30.732000 3217.503000
121.780000 31.203000 3214.276000
121.860000 31.673000 3209.453000
121.950000 32.144000 3207.614000
120.960000 21.788000 3231.457000
121.020000 22.259000 3212.113000
121.070000 22.729000 3190.838000
121.130000 23.200000 3184.612000
121.180000 23.671000 3185.183000
121.240000 24.141000 3187.045000
121.300000 24.612000 3190.995000
121.370000 25.083000 3203.105000
121.430000 25.554000 3192.222000
121.500000 26.024000 3192.175000
121.560000 26.495000 3191.122000
121.630000 26.966000 3199.139000
121.700000 27.437000 3193.857000
121.770000 27.907000 3196.163000
121.850000 28.378000 3207.195000
121.920000 28.849000 3203.423000
121.470000 21.788000 3187.961000
121.520000 22.259000 3189.490000
121.580000 22.729000 3191.211000
121.640000 23.200000 3191.446000
121.700000 23.671000 3227.368800
121.760000 24.141000 3232.198600
121.820000 24.612000 3198.266000
121.880000 25.083000 3186.023000
121.950000 25.554000 3190.164000
121.970000 21.788000 3200.758000
