104.770000 21.788000 3227.648200
104.770000 22.259000 3233.041600
104.770000 22.729000 3239.981800
104.770000 23.200000 3257.897000
104.770000 23.671000 3250.062000
104.770000 24.141000 3247.350000
104.770000 24.612000 3254.366000
104.770000 25.083000 3253.257000
104.770000 25.554000 3257.702000
104.770000 26.024000 3255.916000
104.760000 26.495000 3255.674000
104.760000 26.966000 3255.153000
104.760000 27.437000 3265.087000
104.760000 27.907000 3263.581000
104.760000 28.378000 3269.472000
104.760000 28.849000 3266.535000
104.760000 29.320000 3256.176000
104.760000 29.790000 3261.708000
104.760000 30.261000 3263.797000
104.760000 30.732000 3270.258000
104.750000 31.203000 3272.571000
104.750000 31.673000 3280.580000
104.750000 32.144000 3281.670000
104.750000 32.615000 3279.999000
104.750000 33.085000 3280.849000
104.750000 33.556000 3284.503000
104.750000 34.027000 3283.880000
104.740000 34.498000 3283.969000
104.740000 34.968000 3279.112000
104.740000 35.439000 3280.647000
104.740000 35.910000 3278.813000
104.740000 36.381000 3273.526000
104.740000 36.851000 3272.829000
104.740000 37.322000 3273.431000
104.730000 37.793000 3277.154000
104.730000 38.264000 3274.644000
104.730000 38.734000 3271.144000
104.730000 39.205000 3274.888000
104.730000 39.676000 3266.341000
104.720000 40.147000 3258.155000
104.720000 40.617000 3255.156000
104.720000 41.088000 3259.932000
104.720000 41.559000 3265.180000
104.720000 42.030000 3258.738000
105.280000 21.788000 3232.782200
105.280000 22.259000 3235.552680
105.280000 22.729000 3235.774340
105.280000 23.200000 3245.939500
105.280000 23.671000 3252.772000
105.280000 24.141000 3250.695000
105.290000 24.612000 3252.495000
105.290000 25.083000 3260.282000
105.290000 25.554000 3256.953000
105.290000 26.024000 3250.522000
105.290000 26.495000 3249.384000
105.290000 26.966000 3258.332000
105.290000 27.437000 3263.819000
105.290000 27.907000 3262.996000
105.290000 28.378000 3270.695000
105.300000 28.849000 3268.667000
105.300000 29.320000 3261.031000
105.300000 29.790000 3261.728000
105.300000 30.261000 3274.033000
105.300000 30.732000 3277.568000
105.300000 31.203000 3278.274000
105.300000 31.673000 3278.239000
105.310000 32.144000 3279.465000
105.310000 32.615000 3277.566000
105.310000 33.085000 3281.092000
105.310000 33.556000 3282.515000
105.310000 34.027000 3283.701000
105.310000 34.498000 3283.181000
105.320000 34.968000 3278.959000
105.320000 35.439000 3278.972000
105.320000 35.910000 3276.210000
105.320000 36.381000 3272.198000
105.320000 36.851000 3274.609000
105.330000 37.322000 3277.812000
105.330000 37.793000 3275.618000
105.330000 38.264000 3267.229000
105.330000 38.734000 3266.882000
105.330000 39.205000 3273.444000
105.340000 39.676000 3268.836000
105.340000 40.147000 3265.860000
105.340000 40.617000 3262.923000
105.340000 41.088000 3268.327000
105.350000 41.559000 3274.130000
105.350000 42.030000 3261.180000
105.790000 21.788000 3237.563000
105.790000 22.259000 3247.181000
105.790000 22.729000 3246.022700
105.790000 23.200000 3244.969700
105.800000 23.671000 3244.827200
105.800000 24.141000 3243.707900
105.800000 24.612000 3252.595000
105.810000 25.083000 3260.306000
105.810000 25.554000 3246.530000
105.810000 26.024000 3238.046700
105.810000 26.495000 3251.878600
105.820000 26.966000 3255.105000
105.820000 27.437000 3258.771000
105.830000 27.907000 3256.195000
105.830000 28.378000 3254.887000
105.830000 28.849000 3262.047000
105.840000 29.320000 3268.504000
105.840000 29.790000 3269.223000
105.840000 30.261000 3274.007000
105.850000 30.732000 3282.786000
105.850000 31.203000 3269.321000
105.860000 31.673000 3261.998000
105.860000 32.144000 3270.396000
105.870000 32.615000 3266.475000
105.870000 33.085000 3274.014000
105.870000 33.556000 3277.237000
105.880000 34.027000 3278.183000
105.880000 34.498000 3273.885000
105.890000 34.968000 3267.628000
105.890000 35.439000 3260.281000
105.900000 35.910000 3257.711000
105.910000 36.381000 3258.144000
105.910000 36.851000 3260.539000
105.920000 37.322000 3266.191000
105.920000 37.793000 3263.195000
105.930000 38.264000 3261.965000
105.930000 38.734000 3266.502000
105.940000 39.205000 3259.514000
105.950000 39.676000 3263.702000
105.950000 40.147000 3262.885000
105.960000 40.617000 3267.176000
105.970000 41.088000 3265.303000
105.970000 41.559000 3261.314000
105.980000 42.030000 3252.213000
106.290000 21.788000 3236.907600
106.300000 22.259000 3237.564300
106.300000 22.729000 3243.725800
106.300000 23.200000 3246.472900
106.310000 23.671000 3241.091300
106.310000 24.141000 3244.202000
106.320000 24.612000 3249.153000
106.320000 25.083000 3257.004000
106.330000 25.554000 3250.546000
106.330000 26.024000 3244.782800
106.340000 26.495000 3249.797800
106.350000 26.966000 3246.564000
106.350000 27.437000 3254.386000
106.360000 27.907000 3250.208000
106.360000 28.378000 3247.609000
106.370000 28.849000 3257.707000
106.380000 29.320000 3269.534000
106.380000 29.790000 3271.870000
106.390000 30.261000 3277.856000
106.390000 30.732000 3278.392000
106.400000 31.203000 3270.018000
106.410000 31.673000 3270.303000
106.420000 32.144000 3259.677000
106.420000 32.615000 3253.481000
106.430000 33.085000 3261.065000
106.440000 33.556000 3270.539000
106.450000 34.027000 3269.685000
106.450000 34.498000 3263.729000
106.460000 34.968000 3257.130000
106.470000 35.439000 3249.832000
106.480000 35.910000 3245.671000
106.490000 36.381000 3249.774000
106.500000 36.851000 3254.142000
106.510000 37.322000 3263.285000
106.520000 37.793000 3265.190000
106.530000 38.264000 3257.055000
106.540000 38.734000 3252.329000
106.550000 39.205000 3252.527000
106.560000 39.676000 3252.964000
106.570000 40.147000 3259.421000
106.580000 40.617000 3264.587000
106.590000 41.088000 3262.088000
106.600000 41.559000 3255.019000
106.610000 42.030000 3245.572000
106.800000 21.788000 3231.867900
106.800000 22.259000 3233.332000
106.810000 22.729000 3241.269400
106.820000 23.200000 3244.349000
106.820000 23.671000 3239.405600
106.830000 24.141000 3241.930900
106.840000 24.612000 3251.051000
106.840000 25.083000 3256.243000
106.850000 25.554000 3249.212000
106.860000 26.024000 3241.178300
106.860000 26.495000 3238.219300
106.870000 26.966000 3240.795500
106.880000 27.437000 3251.320600
106.890000 27.907000 3248.328100
106.900000 28.378000 3251.073500
106.910000 28.849000 3250.655500
106.910000 29.320000 3257.456000
106.920000 29.790000 3268.917000
106.930000 30.261000 3275.871000
106.940000 30.732000 3281.836000
106.950000 31.203000 3279.564000
106.960000 31.673000 3267.502000
106.970000 32.144000 3254.852000
106.980000 32.615000 3250.859000
106.990000 33.085000 3254.268000
107.000000 33.556000 3263.094000
107.010000 34.027000 3266.890000
107.020000 34.498000 3262.025000
107.040000 34.968000 3252.509000
107.050000 35.439000 3248.902000
107.060000 35.910000 3257.548000
107.070000 36.381000 3248.991000
107.090000 36.851000 3255.648000
107.100000 37.322000 3266.081000
107.110000 37.793000 3264.560000
107.130000 38.264000 3262.062000
107.140000 38.734000 3259.251000
107.150000 39.205000 3250.142000
107.170000 39.676000 3248.911000
107.180000 40.147000 3253.239000
107.200000 40.617000 3262.171000
107.210000 41.088000 3258.098000
107.230000 41.559000 3248.258000
107.250000 42.030000 3243.482200
107.300000 21.788000 3232.410800
107.310000 22.259000 3234.077000
107.320000 22.729000 3239.924600
107.330000 23.200000 3241.638700
107.330000 23.671000 3242.975200
107.340000 24.141000 3249.565000
107.350000 24.612000 3250.820000
107.360000 25.083000 3246.941000
107.370000 25.554000 3246.372000
107.380000 26.024000 3242.952700
107.390000 26.495000 3244.945300
107.400000 26.966000 3249.205900
107.410000 27.437000 3249.130200
107.420000 27.907000 3258.751500
107.430000 28.378000 3254.744100
107.440000 28.849000 3251.809900
107.450000 29.320000 3251.415500
107.460000 29.790000 3253.113000
107.480000 30.261000 3254.238000
107.490000 30.732000 3258.855000
107.500000 31.203000 3265.561000
107.510000 31.673000 3264.775000
107.530000 32.144000 3256.972000
107.540000 32.615000 3256.242000
107.550000 33.085000 3252.974000
107.570000 33.556000 3268.833000
107.580000 34.027000 3259.323000
107.590000 34.498000 3267.591000
107.610000 34.968000 3267.695000
107.620000 35.439000 3264.278000
107.640000 35.910000 3258.370000
107.660000 36.381000 3250.305000
107.670000 36.851000 3255.583500
107.690000 37.322000 3259.190000
107.710000 37.793000 3258.559000
107.720000 38.264000 3260.971000
107.740000 38.734000 3262.730000
107.760000 39.205000 3251.859000
107.780000 39.676000 3248.272600
107.800000 40.147000 3249.785000
107.820000 40.617000 3259.000000
107.840000 41.088000 3252.250000
107.860000 41.559000 3247.656000
107.880000 42.030000 3242.205000
107.810000 21.788000 3229.424500
107.820000 22.259000 3230.485300
107.830000 22.729000 3236.631200
107.840000 23.200000 3239.605500
107.850000 23.671000 3246.744000
107.860000 24.141000 3250.529000
107.870000 24.612000 3247.207000
107.880000 25.083000 3247.841000
107.890000 25.554000 3244.082400
107.900000 26.024000 3247.334000
107.910000 26.495000 3248.585000
107.930000 26.966000 3248.335500
107.940000 27.437000 3242.489400
107.950000 27.907000 3249.478700
107.960000 28.378000 3251.633500
107.980000 28.849000 3249.296800
107.990000 29.320000 3250.999600
108.010000 29.790000 3250.125700
108.020000 30.261000 3244.404500
108.030000 30.732000 3241.301200
108.050000 31.203000 3246.324400
108.060000 31.673000 3255.402700
108.080000 32.144000 3252.713100
108.100000 32.615000 3246.303000
108.110000 33.085000 3250.335000
108.130000 33.556000 3268.392000
108.150000 34.027000 3260.803000
108.160000 34.498000 3273.529000
108.180000 34.968000 3268.738000
108.200000 35.439000 3254.559000
108.220000 35.910000 3243.196400
108.240000 36.381000 3249.133400
108.260000 36.851000 3261.302600
108.280000 37.322000 3252.832600
108.300000 37.793000 3254.839000
108.320000 38.264000 3259.254000
108.340000 38.734000 3261.055000
108.370000 39.205000 3249.935900
108.390000 39.676000 3243.063700
108.410000 40.147000 3244.065100
108.440000 40.617000 3250.021000
108.460000 41.088000 3246.441000
108.490000 41.559000 3245.262000
108.510000 42.030000 3240.402300
108.310000 21.788000 3230.974200
108.330000 22.259000 3227.857300
108.340000 22.729000 3232.820400
108.350000 23.200000 3235.170600
108.360000 23.671000 3249.555000
108.370000 24.141000 3247.235000
108.390000 24.612000 3245.684000
108.400000 25.083000 3249.283000
108.410000 25.554000 3246.093000
108.430000 26.024000 3250.148000
108.440000 26.495000 3242.254100
108.450000 26.966000 3246.914300
108.470000 27.437000 3242.472800
108.480000 27.907000 3238.317920
108.500000 28.378000 3243.212400
108.510000 28.849000 3245.063900
108.530000 29.320000 3260.563600
108.550000 29.790000 3256.290700
108.560000 30.261000 3245.433000
108.580000 30.732000 3236.144880
108.600000 31.203000 3236.959100
108.620000 31.673000 3240.067800
108.640000 32.144000 3241.134200
108.650000 32.615000 3243.725500
108.670000 33.085000 3246.463000
108.690000 33.556000 3249.390000
108.710000 34.027000 3255.167000
108.730000 34.498000 3261.419000
108.760000 34.968000 3261.132000
108.780000 35.439000 3255.431000
108.800000 35.910000 3249.630400
108.820000 36.381000 3256.318300
108.850000 36.851000 3252.359100
108.870000 37.322000 3245.716200
108.900000 37.793000 3253.345000
108.920000 38.264000 3262.722000
108.950000 38.734000 3259.055000
108.970000 39.205000 3255.633900
109.000000 39.676000 3250.395300
109.030000 40.147000 3247.613800
109.050000 40.617000 3245.668000
109.080000 41.088000 3244.336000
109.110000 41.559000 3239.590900
109.140000 42.030000 3240.459300
108.820000 21.788000 3227.888200
108.830000 22.259000 3225.595400
108.850000 22.729000 3230.519300
108.860000 23.200000 3238.462630
108.870000 23.671000 3241.312100
108.890000 24.141000 3244.256200
108.900000 24.612000 3243.004400
108.920000 25.083000 3247.355600
108.930000 25.554000 3249.275900
108.950000 26.024000 3242.891700
108.960000 26.495000 3237.954400
108.980000 26.966000 3248.647090
109.000000 27.437000 3234.043000
109.010000 27.907000 3234.893700
109.030000 28.378000 3240.144370
109.050000 28.849000 3253.170800
109.070000 29.320000 3260.243300
109.090000 29.790000 3252.611400
109.110000 30.261000 3245.242800
109.130000 30.732000 3238.713400
109.150000 31.203000 3238.803700
109.170000 31.673000 3237.423000
109.190000 32.144000 3239.514100
109.210000 32.615000 3243.540100
109.230000 33.085000 3244.882000
109.260000 33.556000 3247.373000
109.280000 34.027000 3247.754000
109.300000 34.498000 3249.849000
109.330000 34.968000 3256.418000
109.350000 35.439000 3263.235000
109.380000 35.910000 3254.574800
109.410000 36.381000 3256.197600
109.430000 36.851000 3257.254300
109.460000 37.322000 3251.084400
109.490000 37.793000 3249.232100
109.520000 38.264000 3247.820500
109.550000 38.734000 3244.971400
109.580000 39.205000 3245.123000
109.610000 39.676000 3249.701100
109.640000 40.147000 3244.371700
109.670000 40.617000 3241.715000
109.710000 41.088000 3243.386900
109.740000 41.559000 3240.672600
109.780000 42.030000 3240.029600
109.330000 21.788000 3226.840000
109.340000 22.259000 3225.816100
109.360000 22.729000 3233.445100
109.370000 23.200000 3237.652730
109.390000 23.671000 3241.331200
109.400000 24.141000 3241.249400
109.420000 24.612000 3239.094000
109.440000 25.083000 3244.594000
109.450000 25.554000 3245.500300
109.470000 26.024000 3242.567000
109.490000 26.495000 3242.633400
109.510000 26.966000 3237.853400
109.530000 27.437000 3232.887500
109.550000 27.907000 3236.805500
109.570000 28.378000 3237.327800
109.590000 28.849000 3240.879630
109.610000 29.320000 3243.683460
109.630000 29.790000 3240.951350
109.650000 30.261000 3234.495010
109.670000 30.732000 3233.817740
109.700000 31.203000 3235.620010
109.720000 31.673000 3236.530550
109.740000 32.144000 3237.022500
109.770000 32.615000 3242.219700
109.800000 33.085000 3248.592100
109.820000 33.556000 3244.764800
109.850000 34.027000 3248.566000
109.870000 34.498000 3246.135000
109.900000 34.968000 3250.851000
109.930000 35.439000 3248.178000
109.960000 35.910000 3242.746200
109.990000 36.381000 3249.263000
110.020000 36.851000 3250.942200
110.050000 37.322000 3250.534200
110.080000 37.793000 3244.696500
110.120000 38.264000 3249.603100
110.150000 38.734000 3240.670800
110.180000 39.205000 3237.279450
110.220000 39.676000 3235.426080
110.260000 40.147000 3238.764600
110.290000 40.617000 3238.267200
110.330000 41.088000 3242.996600
110.370000 41.559000 3241.105000
110.410000 42.030000 3246.854000
109.830000 21.788000 3227.244900
109.850000 22.259000 3228.332500
109.870000 22.729000 3236.434300
109.880000 23.200000 3234.737100
109.900000 23.671000 3238.997100
109.920000 24.141000 3236.407440
109.940000 24.612000 3236.004600
109.950000 25.083000 3240.841100
109.970000 25.554000 3248.400020
109.990000 26.024000 3239.937900
110.010000 26.495000 3236.599200
110.030000 26.966000 3233.393500
110.060000 27.437000 3229.087900
110.080000 27.907000 3228.042000
110.100000 28.378000 3232.366200
110.120000 28.849000 3234.581100
110.150000 29.320000 3240.177200
110.170000 29.790000 3237.681340
110.200000 30.261000 3236.878800
110.220000 30.732000 3233.609780
110.250000 31.203000 3236.826500
110.270000 31.673000 3234.301200
110.300000 32.144000 3234.685470
110.330000 32.615000 3240.746600
110.360000 33.085000 3246.355500
110.380000 33.556000 3242.311500
110.410000 34.027000 3241.384200
110.440000 34.498000 3241.423000
110.480000 34.968000 3246.232000
110.510000 35.439000 3246.302000
110.540000 35.910000 3243.011500
110.570000 36.381000 3252.660200
110.610000 36.851000 3246.132300
110.640000 37.322000 3244.431900
110.680000 37.793000 3241.776400
110.720000 38.264000 3237.060300
110.750000 38.734000 3235.235650
110.790000 39.205000 3234.738890
110.830000 39.676000 3234.723810
110.870000 40.147000 3237.652400
110.910000 40.617000 3237.582600
110.950000 41.088000 3238.815400
111.000000 41.559000 3238.243800
111.040000 42.030000 3241.135300
110.340000 21.788000 3226.676900
110.360000 22.259000 3227.386200
110.370000 22.729000 3237.858600
110.390000 23.200000 3232.598300
110.410000 23.671000 3231.133500
110.430000 24.141000 3240.335000
110.450000 24.612000 3234.714190
110.470000 25.083000 3242.880000
110.490000 25.554000 3246.912400
110.520000 26.024000 3238.323500
110.540000 26.495000 3235.448280
110.560000 26.966000 3234.931430
110.590000 27.437000 3233.949180
110.610000 27.907000 3230.825400
110.630000 28.378000 3230.171700
110.660000 28.849000 3235.786200
110.690000 29.320000 3236.586300
110.710000 29.790000 3239.613700
110.740000 30.261000 3235.061270
110.770000 30.732000 3234.858730
110.800000 31.203000 3242.131600
110.820000 31.673000 3232.174600
110.850000 32.144000 3234.397570
110.890000 32.615000 3241.389200
110.920000 33.085000 3243.022300
110.950000 33.556000 3241.273000
110.980000 34.027000 3241.421100
111.010000 34.498000 3238.467300
111.050000 34.968000 3238.400500
111.080000 35.439000 3238.003500
111.120000 35.910000 3240.993200
111.160000 36.381000 3245.515500
111.190000 36.851000 3243.199300
111.230000 37.322000 3239.372400
111.270000 37.793000 3239.678500
111.310000 38.264000 3239.117000
111.350000 38.734000 3235.588890
111.400000 39.205000 3235.039630
111.440000 39.676000 3235.959200
111.490000 40.147000 3235.007300
111.530000 40.617000 3236.246800
111.580000 41.088000 3236.749700
111.620000 41.559000 3237.630100
111.670000 42.030000 3244.883500
110.840000 21.788000 3230.914600
110.860000 22.259000 3231.874700
110.880000 22.729000 3237.504220
110.900000 23.200000 3229.965000
110.930000 23.671000 3232.567900
110.950000 24.141000 3234.391600
110.970000 24.612000 3237.136700
110.990000 25.083000 3237.782200
111.020000 25.554000 3241.450500
111.040000 26.024000 3246.759000
111.060000 26.495000 3237.236000
111.090000 26.966000 3237.684800
111.110000 27.437000 3240.136900
111.140000 27.907000 3236.397400
111.170000 28.378000 3239.475800
111.200000 28.849000 3236.277600
111.220000 29.320000 3230.552100
111.250000 29.790000 3234.515980
111.280000 30.261000 3236.785300
111.310000 30.732000 3234.427670
111.340000 31.203000 3234.073880
111.380000 31.673000 3233.551100
111.410000 32.144000 3237.996400
111.440000 32.615000 3240.410700
111.480000 33.085000 3241.794700
111.510000 33.556000 3243.654200
111.550000 34.027000 3243.232300
111.580000 34.498000 3236.069000
111.620000 34.968000 3234.970860
111.660000 35.439000 3235.750960
111.700000 35.910000 3239.524810
111.740000 36.381000 3240.146300
111.780000 36.851000 3236.535350
111.820000 37.322000 3238.152200
111.870000 37.793000 3239.204400
111.910000 38.264000 3237.785500
111.960000 38.734000 3235.431800
112.000000 39.205000 3235.897400
112.050000 39.676000 3235.127400
112.100000 40.147000 3233.777300
112.150000 40.617000 3235.486480
112.200000 41.088000 3234.986030
112.250000 41.559000 3237.649600
112.310000 42.030000 3242.349900
111.350000 21.788000 3230.244900
111.370000 22.259000 3234.726300
111.390000 22.729000 3236.934300
111.420000 23.200000 3231.701500
111.440000 23.671000 3233.684670
111.460000 24.141000 3235.407950
111.490000 24.612000 3236.200500
111.510000 25.083000 3237.092700
111.540000 25.554000 3234.929760
111.560000 26.024000 3238.032800
111.590000 26.495000 3236.238900
111.620000 26.966000 3236.733700
111.640000 27.437000 3237.160700
111.670000 27.907000 3236.723600
111.700000 28.378000 3239.398000
111.730000 28.849000 3233.607810
111.760000 29.320000 3233.507490
111.790000 29.790000 3236.893500
111.830000 30.261000 3237.446200
111.860000 30.732000 3236.464800
111.890000 31.203000 3239.903000
111.930000 31.673000 3241.887400
111.960000 32.144000 3243.638900
112.000000 32.615000 3237.471200
112.040000 33.085000 3237.485850
112.080000 33.556000 3245.084000
112.110000 34.027000 3240.272400
112.150000 34.498000 3234.042470
112.200000 34.968000 3233.539900
112.240000 35.439000 3236.089390
112.280000 35.910000 3233.553300
112.320000 36.381000 3235.772200
112.370000 36.851000 3234.278900
112.420000 37.322000 3232.916500
112.460000 37.793000 3232.571800
112.510000 38.264000 3232.769200
112.560000 38.734000 3234.400300
112.610000 39.205000 3233.452300
112.660000 39.676000 3232.322000
112.710000 40.147000 3232.800200
112.770000 40.617000 3233.145100
112.820000 41.088000 3234.447110
112.880000 41.559000 3235.769700
112.940000 42.030000 3235.717500
111.860000 21.788000 3230.221700
111.880000 22.259000 3234.187900
111.900000 22.729000 3235.195500
111.930000 23.200000 3231.424600
111.950000 23.671000 3235.800400
111.980000 24.141000 3234.227786
112.000000 24.612000 3234.188800
112.030000 25.083000 3238.615000
112.060000 25.554000 3236.507800
112.080000 26.024000 3238.707700
112.110000 26.495000 3233.144900
112.140000 26.966000 3234.717630
112.170000 27.437000 3234.693990
112.200000 27.907000 3236.700900
112.240000 28.378000 3234.491390
112.270000 28.849000 3233.027100
112.300000 29.320000 3236.453900
112.340000 29.790000 3243.082400
112.370000 30.261000 3239.913700
112.410000 30.732000 3239.697900
112.440000 31.203000 3240.651100
112.480000 31.673000 3246.056000
112.520000 32.144000 3245.323800
112.560000 32.615000 3240.683700
112.600000 33.085000 3235.700000
112.640000 33.556000 3238.441700
112.680000 34.027000 3235.215100
112.720000 34.498000 3234.096080
112.770000 34.968000 3234.861470
112.810000 35.439000 3231.831600
112.860000 35.910000 3231.724600
112.910000 36.381000 3234.782800
112.960000 36.851000 3235.010500
113.010000 37.322000 3230.617900
113.060000 37.793000 3232.257000
113.110000 38.264000 3234.716300
113.160000 38.734000 3234.698100
113.220000 39.205000 3233.649300
113.270000 39.676000 3230.935000
113.330000 40.147000 3230.461200
113.390000 40.617000 3231.729300
113.450000 41.088000 3234.717860
113.510000 41.559000 3236.963200
113.570000 42.030000 3246.744200
112.360000 21.788000 3224.687000
112.390000 22.259000 3230.320700
112.410000 22.729000 3231.012400
112.440000 23.200000 3229.068100
112.460000 23.671000 3236.590700
112.490000 24.141000 3239.362400
112.520000 24.612000 3229.537000
112.550000 25.083000 3233.176600
112.580000 25.554000 3234.395162
112.610000 26.024000 3239.098800
112.640000 26.495000 3232.339600
112.670000 26.966000 3229.745600
112.700000 27.437000 3232.889800
112.740000 27.907000 3233.910850
112.770000 28.378000 3233.722760
112.800000 28.849000 3235.293500
112.840000 29.320000 3239.447700
112.880000 29.790000 3239.840000
112.910000 30.261000 3237.785100
112.950000 30.732000 3236.144800
112.990000 31.203000 3236.126100
113.030000 31.673000 3243.881400
113.070000 32.144000 3252.526000
113.120000 32.615000 3243.456100
113.160000 33.085000 3237.004400
113.200000 33.556000 3235.304400
113.250000 34.027000 3236.494560
113.290000 34.498000 3236.230660
113.340000 34.968000 3238.052100
113.390000 35.439000 3233.673660
113.440000 35.910000 3236.018000
113.490000 36.381000 3231.492500
113.540000 36.851000 3230.792300
113.600000 37.322000 3230.689100
113.650000 37.793000 3233.626900
113.710000 38.264000 3236.424200
113.760000 38.734000 3233.538400
113.820000 39.205000 3232.219000
113.880000 39.676000 3227.955400
113.940000 40.147000 3230.037000
114.010000 40.617000 3231.722700
114.070000 41.088000 3235.724040
114.140000 41.559000 3242.751500
114.200000 42.030000 3248.402900
112.870000 21.788000 3224.608400
112.890000 22.259000 3229.081200
112.920000 22.729000 3229.104300
112.950000 23.200000 3224.948000
112.980000 23.671000 3230.663800
113.010000 24.141000 3233.951490
113.040000 24.612000 3237.204200
113.070000 25.083000 3232.362100
113.100000 25.554000 3234.284700
113.130000 26.024000 3230.151500
113.160000 26.495000 3235.614900
113.200000 26.966000 3232.499800
113.230000 27.437000 3238.104400
113.270000 27.907000 3238.149100
113.300000 28.378000 3240.167300
113.340000 28.849000 3237.187400
113.380000 29.320000 3240.068400
113.420000 29.790000 3237.319200
113.460000 30.261000 3236.278800
113.500000 30.732000 3234.805200
113.540000 31.203000 3236.572930
113.580000 31.673000 3241.717600
113.630000 32.144000 3247.961000
113.670000 32.615000 3240.762100
113.720000 33.085000 3241.275300
113.770000 33.556000 3239.990300
113.820000 34.027000 3237.839400
113.860000 34.498000 3237.055500
113.920000 34.968000 3238.492900
113.970000 35.439000 3236.768300
114.020000 35.910000 3237.807900
114.070000 36.381000 3232.275100
114.130000 36.851000 3231.630400
114.190000 37.322000 3232.771100
114.250000 37.793000 3239.186700
114.310000 38.264000 3231.000900
114.370000 38.734000 3232.662700
114.430000 39.205000 3231.688700
114.490000 39.676000 3230.657400
114.560000 40.147000 3231.070100
114.620000 40.617000 3230.520100
114.690000 41.088000 3236.246600
114.760000 41.559000 3238.256400
114.840000 42.030000 3239.153100
113.370000 21.788000 3223.886000
113.400000 22.259000 3227.698700
113.430000 22.729000 3229.638900
113.460000 23.200000 3228.387100
113.490000 23.671000 3233.774730
113.520000 24.141000 3232.350500
113.550000 24.612000 3235.145700
113.590000 25.083000 3227.964800
113.620000 25.554000 3229.678200
113.650000 26.024000 3232.055400
113.690000 26.495000 3234.978700
113.720000 26.966000 3237.120920
113.760000 27.437000 3237.402600
113.800000 27.907000 3234.614810
113.840000 28.378000 3236.471900
113.880000 28.849000 3241.864000
113.920000 29.320000 3248.792300
113.960000 29.790000 3244.572800
114.000000 30.261000 3240.109500
114.050000 30.732000 3233.843900
114.090000 31.203000 3240.868110
114.140000 31.673000 3250.415000
114.180000 32.144000 3239.118000
114.230000 32.615000 3237.658700
114.280000 33.085000 3238.226800
114.330000 33.556000 3237.898400
114.380000 34.027000 3237.058200
114.440000 34.498000 3237.012000
114.490000 34.968000 3239.355200
114.540000 35.439000 3238.813100
114.600000 35.910000 3235.977390
114.660000 36.381000 3235.086880
114.720000 36.851000 3234.547970
114.780000 37.322000 3233.544400
114.840000 37.793000 3233.219500
114.900000 38.264000 3228.763800
114.970000 38.734000 3225.335700
115.030000 39.205000 3231.471800
115.100000 39.676000 3228.910700
115.170000 40.147000 3234.004700
115.240000 40.617000 3231.779200
115.320000 41.088000 3236.028940
115.390000 41.559000 3236.620800
115.470000 42.030000 3248.114800
113.880000 21.788000 3223.849000
113.910000 22.259000 3233.214000
113.940000 22.729000 3230.923700
113.970000 23.200000 3231.469100
114.000000 23.671000 3234.593690
114.040000 24.141000 3235.513370
114.070000 24.612000 3239.714900
114.100000 25.083000 3231.997000
114.140000 25.554000 3235.405510
114.180000 26.024000 3240.280800
114.210000 26.495000 3234.110420
114.250000 26.966000 3233.443100
114.290000 27.437000 3236.820400
114.330000 27.907000 3235.089150
114.370000 28.378000 3236.463600
114.410000 28.849000 3241.616200
114.460000 29.320000 3242.047900
114.500000 29.790000 3240.218900
114.550000 30.261000 3235.776704
114.590000 30.732000 3233.654100
114.640000 31.203000 3237.883800
114.690000 31.673000 3243.398200
114.740000 32.144000 3236.362900
114.790000 32.615000 3236.237200
114.840000 33.085000 3236.797600
114.890000 33.556000 3237.889800
114.950000 34.027000 3235.009350
115.010000 34.498000 3236.408400
115.060000 34.968000 3238.076200
115.120000 35.439000 3236.103170
115.180000 35.910000 3236.497970
115.240000 36.381000 3235.638200
115.300000 36.851000 3234.039150
115.370000 37.322000 3231.320700
115.430000 37.793000 3233.528900
115.500000 38.264000 3230.347700
115.570000 38.734000 3230.703600
115.640000 39.205000 3227.033600
115.710000 39.676000 3220.645000
115.790000 40.147000 3226.661300
115.860000 40.617000 3231.275400
115.940000 41.088000 3239.518000
116.020000 41.559000 3239.828230
116.100000 42.030000 3249.159200
114.390000 21.788000 3222.598000
114.420000 22.259000 3227.313000
114.450000 22.729000 3230.919100
114.480000 23.200000 3232.872600
114.520000 23.671000 3233.748600
114.550000 24.141000 3233.490400
114.590000 24.612000 3234.395510
114.620000 25.083000 3231.076900
114.660000 25.554000 3230.119400
114.700000 26.024000 3229.263900
114.740000 26.495000 3227.757500
114.780000 26.966000 3225.759000
114.820000 27.437000 3231.417300
114.860000 27.907000 3234.487700
114.910000 28.378000 3236.007000
114.950000 28.849000 3242.834700
115.000000 29.320000 3237.656000
115.040000 29.790000 3235.848300
115.090000 30.261000 3236.516270
115.140000 30.732000 3244.852500
115.190000 31.203000 3241.127200
115.240000 31.673000 3235.102590
115.290000 32.144000 3234.529380
115.350000 32.615000 3237.537400
115.400000 33.085000 3240.462200
115.460000 33.556000 3237.668100
115.520000 34.027000 3234.214820
115.580000 34.498000 3236.311971
115.640000 34.968000 3238.425800
115.700000 35.439000 3234.410500
115.760000 35.910000 3232.303200
115.830000 36.381000 3234.914900
115.890000 36.851000 3233.046600
115.960000 37.322000 3223.698000
116.030000 37.793000 3227.380000
116.100000 38.264000 3227.088400
116.170000 38.734000 3230.079000
116.250000 39.205000 3230.060500
116.320000 39.676000 3219.009000
116.400000 40.147000 3229.661700
116.480000 40.617000 3235.989400
116.560000 41.088000 3237.015311
116.650000 41.559000 3238.772900
116.730000 42.030000 3238.483100
114.890000 21.788000 3227.845000
114.920000 22.259000 3230.213000
114.960000 22.729000 3238.215600
114.990000 23.200000 3231.608000
115.030000 23.671000 3232.052200
115.070000 24.141000 3231.752800
115.100000 24.612000 3233.440150
115.140000 25.083000 3233.039400
115.180000 25.554000 3229.539300
115.220000 26.024000 3230.698700
115.260000 26.495000 3232.045800
115.310000 26.966000 3230.980200
115.350000 27.437000 3232.616800
115.390000 27.907000 3231.404600
115.440000 28.378000 3230.950400
115.490000 28.849000 3232.483400
115.530000 29.320000 3234.671930
115.580000 29.790000 3234.026540
115.630000 30.261000 3240.595400
115.690000 30.732000 3255.540000
115.740000 31.203000 3245.367800
115.790000 31.673000 3232.633900
115.850000 32.144000 3233.401470
115.900000 32.615000 3237.574800
115.960000 33.085000 3237.801700
116.020000 33.556000 3237.679300
116.080000 34.027000 3236.132900
116.150000 34.498000 3236.278500
116.210000 34.968000 3237.912600
116.270000 35.439000 3231.814400
116.340000 35.910000 3232.460700
116.410000 36.381000 3232.358200
116.480000 36.851000 3229.260400
116.550000 37.322000 3226.712200
116.620000 37.793000 3227.280300
116.700000 38.264000 3226.126600
116.780000 38.734000 3222.799000
116.850000 39.205000 3229.521600
116.930000 39.676000 3223.765000
117.020000 40.147000 3229.684600
117.100000 40.617000 3234.753600
117.190000 41.088000 3230.366000
117.280000 41.559000 3238.441900
117.370000 42.030000 3240.224200
115.400000 21.788000 3228.160000
115.430000 22.259000 3229.356000
115.470000 22.729000 3232.896000
115.500000 23.200000 3230.331600
115.540000 23.671000 3230.415100
115.580000 24.141000 3228.137800
115.620000 24.612000 3232.371500
115.660000 25.083000 3234.394930
115.700000 25.554000 3230.937300
115.740000 26.024000 3233.045400
115.790000 26.495000 3237.553900
115.830000 26.966000 3241.190000
115.880000 27.437000 3234.915730
115.930000 27.907000 3232.388900
115.970000 28.378000 3230.416300
116.020000 28.849000 3229.433000
116.070000 29.320000 3233.261600
116.130000 29.790000 3232.032100
116.180000 30.261000 3233.002600
116.230000 30.732000 3247.500300
116.290000 31.203000 3243.216700
116.340000 31.673000 3234.295400
116.400000 32.144000 3232.808800
116.460000 32.615000 3236.506640
116.520000 33.085000 3241.493300
116.590000 33.556000 3237.389100
116.650000 34.027000 3235.944400
116.720000 34.498000 3240.025000
116.780000 34.968000 3238.028400
116.850000 35.439000 3234.296690
116.920000 35.910000 3232.154300
116.990000 36.381000 3233.930030
117.070000 36.851000 3232.310400
117.140000 37.322000 3231.392100
117.220000 37.793000 3229.725400
117.300000 38.264000 3222.102000
117.380000 38.734000 3227.277100
117.460000 39.205000 3228.411600
117.540000 39.676000 3221.903000
117.630000 40.147000 3228.350000
117.720000 40.617000 3228.257000
117.810000 41.088000 3222.074000
117.900000 41.559000 3236.840100
118.000000 42.030000 3234.573464
115.900000 21.788000 3220.516000
115.940000 22.259000 3227.044000
115.980000 22.729000 3235.200000
116.020000 23.200000 3231.350500
116.050000 23.671000 3228.826400
116.100000 24.141000 3225.969100
116.140000 24.612000 3227.197700
116.180000 25.083000 3232.307500
116.220000 25.554000 3231.471700
116.270000 26.024000 3232.776900
116.310000 26.495000 3236.601600
116.360000 26.966000 3234.020520
116.410000 27.437000 3235.241640
116.460000 27.907000 3233.095600
116.510000 28.378000 3230.862500
116.560000 28.849000 3224.465200
116.610000 29.320000 3231.873600
116.670000 29.790000 3231.085800
116.720000 30.261000 3224.904900
116.780000 30.732000 3234.105800
116.840000 31.203000 3233.943750
116.900000 31.673000 3233.672560
116.960000 32.144000 3231.238700
117.020000 32.615000 3233.617400
117.080000 33.085000 3236.903100
117.150000 33.556000 3236.318500
117.220000 34.027000 3236.109000
117.290000 34.498000 3235.431160
117.360000 34.968000 3231.750400
117.430000 35.439000 3231.778100
117.500000 35.910000 3230.915000
117.580000 36.381000 3231.304700
117.650000 36.851000 3232.371800
117.730000 37.322000 3233.182400
117.810000 37.793000 3227.506800
117.890000 38.264000 3222.150000
117.980000 38.734000 3219.505000
118.070000 39.205000 3219.376000
118.150000 39.676000 3220.748000
118.250000 40.147000 3217.572000
118.340000 40.617000 3227.201000
118.430000 41.088000 3225.211000
118.530000 41.559000 3233.907700
118.630000 42.030000 3231.311000
116.410000 21.788000 3212.818000
116.450000 22.259000 3220.782000
116.490000 22.729000 3222.957000
116.530000 23.200000 3223.029000
116.570000 23.671000 3227.364000
116.610000 24.141000 3227.475300
116.650000 24.612000 3227.868300
116.700000 25.083000 3228.518900
116.740000 25.554000 3227.693400
116.790000 26.024000 3229.573800
116.840000 26.495000 3234.582700
116.890000 26.966000 3228.847600
116.940000 27.437000 3231.948200
116.990000 27.907000 3231.978900
117.040000 28.378000 3228.218000
117.100000 28.849000 3227.279500
117.150000 29.320000 3233.228400
117.210000 29.790000 3232.635800
117.270000 30.261000 3231.626000
117.330000 30.732000 3227.049600
117.390000 31.203000 3226.697100
117.450000 31.673000 3233.405520
117.510000 32.144000 3234.032770
117.580000 32.615000 3229.852500
117.640000 33.085000 3227.589900
117.710000 33.556000 3231.994100
117.780000 34.027000 3230.959100
117.860000 34.498000 3229.004000
117.930000 34.968000 3226.560900
118.000000 35.439000 3226.096000
118.080000 35.910000 3225.724700
118.160000 36.381000 3227.038500
118.240000 36.851000 3227.012900
118.320000 37.322000 3227.292000
118.410000 37.793000 3225.266100
118.490000 38.264000 3214.334000
118.580000 38.734000 3208.620000
118.670000 39.205000 3215.033000
118.770000 39.676000 3219.421000
118.860000 40.147000 3220.453000
118.960000 40.617000 3225.210000
119.060000 41.088000 3224.925000
119.160000 41.559000 3231.452000
119.260000 42.030000 3224.308000
116.920000 21.788000 3202.670000
116.960000 22.259000 3210.202000
117.000000 22.729000 3208.118000
117.040000 23.200000 3213.075000
117.080000 23.671000 3226.684400
117.120000 24.141000 3226.612100
117.170000 24.612000 3230.353000
117.220000 25.083000 3227.237400
117.260000 25.554000 3224.522900
117.310000 26.024000 3229.668700
117.360000 26.495000 3231.608900
117.410000 26.966000 3228.167600
117.470000 27.437000 3227.890900
117.520000 27.907000 3229.872300
117.580000 28.378000 3225.262900
117.630000 28.849000 3231.502800
117.690000 29.320000 3235.369730
117.750000 29.790000 3226.788600
117.810000 30.261000 3232.304400
117.870000 30.732000 3229.201800
117.940000 31.203000 3224.960400
118.000000 31.673000 3221.632000
118.070000 32.144000 3228.142400
118.140000 32.615000 3219.656000
118.210000 33.085000 3226.546300
118.280000 33.556000 3228.298300
118.350000 34.027000 3225.602000
118.430000 34.498000 3227.225000
118.500000 34.968000 3226.626600
118.580000 35.439000 3228.298400
118.660000 35.910000 3226.842300
118.740000 36.381000 3224.430600
118.830000 36.851000 3224.105000
118.910000 37.322000 3221.755000
119.000000 37.793000 3217.723000
119.090000 38.264000 3220.811000
119.180000 38.734000 3198.598000
119.280000 39.205000 3209.827000
119.380000 39.676000 3223.220000
119.470000 40.147000 3220.497000
119.580000 40.617000 3221.630000
119.680000 41.088000 3215.889000
119.790000 41.559000 3219.414000
119.900000 42.030000 3228.062600
117.420000 21.788000 3201.756000
117.460000 22.259000 3204.299000
117.510000 22.729000 3204.185000
117.550000 23.200000 3214.448000
117.590000 23.671000 3226.126600
117.640000 24.141000 3228.810900
117.690000 24.612000 3227.720800
117.740000 25.083000 3228.076400
117.780000 25.554000 3226.997700
117.840000 26.024000 3227.680100
117.890000 26.495000 3223.621000
117.940000 26.966000 3221.275000
118.000000 27.437000 3219.286000
118.050000 27.907000 3227.017600
118.110000 28.378000 3222.283000
118.170000 28.849000 3229.496200
118.230000 29.320000 3228.090200
118.290000 29.790000 3225.020700
118.350000 30.261000 3237.212830
118.420000 30.732000 3218.891000
118.480000 31.203000 3220.027000
118.550000 31.673000 3220.662000
118.620000 32.144000 3218.183000
118.690000 32.615000 3222.896000
118.770000 33.085000 3228.577300
118.840000 33.556000 3227.441500
118.920000 34.027000 3223.973000
119.000000 34.498000 3226.560000
119.080000 34.968000 3227.569200
119.160000 35.439000 3229.474900
119.240000 35.910000 3227.436500
119.330000 36.381000 3226.002700
119.410000 36.851000 3219.412000
119.500000 37.322000 3208.905000
119.600000 37.793000 3214.806000
119.690000 38.264000 3220.397000
119.790000 38.734000 3206.008000
119.880000 39.205000 3202.778000
119.990000 39.676000 3215.164000
120.090000 40.147000 3225.519000
120.190000 40.617000 3225.999000
120.300000 41.088000 3226.181000
120.410000 41.559000 3223.504000
120.530000 42.030000 3230.720000
117.930000 21.788000 3197.080000
117.970000 22.259000 3202.542000
118.010000 22.729000 3190.928000
118.060000 23.200000 3198.815000
118.110000 23.671000 3201.995000
118.150000 24.141000 3219.553000
118.200000 24.612000 3226.410000
118.250000 25.083000 3222.699000
118.310000 25.554000 3225.764600
118.360000 26.024000 3226.994700
118.410000 26.495000 3229.880800
118.470000 26.966000 3231.509000
118.530000 27.437000 3231.524500
118.580000 27.907000 3233.420700
118.640000 28.378000 3225.509000
118.700000 28.849000 3219.223000
118.770000 29.320000 3227.785900
118.830000 29.790000 3233.197400
118.900000 30.261000 3236.345500
118.970000 30.732000 3221.859000
119.030000 31.203000 3224.155000
119.100000 31.673000 3218.533000
119.180000 32.144000 3219.521000
119.250000 32.615000 3228.433400
119.330000 33.085000 3227.389200
119.400000 33.556000 3223.444000
119.480000 34.027000 3221.338000
119.570000 34.498000 3225.195100
119.650000 34.968000 3228.372400
119.730000 35.439000 3232.576800
119.820000 35.910000 3232.232100
119.910000 36.381000 3223.604000
120.000000 36.851000 3213.111000
120.090000 37.322000 3207.755000
120.190000 37.793000 3229.971000
120.290000 38.264000 3238.623000
120.390000 38.734000 3204.312000
120.490000 39.205000 3196.977000
120.600000 39.676000 3219.032000
120.700000 40.147000 3225.471000
120.810000 40.617000 3221.546000
120.930000 41.088000 3223.640000
121.040000 41.559000 3215.899000
121.160000 42.030000 3213.210000
118.430000 21.788000 3200.846000
118.480000 22.259000 3207.018000
118.520000 22.729000 3189.134000
118.570000 23.200000 3198.775000
118.620000 23.671000 3203.735000
118.670000 24.141000 3203.590000
118.720000 24.612000 3209.694000
118.770000 25.083000 3222.495000
118.830000 25.554000 3224.908000
118.880000 26.024000 3225.241000
118.940000 26.495000 3226.288600
119.000000 26.966000 3222.866000
119.050000 27.437000 3222.561000
119.120000 27.907000 3228.886400
119.180000 28.378000 3227.306000
119.240000 28.849000 3225.856600
119.310000 29.320000 3219.369000
119.370000 29.790000 3232.904500
119.440000 30.261000 3229.718600
119.510000 30.732000 3223.826000
119.580000 31.203000 3217.775000
119.660000 31.673000 3214.882000
119.730000 32.144000 3229.399000
119.810000 32.615000 3224.617300
119.890000 33.085000 3220.857000
119.970000 33.556000 3217.673000
120.050000 34.027000 3212.287000
120.140000 34.498000 3212.646000
120.220000 34.968000 3221.060000
120.310000 35.439000 3224.025000
120.400000 35.910000 3228.969000
120.490000 36.381000 3216.138000
120.590000 36.851000 3207.593000
120.690000 37.322000 3217.051000
120.780000 37.793000 3236.502000
120.890000 38.264000 3244.688000
120.990000 38.734000 3221.703000
121.100000 39.205000 3213.643000
121.210000 39.676000 3221.305000
121.320000 40.147000 3230.008000
121.430000 40.617000 3199.027000
121.550000 41.088000 3215.551000
121.670000 41.559000 3216.552000
121.790000 42.030000 3226.378000
118.940000 21.788000 3195.656000
118.990000 22.259000 3197.854000
119.030000 22.729000 3193.431000
119.080000 23.200000 3193.354000
119.130000 23.671000 3204.450000
119.180000 24.141000 3207.783000
119.240000 24.612000 3211.306000
119.290000 25.083000 3217.657000
119.350000 25.554000 3218.434000
119.400000 26.024000 3221.154000
119.460000 26.495000 3224.059000
119.520000 26.966000 3218.669000
119.580000 27.437000 3220.937000
119.650000 27.907000 3223.759000
119.710000 28.378000 3222.688000
119.780000 28.849000 3228.254800
119.850000 29.320000 3225.082000
119.910000 29.790000 3223.729000
119.990000 30.261000 3218.931000
120.060000 30.732000 3223.612000
120.130000 31.203000 3222.195000
120.210000 31.673000 3232.044600
120.290000 32.144000 3222.299000
120.370000 32.615000 3214.902000
120.450000 33.085000 3214.099000
120.530000 33.556000 3215.990000
120.620000 34.027000 3202.370000
120.710000 34.498000 3191.911000
120.790000 34.968000 3196.217000
120.890000 35.439000 3204.577000
120.980000 35.910000 3216.481000
121.080000 36.381000 3211.210000
121.180000 36.851000 3210.237000
121.280000 37.322000 3220.565000
121.380000 37.793000 3234.808700
121.480000 38.264000 3231.525400
121.590000 38.734000 3198.483000
121.700000 39.205000 3199.144000
121.820000 39.676000 3218.334000
121.930000 40.147000 3218.473000
119.450000 21.788000 3192.337000
119.490000 22.259000 3191.377000
119.540000 22.729000 3196.979000
119.590000 23.200000 3196.829000
119.650000 23.671000 3194.537000
119.700000 24.141000 3195.373000
119.750000 24.612000 3197.196000
119.810000 25.083000 3205.427000
119.870000 25.554000 3214.271000
119.930000 26.024000 3202.959000
119.990000 26.495000 3214.249000
120.050000 26.966000 3225.262500
120.110000 27.437000 3225.815600
120.180000 27.907000 3224.567000
120.250000 28.378000 3223.300000
120.310000 28.849000 3220.815000
120.380000 29.320000 3221.262000
120.460000 29.790000 3221.321000
120.530000 30.261000 3221.992000
120.600000 30.732000 3223.663000
120.680000 31.203000 3226.698300
120.760000 31.673000 3221.833000
120.840000 32.144000 3215.280000
120.920000 32.615000 3207.917000
121.010000 33.085000 3220.013000
121.100000 33.556000 3220.788000
121.180000 34.027000 3222.666000
121.280000 34.498000 3211.526000
121.370000 34.968000 3203.856000
121.460000 35.439000 3197.778000
121.560000 35.910000 3203.856000
121.660000 36.381000 3207.847000
121.760000 36.851000 3212.416000
121.870000 37.322000 3218.944000
121.970000 37.793000 3230.445300
119.950000 21.788000 3209.631000
120.000000 22.259000 3210.545000
120.050000 22.729000 3240.523000
120.100000 23.200000 3235.613000
120.160000 23.671000 3206.561000
120.210000 24.141000 3203.530000
120.270000 24.612000 3210.913000
120.330000 25.083000 3196.187000
120.390000 25.554000 3190.609000
120.450000 26.024000 3203.152000
120.510000 26.495000 3208.010000
120.580000 26.966000 3222.278000
120.640000 27.437000 3216.686000
120.710000 27.907000 3220.785000
120.780000 28.378000 3223.365000
120.850000 28.849000 3221.630000
120.920000 29.320000 3220.902000
121.000000 29.790000 3222.557000
121.070000 30.261000 3216.854000
121.150000 30.732000 3205.974000
121.230000 31.203000 3212.583000
121.310000 31.673000 3216.213000
121.400000 32.144000 3209.949000
121.480000 32.615000 3208.316000
121.570000 33.085000 3231.074000
121.660000 33.556000 3210.534000
121.750000 34.027000 3224.084000
121.850000 34.498000 3231.363100
121.940000 34.968000 3225.502000
120.460000 21.788000 3245.930000
120.510000 22.259000 3238.721000
120.560000 22.729000 3231.458000
120.620000 23.200000 3198.577000
120.670000 23.671000 3207.172000
120.730000 24.141000 3223.271000
120.790000 24.612000 3200.789000
120.850000 25.083000 3214.251000
120.910000 25.554000 3199.171000
120.970000 26.024000 3205.702000
121.040000 26.495000 3201.304000
121.100000 26.966000 3207.842000
121.170000 27.437000 3208.298000
121.240000 27.907000 3210.788000
121.310000 28.378000 3219.074000
121.390000 28.849000 3220.173000
121.460000 29.320000 3219.706000
121.540000 29.790000 3216.523000
121.620000 30.261000 3216.494000
121.700000 30.732000 3220.601000
121.780000 31.203000 3218.392000
121.860000 31.673000 3213.368000
121.950000 32.144000 3213.534000
120.960000 21.788000 3231.817000
121.020000 22.259000 3216.004000
121.070000 22.729000 3192.379000
121.130000 23.200000 3184.654000
121.180000 23.671000 3185.419000
121.240000 24.141000 3188.501000
121.300000 24.612000 3194.042000
121.370000 25.083000 3208.592000
121.430000 25.554000 3195.574000
121.500000 26.024000 3195.891000
121.560000 26.495000 3193.539000
121.630000 26.966000 3203.770000
121.700000 27.437000 3196.909000
121.770000 27.907000 3199.930000
121.850000 28.378000 3209.196000
121.920000 28.849000 3204.791000
121.470000 21.788000 3190.495000
121.520000 22.259000 3193.602000
121.580000 22.729000 3196.596000
121.640000 23.200000 3194.438000
121.700000 23.671000 3226.865700
121.760000 24.141000 3230.886600
121.820000 24.612000 3199.696000
121.880000 25.083000 3186.879000
121.950000 25.554000 3194.120000
121.970000 21.788000 3211.631000
