104.770000 21.788000 2623.600000
104.770000 22.259000 2580.315000
104.770000 22.729000 2579.590000
104.770000 23.200000 2539.251000
104.770000 23.671000 2554.386000
104.770000 24.141000 2566.712000
104.770000 24.612000 2584.936000
104.770000 25.083000 2558.415000
104.770000 25.554000 2554.612000
104.770000 26.024000 2569.343000
104.760000 26.495000 2583.161700
104.760000 26.966000 2605.182000
104.760000 27.437000 2592.291000
104.760000 27.907000 2540.612000
104.760000 28.378000 2515.159000
104.760000 28.849000 2437.229000
104.760000 29.320000 2426.118460
104.760000 29.790000 2425.612000
104.760000 30.261000 2386.533000
104.760000 30.732000 2376.353000
104.750000 31.203000 2389.537800
104.750000 31.673000 2419.540000
104.750000 32.144000 2447.712000
104.750000 32.615000 2523.971000
104.750000 33.085000 2554.147000
104.750000 33.556000 2560.526000
104.750000 34.027000 2565.725000
104.740000 34.498000 2570.215000
104.740000 34.968000 2567.028000
104.740000 35.439000 2570.467000
104.740000 35.910000 2580.476000
104.740000 36.381000 2573.227000
104.740000 36.851000 2582.238700
104.740000 37.322000 2574.520000
104.730000 37.793000 2576.483200
104.730000 38.264000 2580.274800
104.730000 38.734000 2559.395900
104.730000 39.205000 2574.180000
104.730000 39.676000 2568.436000
104.720000 40.147000 2551.885800
104.720000 40.617000 2535.306000
104.720000 41.088000 2543.883100
104.720000 41.559000 2532.279000
104.720000 42.030000 2527.177000
105.280000 21.788000 2580.645000
105.280000 22.259000 2588.290000
105.280000 22.729000 2597.354300
105.280000 23.200000 2565.811000
105.280000 23.671000 2563.547000
105.280000 24.141000 2578.511000
105.290000 24.612000 2585.846000
105.290000 25.083000 2557.720000
105.290000 25.554000 2559.732000
105.290000 26.024000 2576.951200
105.290000 26.495000 2588.456300
105.290000 26.966000 2622.452000
105.290000 27.437000 2646.527000
105.290000 27.907000 2590.969000
105.290000 28.378000 2512.513500
105.300000 28.849000 2433.557000
105.300000 29.320000 2423.852000
105.300000 29.790000 2433.386000
105.300000 30.261000 2391.530000
105.300000 30.732000 2391.349000
105.300000 31.203000 2399.408400
105.300000 31.673000 2432.145000
105.310000 32.144000 2460.379000
105.310000 32.615000 2571.722000
105.310000 33.085000 2606.076000
105.310000 33.556000 2632.565000
105.310000 34.027000 2642.412000
105.310000 34.498000 2611.744000
105.320000 34.968000 2602.610700
105.320000 35.439000 2590.696000
105.320000 35.910000 2595.007000
105.320000 36.381000 2599.238600
105.320000 36.851000 2586.018800
105.330000 37.322000 2588.461600
105.330000 37.793000 2582.470400
105.330000 38.264000 2576.183930
105.330000 38.734000 2567.840700
105.330000 39.205000 2575.058500
105.340000 39.676000 2600.635000
105.340000 40.147000 2578.672000
105.340000 40.617000 2552.511790
105.340000 41.088000 2549.214300
105.350000 41.559000 2553.857000
105.350000 42.030000 2522.443000
105.790000 21.788000 2580.126000
105.790000 22.259000 2547.422000
105.790000 22.729000 2550.758000
105.790000 23.200000 2585.797000
105.800000 23.671000 2590.184000
105.800000 24.141000 2605.836000
105.800000 24.612000 2575.317000
105.810000 25.083000 2564.524000
105.810000 25.554000 2560.896000
105.810000 26.024000 2572.818200
105.810000 26.495000 2597.365400
105.820000 26.966000 2629.886100
105.820000 27.437000 2629.621700
105.830000 27.907000 2593.592400
105.830000 28.378000 2495.064000
105.830000 28.849000 2425.373000
105.840000 29.320000 2447.505000
105.840000 29.790000 2440.461200
105.840000 30.261000 2408.293000
105.850000 30.732000 2410.807000
105.850000 31.203000 2437.086400
105.860000 31.673000 2424.430000
105.860000 32.144000 2466.100000
105.870000 32.615000 2547.178000
105.870000 33.085000 2632.773000
105.870000 33.556000 2621.045100
105.880000 34.027000 2616.336700
105.880000 34.498000 2596.075000
105.890000 34.968000 2598.620200
105.890000 35.439000 2603.030000
105.900000 35.910000 2579.683800
105.910000 36.381000 2539.589700
105.910000 36.851000 2515.047000
105.920000 37.322000 2530.842000
105.920000 37.793000 2557.292500
105.930000 38.264000 2545.753000
105.930000 38.734000 2591.264000
105.940000 39.205000 2575.447000
105.950000 39.676000 2532.643000
105.950000 40.147000 2576.253000
105.960000 40.617000 2568.183000
105.970000 41.088000 2540.958000
105.970000 41.559000 2518.868000
105.980000 42.030000 2552.823000
106.290000 21.788000 2562.687000
106.300000 22.259000 2562.069000
106.300000 22.729000 2568.652000
106.300000 23.200000 2559.604000
106.310000 23.671000 2588.249000
106.310000 24.141000 2578.189000
106.320000 24.612000 2567.203000
106.320000 25.083000 2558.980000
106.330000 25.554000 2560.638000
106.330000 26.024000 2580.655000
106.340000 26.495000 2624.797060
106.350000 26.966000 2610.916100
106.350000 27.437000 2640.128700
106.360000 27.907000 2620.128100
106.360000 28.378000 2556.542800
106.370000 28.849000 2484.801400
106.380000 29.320000 2449.061000
106.380000 29.790000 2453.309000
106.390000 30.261000 2448.697000
106.390000 30.732000 2422.987000
106.400000 31.203000 2410.055000
106.410000 31.673000 2414.783500
106.420000 32.144000 2476.056658
106.420000 32.615000 2559.042800
106.430000 33.085000 2618.544950
106.440000 33.556000 2608.144800
106.450000 34.027000 2617.368000
106.450000 34.498000 2581.127100
106.460000 34.968000 2600.267000
106.470000 35.439000 2583.655000
106.480000 35.910000 2529.023200
106.490000 36.381000 2520.005300
106.500000 36.851000 2539.651500
106.510000 37.322000 2549.830000
106.520000 37.793000 2517.900100
106.530000 38.264000 2508.008600
106.540000 38.734000 2514.649610
106.550000 39.205000 2520.945700
106.560000 39.676000 2541.231100
106.570000 40.147000 2548.445700
106.580000 40.617000 2512.291000
106.590000 41.088000 2574.484000
106.600000 41.559000 2544.834020
106.610000 42.030000 2546.125300
106.800000 21.788000 2561.600800
106.800000 22.259000 2565.941700
106.810000 22.729000 2546.859000
106.820000 23.200000 2556.369000
106.820000 23.671000 2576.209000
106.830000 24.141000 2582.023000
106.840000 24.612000 2569.995000
106.840000 25.083000 2575.114000
106.850000 25.554000 2562.626000
106.860000 26.024000 2583.242000
106.860000 26.495000 2612.019300
106.870000 26.966000 2583.916000
106.880000 27.437000 2610.172000
106.890000 27.907000 2621.055000
106.900000 28.378000 2620.040000
106.910000 28.849000 2576.894900
106.910000 29.320000 2502.802000
106.920000 29.790000 2479.643000
106.930000 30.261000 2482.764900
106.940000 30.732000 2467.412500
106.950000 31.203000 2432.597420
106.960000 31.673000 2445.944000
106.970000 32.144000 2512.859000
106.980000 32.615000 2615.634400
106.990000 33.085000 2624.769200
107.000000 33.556000 2638.076800
107.010000 34.027000 2617.142000
107.020000 34.498000 2585.706000
107.040000 34.968000 2556.370810
107.050000 35.439000 2486.601000
107.060000 35.910000 2443.431800
107.070000 36.381000 2475.128300
107.090000 36.851000 2457.399000
107.100000 37.322000 2465.595000
107.110000 37.793000 2490.956000
107.130000 38.264000 2476.518000
107.140000 38.734000 2483.726000
107.150000 39.205000 2509.764800
107.170000 39.676000 2510.637900
107.180000 40.147000 2543.560000
107.200000 40.617000 2503.958000
107.210000 41.088000 2492.934000
107.230000 41.559000 2546.778100
107.250000 42.030000 2551.885900
107.300000 21.788000 2581.359000
107.310000 22.259000 2576.114000
107.320000 22.729000 2553.160000
107.330000 23.200000 2569.497000
107.330000 23.671000 2591.916000
107.340000 24.141000 2583.780000
107.350000 24.612000 2580.063000
107.360000 25.083000 2563.297000
107.370000 25.554000 2584.786000
107.380000 26.024000 2592.499600
107.390000 26.495000 2602.352100
107.400000 26.966000 2584.852000
107.410000 27.437000 2614.419000
107.420000 27.907000 2640.273000
107.430000 28.378000 2618.773000
107.440000 28.849000 2607.896700
107.450000 29.320000 2583.234500
107.460000 29.790000 2518.205500
107.480000 30.261000 2482.183900
107.490000 30.732000 2466.988000
107.500000 31.203000 2465.527000
107.510000 31.673000 2492.829700
107.530000 32.144000 2555.733000
107.540000 32.615000 2597.036300
107.550000 33.085000 2649.808300
107.570000 33.556000 2653.131000
107.580000 34.027000 2618.305200
107.590000 34.498000 2583.444000
107.610000 34.968000 2519.124000
107.620000 35.439000 2484.397000
107.640000 35.910000 2467.667000
107.660000 36.381000 2483.677900
107.670000 36.851000 2486.993100
107.690000 37.322000 2478.770000
107.710000 37.793000 2469.398000
107.720000 38.264000 2472.245000
107.740000 38.734000 2479.940000
107.760000 39.205000 2493.851000
107.780000 39.676000 2503.895400
107.800000 40.147000 2506.037000
107.820000 40.617000 2527.252000
107.840000 41.088000 2508.171400
107.860000 41.559000 2587.195000
107.880000 42.030000 2555.581000
107.810000 21.788000 2572.876000
107.820000 22.259000 2569.913000
107.830000 22.729000 2570.882000
107.840000 23.200000 2580.641000
107.850000 23.671000 2595.812000
107.860000 24.141000 2569.835000
107.870000 24.612000 2567.297000
107.880000 25.083000 2564.106000
107.890000 25.554000 2584.585000
107.900000 26.024000 2586.243000
107.910000 26.495000 2600.791360
107.930000 26.966000 2600.778000
107.940000 27.437000 2616.302000
107.950000 27.907000 2638.471000
107.960000 28.378000 2629.601000
107.980000 28.849000 2627.604900
107.990000 29.320000 2611.761100
108.010000 29.790000 2564.354300
108.020000 30.261000 2513.275000
108.030000 30.732000 2485.812300
108.050000 31.203000 2504.339800
108.060000 31.673000 2533.655000
108.080000 32.144000 2581.531000
108.100000 32.615000 2603.862000
108.110000 33.085000 2656.374320
108.130000 33.556000 2657.732000
108.150000 34.027000 2573.941000
108.160000 34.498000 2551.280000
108.180000 34.968000 2529.888000
108.200000 35.439000 2509.645800
108.220000 35.910000 2505.450900
108.240000 36.381000 2499.480700
108.260000 36.851000 2495.440200
108.280000 37.322000 2489.475000
108.300000 37.793000 2479.241000
108.320000 38.264000 2478.120000
108.340000 38.734000 2490.439000
108.370000 39.205000 2489.155000
108.390000 39.676000 2500.476300
108.410000 40.147000 2520.768000
108.440000 40.617000 2550.360000
108.460000 41.088000 2535.207200
108.490000 41.559000 2581.247000
108.510000 42.030000 2535.061000
108.310000 21.788000 2583.386600
108.330000 22.259000 2555.154000
108.340000 22.729000 2577.033000
108.350000 23.200000 2582.529000
108.360000 23.671000 2574.272000
108.370000 24.141000 2563.456000
108.390000 24.612000 2575.288000
108.400000 25.083000 2568.285000
108.410000 25.554000 2596.632000
108.430000 26.024000 2589.458000
108.440000 26.495000 2621.966000
108.450000 26.966000 2605.941900
108.470000 27.437000 2606.592000
108.480000 27.907000 2609.809600
108.500000 28.378000 2611.732700
108.510000 28.849000 2616.869700
108.530000 29.320000 2615.143700
108.550000 29.790000 2604.005000
108.560000 30.261000 2551.098000
108.580000 30.732000 2516.281900
108.600000 31.203000 2523.387000
108.620000 31.673000 2571.032000
108.640000 32.144000 2600.408000
108.650000 32.615000 2618.670000
108.670000 33.085000 2638.383100
108.690000 33.556000 2615.706000
108.710000 34.027000 2533.658000
108.730000 34.498000 2515.790500
108.760000 34.968000 2531.300300
108.780000 35.439000 2540.848000
108.800000 35.910000 2533.871400
108.820000 36.381000 2491.260000
108.850000 36.851000 2509.542100
108.870000 37.322000 2498.912000
108.900000 37.793000 2493.657000
108.920000 38.264000 2493.816000
108.950000 38.734000 2485.000000
108.970000 39.205000 2496.262000
109.000000 39.676000 2521.827100
109.030000 40.147000 2569.202000
109.050000 40.617000 2580.940000
109.080000 41.088000 2571.923000
109.110000 41.559000 2569.813100
109.140000 42.030000 2516.499000
108.820000 21.788000 2585.393900
108.830000 22.259000 2565.289000
108.850000 22.729000 2563.978000
108.860000 23.200000 2564.482000
108.870000 23.671000 2583.400000
108.890000 24.141000 2572.601000
108.900000 24.612000 2576.945000
108.920000 25.083000 2583.558000
108.930000 25.554000 2595.932000
108.950000 26.024000 2607.993000
108.960000 26.495000 2618.256600
108.980000 26.966000 2608.814000
109.000000 27.437000 2642.757800
109.010000 27.907000 2612.128300
109.030000 28.378000 2601.538000
109.050000 28.849000 2616.783100
109.070000 29.320000 2610.220400
109.090000 29.790000 2610.218100
109.110000 30.261000 2640.214000
109.130000 30.732000 2577.975000
109.150000 31.203000 2575.695000
109.170000 31.673000 2589.756000
109.190000 32.144000 2613.747000
109.210000 32.615000 2619.586000
109.230000 33.085000 2623.246000
109.260000 33.556000 2591.546000
109.280000 34.027000 2536.829500
109.300000 34.498000 2515.693100
109.330000 34.968000 2520.715300
109.350000 35.439000 2535.559000
109.380000 35.910000 2562.677000
109.410000 36.381000 2514.890000
109.430000 36.851000 2518.069000
109.460000 37.322000 2519.820000
109.490000 37.793000 2517.173000
109.520000 38.264000 2528.219000
109.550000 38.734000 2537.284000
109.580000 39.205000 2540.045500
109.610000 39.676000 2548.878900
109.640000 40.147000 2583.385000
109.670000 40.617000 2572.942000
109.710000 41.088000 2593.176000
109.740000 41.559000 2581.127000
109.780000 42.030000 2543.824000
109.330000 21.788000 2572.144700
109.340000 22.259000 2547.577000
109.360000 22.729000 2568.175000
109.370000 23.200000 2569.309000
109.390000 23.671000 2581.869000
109.400000 24.141000 2574.888000
109.420000 24.612000 2587.622000
109.440000 25.083000 2599.518000
109.450000 25.554000 2592.023000
109.470000 26.024000 2611.355300
109.490000 26.495000 2612.421000
109.510000 26.966000 2637.080600
109.530000 27.437000 2621.124000
109.550000 27.907000 2641.962000
109.570000 28.378000 2636.191000
109.590000 28.849000 2613.690700
109.610000 29.320000 2613.787520
109.630000 29.790000 2600.262300
109.650000 30.261000 2612.427000
109.670000 30.732000 2604.601000
109.700000 31.203000 2589.639000
109.720000 31.673000 2612.883000
109.740000 32.144000 2609.688000
109.770000 32.615000 2616.803000
109.800000 33.085000 2616.597000
109.820000 33.556000 2571.506000
109.850000 34.027000 2547.790000
109.870000 34.498000 2535.998500
109.900000 34.968000 2525.560300
109.930000 35.439000 2565.615000
109.960000 35.910000 2592.392000
109.990000 36.381000 2571.324000
110.020000 36.851000 2546.292000
110.050000 37.322000 2565.886000
110.080000 37.793000 2564.060000
110.120000 38.264000 2566.745000
110.150000 38.734000 2565.635000
110.180000 39.205000 2568.547500
110.220000 39.676000 2565.911100
110.260000 40.147000 2566.376000
110.290000 40.617000 2567.976600
110.330000 41.088000 2613.701000
110.370000 41.559000 2589.689000
110.410000 42.030000 2571.403000
109.830000 21.788000 2578.073000
109.850000 22.259000 2558.070000
109.870000 22.729000 2562.611000
109.880000 23.200000 2586.282000
109.900000 23.671000 2560.334000
109.920000 24.141000 2576.981000
109.940000 24.612000 2582.248000
109.950000 25.083000 2595.708000
109.970000 25.554000 2598.860000
109.990000 26.024000 2609.444000
110.010000 26.495000 2622.098400
110.030000 26.966000 2616.537090
110.060000 27.437000 2650.903000
110.080000 27.907000 2633.183600
110.100000 28.378000 2621.316700
110.120000 28.849000 2630.273000
110.150000 29.320000 2591.756400
110.170000 29.790000 2606.084600
110.200000 30.261000 2634.860300
110.220000 30.732000 2614.736000
110.250000 31.203000 2606.506200
110.270000 31.673000 2605.080400
110.300000 32.144000 2590.514000
110.330000 32.615000 2593.565000
110.360000 33.085000 2606.041000
110.380000 33.556000 2592.851000
110.410000 34.027000 2556.676000
110.440000 34.498000 2555.685000
110.480000 34.968000 2540.383900
110.510000 35.439000 2515.665000
110.540000 35.910000 2579.208000
110.570000 36.381000 2566.861000
110.610000 36.851000 2575.964000
110.640000 37.322000 2576.797000
110.680000 37.793000 2581.042000
110.720000 38.264000 2569.019000
110.750000 38.734000 2565.594000
110.790000 39.205000 2565.518000
110.830000 39.676000 2571.602000
110.870000 40.147000 2580.435000
110.910000 40.617000 2566.807700
110.950000 41.088000 2598.298000
111.000000 41.559000 2586.078720
111.040000 42.030000 2599.718200
110.340000 21.788000 2575.831000
110.360000 22.259000 2544.549000
110.370000 22.729000 2580.835000
110.390000 23.200000 2576.037000
110.410000 23.671000 2596.935000
110.430000 24.141000 2580.727000
110.450000 24.612000 2596.106000
110.470000 25.083000 2573.107000
110.490000 25.554000 2591.154000
110.520000 26.024000 2591.224000
110.540000 26.495000 2612.207400
110.560000 26.966000 2616.049700
110.590000 27.437000 2615.798550
110.610000 27.907000 2629.800000
110.630000 28.378000 2647.389000
110.660000 28.849000 2641.538000
110.690000 29.320000 2613.732000
110.710000 29.790000 2634.906700
110.740000 30.261000 2626.094000
110.770000 30.732000 2631.787000
110.800000 31.203000 2576.004000
110.820000 31.673000 2587.236600
110.850000 32.144000 2575.451600
110.890000 32.615000 2594.290130
110.920000 33.085000 2619.317500
110.950000 33.556000 2589.986000
110.980000 34.027000 2559.829000
111.010000 34.498000 2579.543100
111.050000 34.968000 2551.690230
111.080000 35.439000 2548.323700
111.120000 35.910000 2577.846000
111.160000 36.381000 2583.939000
111.190000 36.851000 2567.958000
111.230000 37.322000 2607.710900
111.270000 37.793000 2604.391400
111.310000 38.264000 2617.965200
111.350000 38.734000 2586.001200
111.400000 39.205000 2606.518000
111.440000 39.676000 2629.693000
111.490000 40.147000 2643.118800
111.530000 40.617000 2587.687100
111.580000 41.088000 2618.798000
111.620000 41.559000 2618.774400
111.670000 42.030000 2599.585930
110.840000 21.788000 2582.819210
110.860000 22.259000 2545.672000
110.880000 22.729000 2573.771000
110.900000 23.200000 2587.640000
110.930000 23.671000 2589.741000
110.950000 24.141000 2581.949000
110.970000 24.612000 2570.542000
110.990000 25.083000 2594.805000
111.020000 25.554000 2570.671000
111.040000 26.024000 2575.908000
111.060000 26.495000 2595.452500
111.090000 26.966000 2609.940000
111.110000 27.437000 2598.013000
111.140000 27.907000 2620.780000
111.170000 28.378000 2633.218000
111.200000 28.849000 2654.420000
111.220000 29.320000 2622.671000
111.250000 29.790000 2605.553900
111.280000 30.261000 2610.926000
111.310000 30.732000 2607.590000
111.340000 31.203000 2602.519600
111.380000 31.673000 2591.647000
111.410000 32.144000 2573.342640
111.440000 32.615000 2599.915530
111.480000 33.085000 2620.318000
111.510000 33.556000 2562.378000
111.550000 34.027000 2570.006000
111.580000 34.498000 2582.342300
111.620000 34.968000 2618.587000
111.660000 35.439000 2599.801000
111.700000 35.910000 2561.435000
111.740000 36.381000 2574.345800
111.780000 36.851000 2580.695500
111.820000 37.322000 2566.182000
111.870000 37.793000 2595.951400
111.910000 38.264000 2586.417000
111.960000 38.734000 2610.330800
112.000000 39.205000 2648.008650
112.050000 39.676000 2671.291500
112.100000 40.147000 2666.025300
112.150000 40.617000 2650.319000
112.200000 41.088000 2628.652900
112.250000 41.559000 2617.216700
112.310000 42.030000 2617.021900
111.350000 21.788000 2592.368000
111.370000 22.259000 2570.279000
111.390000 22.729000 2581.500000
111.420000 23.200000 2569.893000
111.440000 23.671000 2569.387000
111.460000 24.141000 2582.459000
111.490000 24.612000 2585.812000
111.510000 25.083000 2617.089500
111.540000 25.554000 2594.006800
111.560000 26.024000 2588.036000
111.590000 26.495000 2574.401410
111.620000 26.966000 2606.580200
111.640000 27.437000 2594.832200
111.670000 27.907000 2589.426030
111.700000 28.378000 2612.992000
111.730000 28.849000 2619.057000
111.760000 29.320000 2600.763400
111.790000 29.790000 2576.503000
111.830000 30.261000 2550.755600
111.860000 30.732000 2544.203200
111.890000 31.203000 2560.769700
111.930000 31.673000 2563.536000
111.960000 32.144000 2572.810900
112.000000 32.615000 2566.773000
112.040000 33.085000 2570.512800
112.080000 33.556000 2580.663000
112.110000 34.027000 2570.483000
112.150000 34.498000 2573.071700
112.200000 34.968000 2599.763000
112.240000 35.439000 2597.086600
112.280000 35.910000 2598.878700
112.320000 36.381000 2605.356900
112.370000 36.851000 2607.893900
112.420000 37.322000 2540.176100
112.460000 37.793000 2549.061000
112.510000 38.264000 2592.865400
112.560000 38.734000 2597.927800
112.610000 39.205000 2619.137500
112.660000 39.676000 2655.755000
112.710000 40.147000 2668.395000
112.770000 40.617000 2642.393000
112.820000 41.088000 2628.432000
112.880000 41.559000 2626.768000
112.940000 42.030000 2607.489400
111.860000 21.788000 2605.424100
111.880000 22.259000 2577.922000
111.900000 22.729000 2575.132000
111.930000 23.200000 2567.742000
111.950000 23.671000 2572.185000
111.980000 24.141000 2585.175000
112.000000 24.612000 2588.677000
112.030000 25.083000 2609.523000
112.060000 25.554000 2594.334400
112.080000 26.024000 2567.120000
112.110000 26.495000 2589.260900
112.140000 26.966000 2580.618600
112.170000 27.437000 2568.851800
112.200000 27.907000 2562.443000
112.240000 28.378000 2591.744270
112.270000 28.849000 2582.378600
112.300000 29.320000 2556.662000
112.340000 29.790000 2528.739000
112.370000 30.261000 2516.723000
112.410000 30.732000 2526.754000
112.440000 31.203000 2565.434620
112.480000 31.673000 2566.595400
112.520000 32.144000 2572.363260
112.560000 32.615000 2553.434000
112.600000 33.085000 2578.540807
112.640000 33.556000 2567.130000
112.680000 34.027000 2562.277800
112.720000 34.498000 2568.121400
112.770000 34.968000 2544.287400
112.810000 35.439000 2577.614000
112.860000 35.910000 2577.316000
112.910000 36.381000 2596.527000
112.960000 36.851000 2597.231400
113.010000 37.322000 2599.005000
113.060000 37.793000 2588.569800
113.110000 38.264000 2594.978600
113.160000 38.734000 2618.648000
113.220000 39.205000 2638.589000
113.270000 39.676000 2606.742000
113.330000 40.147000 2638.279000
113.390000 40.617000 2626.877000
113.450000 41.088000 2621.300000
113.510000 41.559000 2593.843000
113.570000 42.030000 2617.223400
112.360000 21.788000 2607.803000
112.390000 22.259000 2573.657000
112.410000 22.729000 2580.033000
112.440000 23.200000 2577.198000
112.460000 23.671000 2569.611000
112.490000 24.141000 2550.394000
112.520000 24.612000 2588.411000
112.550000 25.083000 2598.546000
112.580000 25.554000 2595.799000
112.610000 26.024000 2565.131000
112.640000 26.495000 2571.022000
112.670000 26.966000 2582.781000
112.700000 27.437000 2551.045000
112.740000 27.907000 2569.607000
112.770000 28.378000 2573.918300
112.800000 28.849000 2544.303000
112.840000 29.320000 2525.300000
112.880000 29.790000 2546.478400
112.910000 30.261000 2516.105700
112.950000 30.732000 2564.960000
112.990000 31.203000 2577.774500
113.030000 31.673000 2575.542000
113.070000 32.144000 2556.758000
113.120000 32.615000 2551.812000
113.160000 33.085000 2579.759000
113.200000 33.556000 2565.022000
113.250000 34.027000 2566.973500
113.290000 34.498000 2541.367500
113.340000 34.968000 2542.784100
113.390000 35.439000 2566.543000
113.440000 35.910000 2585.994000
113.490000 36.381000 2569.307000
113.540000 36.851000 2552.435200
113.600000 37.322000 2588.117880
113.650000 37.793000 2605.503700
113.710000 38.264000 2618.816500
113.760000 38.734000 2621.115610
113.820000 39.205000 2615.865600
113.880000 39.676000 2633.023000
113.940000 40.147000 2610.227000
114.010000 40.617000 2631.023000
114.070000 41.088000 2613.946000
114.140000 41.559000 2602.354000
114.200000 42.030000 2596.633900
112.870000 21.788000 2618.481900
112.890000 22.259000 2580.395000
112.920000 22.729000 2571.431000
112.950000 23.200000 2577.986000
112.980000 23.671000 2562.284000
113.010000 24.141000 2567.848000
113.040000 24.612000 2561.340000
113.070000 25.083000 2568.158000
113.100000 25.554000 2540.935000
113.130000 26.024000 2582.122000
113.160000 26.495000 2566.368000
113.200000 26.966000 2579.471000
113.230000 27.437000 2576.134000
113.270000 27.907000 2581.835000
113.300000 28.378000 2561.830000
113.340000 28.849000 2581.865000
113.380000 29.320000 2567.275000
113.420000 29.790000 2582.935800
113.460000 30.261000 2576.864000
113.500000 30.732000 2579.789000
113.540000 31.203000 2575.865000
113.580000 31.673000 2579.983100
113.630000 32.144000 2544.042000
113.670000 32.615000 2548.554000
113.720000 33.085000 2539.849000
113.770000 33.556000 2547.089500
113.820000 34.027000 2543.901800
113.860000 34.498000 2514.778900
113.920000 34.968000 2476.422400
113.970000 35.439000 2487.658900
114.020000 35.910000 2544.134500
114.070000 36.381000 2583.763000
114.130000 36.851000 2564.723000
114.190000 37.322000 2567.132000
114.250000 37.793000 2618.613270
114.310000 38.264000 2621.536000
114.370000 38.734000 2599.272200
114.430000 39.205000 2589.552500
114.490000 39.676000 2604.273000
114.560000 40.147000 2613.006500
114.620000 40.617000 2619.662000
114.690000 41.088000 2608.548000
114.760000 41.559000 2618.636000
114.840000 42.030000 2588.646000
113.370000 21.788000 2582.496000
113.400000 22.259000 2540.372000
113.430000 22.729000 2565.111000
113.460000 23.200000 2584.772000
113.490000 23.671000 2577.807000
113.520000 24.141000 2585.073000
113.550000 24.612000 2557.937000
113.590000 25.083000 2565.852000
113.620000 25.554000 2572.342000
113.650000 26.024000 2558.236000
113.690000 26.495000 2569.754000
113.720000 26.966000 2568.555000
113.760000 27.437000 2588.913000
113.800000 27.907000 2576.305000
113.840000 28.378000 2575.396000
113.880000 28.849000 2565.276000
113.920000 29.320000 2555.743000
113.960000 29.790000 2586.033000
114.000000 30.261000 2595.275000
114.050000 30.732000 2607.827000
114.090000 31.203000 2596.792900
114.140000 31.673000 2569.330000
114.180000 32.144000 2585.437000
114.230000 32.615000 2562.911600
114.280000 33.085000 2543.779000
114.330000 33.556000 2514.546500
114.380000 34.027000 2480.293500
114.440000 34.498000 2466.749520
114.490000 34.968000 2458.561300
114.540000 35.439000 2490.250400
114.600000 35.910000 2523.035000
114.660000 36.381000 2529.790900
114.720000 36.851000 2501.514000
114.780000 37.322000 2535.509000
114.840000 37.793000 2572.055000
114.900000 38.264000 2569.915000
114.970000 38.734000 2593.152000
115.030000 39.205000 2600.015200
115.100000 39.676000 2616.134800
115.170000 40.147000 2610.375000
115.240000 40.617000 2638.559000
115.320000 41.088000 2596.179800
115.390000 41.559000 2595.091000
115.470000 42.030000 2600.643000
113.880000 21.788000 2432.460000
113.910000 22.259000 2427.080000
113.940000 22.729000 2565.717000
113.970000 23.200000 2582.734000
114.000000 23.671000 2550.176000
114.040000 24.141000 2568.202000
114.070000 24.612000 2551.107000
114.100000 25.083000 2562.201000
114.140000 25.554000 2557.390000
114.180000 26.024000 2537.299000
114.210000 26.495000 2557.691000
114.250000 26.966000 2577.498000
114.290000 27.437000 2563.703000
114.330000 27.907000 2588.430000
114.370000 28.378000 2582.811000
114.410000 28.849000 2588.993000
114.460000 29.320000 2582.267900
114.500000 29.790000 2610.250000
114.550000 30.261000 2618.925000
114.590000 30.732000 2611.301000
114.640000 31.203000 2602.100600
114.690000 31.673000 2586.374000
114.740000 32.144000 2585.653000
114.790000 32.615000 2553.582500
114.840000 33.085000 2538.954900
114.890000 33.556000 2484.817000
114.950000 34.027000 2454.046300
115.010000 34.498000 2484.935600
115.060000 34.968000 2484.122000
115.120000 35.439000 2480.885519
115.180000 35.910000 2486.676600
115.240000 36.381000 2499.363000
115.300000 36.851000 2485.303000
115.370000 37.322000 2516.553000
115.430000 37.793000 2502.536000
115.500000 38.264000 2505.793000
115.570000 38.734000 2529.096000
115.640000 39.205000 2593.414000
115.710000 39.676000 2627.161000
115.790000 40.147000 2627.722000
115.860000 40.617000 2631.284000
115.940000 41.088000 2626.113000
116.020000 41.559000 2618.797600
116.100000 42.030000 2595.596000
114.390000 21.788000 2320.123100
114.420000 22.259000 2368.438800
114.450000 22.729000 2560.307000
114.480000 23.200000 2585.035000
114.520000 23.671000 2575.838000
114.550000 24.141000 2583.844000
114.590000 24.612000 2568.775000
114.620000 25.083000 2570.879000
114.660000 25.554000 2578.202000
114.700000 26.024000 2561.246000
114.740000 26.495000 2571.679400
114.780000 26.966000 2587.512700
114.820000 27.437000 2578.240000
114.860000 27.907000 2575.856000
114.910000 28.378000 2583.579000
114.950000 28.849000 2560.678000
115.000000 29.320000 2594.008900
115.040000 29.790000 2609.707000
115.090000 30.261000 2618.946200
115.140000 30.732000 2602.466000
115.190000 31.203000 2607.442500
115.240000 31.673000 2611.195600
115.290000 32.144000 2569.597650
115.350000 32.615000 2552.024000
115.400000 33.085000 2523.397700
115.460000 33.556000 2488.909000
115.520000 34.027000 2486.353100
115.580000 34.498000 2486.786000
115.640000 34.968000 2490.032000
115.700000 35.439000 2512.100000
115.760000 35.910000 2497.341800
115.830000 36.381000 2477.135000
115.890000 36.851000 2503.637000
115.960000 37.322000 2528.593000
116.030000 37.793000 2483.351000
116.100000 38.264000 2482.540000
116.170000 38.734000 2500.035000
116.250000 39.205000 2541.339000
116.320000 39.676000 2585.459000
116.400000 40.147000 2608.265000
116.480000 40.617000 2629.899000
116.560000 41.088000 2609.930490
116.650000 41.559000 2599.518000
116.730000 42.030000 2584.513000
114.890000 21.788000 2334.201000
114.920000 22.259000 2342.877000
114.960000 22.729000 2448.480000
114.990000 23.200000 2559.108000
115.030000 23.671000 2582.691000
115.070000 24.141000 2591.030000
115.100000 24.612000 2581.350000
115.140000 25.083000 2589.775000
115.180000 25.554000 2576.262000
115.220000 26.024000 2569.809000
115.260000 26.495000 2557.494000
115.310000 26.966000 2561.784000
115.350000 27.437000 2551.611000
115.390000 27.907000 2570.158000
115.440000 28.378000 2578.003000
115.490000 28.849000 2591.693000
115.530000 29.320000 2587.785000
115.580000 29.790000 2609.787900
115.630000 30.261000 2610.524200
115.690000 30.732000 2569.195000
115.740000 31.203000 2602.139600
115.790000 31.673000 2629.559000
115.850000 32.144000 2572.951380
115.900000 32.615000 2562.558000
115.960000 33.085000 2544.840500
116.020000 33.556000 2511.064300
116.080000 34.027000 2507.269300
116.150000 34.498000 2505.923900
116.210000 34.968000 2517.319000
116.270000 35.439000 2530.809000
116.340000 35.910000 2499.828500
116.410000 36.381000 2497.099400
116.480000 36.851000 2484.503000
116.550000 37.322000 2480.144000
116.620000 37.793000 2472.798000
116.700000 38.264000 2499.478000
116.780000 38.734000 2495.270000
116.850000 39.205000 2490.145000
116.930000 39.676000 2525.669000
117.020000 40.147000 2605.324000
117.100000 40.617000 2622.675000
117.190000 41.088000 2622.444000
117.280000 41.559000 2586.702000
117.370000 42.030000 2595.351000
115.400000 21.788000 2279.565600
115.430000 22.259000 2267.485000
115.470000 22.729000 2376.873000
115.500000 23.200000 2550.328000
115.540000 23.671000 2580.581000
115.580000 24.141000 2590.903600
115.620000 24.612000 2588.726000
115.660000 25.083000 2577.186000
115.700000 25.554000 2579.159000
115.740000 26.024000 2574.940000
115.790000 26.495000 2572.207000
115.830000 26.966000 2555.358000
115.880000 27.437000 2565.293000
115.930000 27.907000 2571.239000
115.970000 28.378000 2595.976400
116.020000 28.849000 2603.566500
116.070000 29.320000 2592.859300
116.130000 29.790000 2592.387900
116.180000 30.261000 2598.763000
116.230000 30.732000 2567.869000
116.290000 31.203000 2610.613700
116.340000 31.673000 2613.537000
116.400000 32.144000 2578.455300
116.460000 32.615000 2574.007200
116.520000 33.085000 2554.993000
116.590000 33.556000 2569.779100
116.650000 34.027000 2555.063910
116.720000 34.498000 2561.996000
116.780000 34.968000 2570.204000
116.850000 35.439000 2559.585200
116.920000 35.910000 2543.796000
116.990000 36.381000 2520.116300
117.070000 36.851000 2518.071000
117.140000 37.322000 2478.310000
117.220000 37.793000 2481.002000
117.300000 38.264000 2443.085000
117.380000 38.734000 2464.598000
117.460000 39.205000 2487.538000
117.540000 39.676000 2526.213000
117.630000 40.147000 2583.645100
117.720000 40.617000 2613.467300
117.810000 41.088000 2628.977000
117.900000 41.559000 2592.370000
118.000000 42.030000 2612.141420
115.900000 21.788000 2338.851100
115.940000 22.259000 2303.952000
115.980000 22.729000 2426.558000
116.020000 23.200000 2556.279000
116.050000 23.671000 2560.584000
116.100000 24.141000 2582.851400
116.140000 24.612000 2596.288000
116.180000 25.083000 2572.318000
116.220000 25.554000 2558.096000
116.270000 26.024000 2590.026000
116.310000 26.495000 2574.973000
116.360000 26.966000 2597.789000
116.410000 27.437000 2584.126000
116.460000 27.907000 2589.415000
116.510000 28.378000 2583.940100
116.560000 28.849000 2593.000000
116.610000 29.320000 2598.120900
116.670000 29.790000 2589.738900
116.720000 30.261000 2599.577000
116.780000 30.732000 2604.390500
116.840000 31.203000 2614.043700
116.900000 31.673000 2596.619000
116.960000 32.144000 2600.858000
117.020000 32.615000 2574.053500
117.080000 33.085000 2573.187700
117.150000 33.556000 2574.973700
117.220000 34.027000 2565.070500
117.290000 34.498000 2588.406600
117.360000 34.968000 2594.305300
117.430000 35.439000 2586.643100
117.500000 35.910000 2577.492500
117.580000 36.381000 2540.501500
117.650000 36.851000 2544.865000
117.730000 37.322000 2501.265000
117.810000 37.793000 2472.869000
117.890000 38.264000 2310.665000
117.980000 38.734000 2211.782500
118.070000 39.205000 2439.904400
118.150000 39.676000 2512.080000
118.250000 40.147000 2566.671000
118.340000 40.617000 2582.649790
118.430000 41.088000 2603.107390
118.530000 41.559000 2590.036000
118.630000 42.030000 2585.392000
116.410000 21.788000 2298.557000
116.450000 22.259000 2279.700300
116.490000 22.729000 2440.986000
116.530000 23.200000 2509.967300
116.570000 23.671000 2550.384000
116.610000 24.141000 2572.315000
116.650000 24.612000 2570.230000
116.700000 25.083000 2577.761000
116.740000 25.554000 2574.528400
116.790000 26.024000 2585.533000
116.840000 26.495000 2577.333000
116.890000 26.966000 2596.587100
116.940000 27.437000 2588.241000
116.990000 27.907000 2581.214000
117.040000 28.378000 2596.781470
117.100000 28.849000 2604.949600
117.150000 29.320000 2594.431000
117.210000 29.790000 2586.632000
117.270000 30.261000 2582.903000
117.330000 30.732000 2597.308200
117.390000 31.203000 2577.325000
117.450000 31.673000 2570.522490
117.510000 32.144000 2558.260730
117.580000 32.615000 2555.865200
117.640000 33.085000 2556.282000
117.710000 33.556000 2579.866500
117.780000 34.027000 2570.330500
117.860000 34.498000 2597.464200
117.930000 34.968000 2591.805900
118.000000 35.439000 2597.636400
118.080000 35.910000 2572.015600
118.160000 36.381000 2563.049400
118.240000 36.851000 2555.974000
118.320000 37.322000 2508.508000
118.410000 37.793000 2466.670000
118.490000 38.264000 2195.171000
118.580000 38.734000 2176.717000
118.670000 39.205000 2291.544000
118.770000 39.676000 2487.971700
118.860000 40.147000 2514.003200
118.960000 40.617000 2568.733900
119.060000 41.088000 2593.691000
119.160000 41.559000 2580.909000
119.260000 42.030000 2571.241000
116.920000 21.788000 2232.226000
116.960000 22.259000 2201.826000
117.000000 22.729000 2282.131000
117.040000 23.200000 2376.475000
117.080000 23.671000 2529.508000
117.120000 24.141000 2550.654000
117.170000 24.612000 2562.122000
117.220000 25.083000 2585.935000
117.260000 25.554000 2583.520000
117.310000 26.024000 2591.872000
117.360000 26.495000 2565.384000
117.410000 26.966000 2592.939000
117.470000 27.437000 2607.022000
117.520000 27.907000 2592.573000
117.580000 28.378000 2615.237740
117.630000 28.849000 2603.982000
117.690000 29.320000 2594.198000
117.750000 29.790000 2595.964000
117.810000 30.261000 2586.789000
117.870000 30.732000 2569.475000
117.940000 31.203000 2562.529000
118.000000 31.673000 2586.556000
118.070000 32.144000 2578.057000
118.140000 32.615000 2551.617000
118.210000 33.085000 2558.500000
118.280000 33.556000 2587.518600
118.350000 34.027000 2588.273600
118.430000 34.498000 2588.831497
118.500000 34.968000 2612.102500
118.580000 35.439000 2600.155200
118.660000 35.910000 2596.973000
118.740000 36.381000 2575.811500
118.830000 36.851000 2545.694000
118.910000 37.322000 2502.863000
119.000000 37.793000 2436.651000
119.090000 38.264000 2159.564000
119.180000 38.734000 2067.201000
119.280000 39.205000 2322.386000
119.380000 39.676000 2452.157000
119.470000 40.147000 2503.784000
119.580000 40.617000 2579.578000
119.680000 41.088000 2593.991000
119.790000 41.559000 2578.461000
119.900000 42.030000 2571.085300
117.420000 21.788000 2153.189000
117.460000 22.259000 2111.922000
117.510000 22.729000 2149.382000
117.550000 23.200000 2300.324000
117.590000 23.671000 2434.892000
117.640000 24.141000 2527.866000
117.690000 24.612000 2579.925000
117.740000 25.083000 2563.253000
117.780000 25.554000 2578.628000
117.840000 26.024000 2579.904000
117.890000 26.495000 2588.877700
117.940000 26.966000 2610.847500
118.000000 27.437000 2602.189400
118.050000 27.907000 2598.240000
118.110000 28.378000 2616.632700
118.170000 28.849000 2597.138000
118.230000 29.320000 2588.957000
118.290000 29.790000 2603.146900
118.350000 30.261000 2566.865000
118.420000 30.732000 2595.422000
118.480000 31.203000 2584.748000
118.550000 31.673000 2573.492000
118.620000 32.144000 2569.327000
118.690000 32.615000 2545.182000
118.770000 33.085000 2564.004000
118.840000 33.556000 2574.876300
118.920000 34.027000 2585.893740
119.000000 34.498000 2599.009000
119.080000 34.968000 2569.986000
119.160000 35.439000 2589.164700
119.240000 35.910000 2609.640000
119.330000 36.381000 2604.207000
119.410000 36.851000 2566.380000
119.500000 37.322000 2477.494000
119.600000 37.793000 2380.187000
119.690000 38.264000 2374.120000
119.790000 38.734000 2187.647000
119.880000 39.205000 2064.722000
119.990000 39.676000 2158.664000
120.090000 40.147000 2417.045100
120.190000 40.617000 2509.850400
120.300000 41.088000 2574.116000
120.410000 41.559000 2585.390000
120.530000 42.030000 2591.846700
117.930000 21.788000 2052.739000
117.970000 22.259000 2002.969000
118.010000 22.729000 2074.724000
118.060000 23.200000 2232.083000
118.110000 23.671000 2425.851000
118.150000 24.141000 2499.886000
118.200000 24.612000 2536.275600
118.250000 25.083000 2565.431000
118.310000 25.554000 2577.468000
118.360000 26.024000 2592.396000
118.410000 26.495000 2594.876000
118.470000 26.966000 2600.490000
118.530000 27.437000 2579.775000
118.580000 27.907000 2614.034000
118.640000 28.378000 2599.149600
118.700000 28.849000 2619.802500
118.770000 29.320000 2591.465000
118.830000 29.790000 2587.667000
118.900000 30.261000 2582.552000
118.970000 30.732000 2604.720000
119.030000 31.203000 2584.517800
119.100000 31.673000 2578.728000
119.180000 32.144000 2558.399000
119.250000 32.615000 2543.002000
119.330000 33.085000 2556.314000
119.400000 33.556000 2556.245000
119.480000 34.027000 2557.385000
119.570000 34.498000 2571.045000
119.650000 34.968000 2605.634000
119.730000 35.439000 2590.469700
119.820000 35.910000 2590.802500
119.910000 36.381000 2616.879000
120.000000 36.851000 2590.698300
120.090000 37.322000 2551.638800
120.190000 37.793000 2547.179000
120.290000 38.264000 2361.779000
120.390000 38.734000 2138.035000
120.490000 39.205000 2049.727000
120.600000 39.676000 2078.918000
120.700000 40.147000 2203.225000
120.810000 40.617000 2297.499000
120.930000 41.088000 2540.170000
121.040000 41.559000 2582.508000
121.160000 42.030000 2613.516000
118.430000 21.788000 1866.300000
118.480000 22.259000 1820.289000
118.520000 22.729000 2063.155000
118.570000 23.200000 2226.832000
118.620000 23.671000 2389.873000
118.670000 24.141000 2476.374000
118.720000 24.612000 2501.294000
118.770000 25.083000 2563.025000
118.830000 25.554000 2579.556000
118.880000 26.024000 2581.733000
118.940000 26.495000 2571.245000
119.000000 26.966000 2573.225000
119.050000 27.437000 2586.774000
119.120000 27.907000 2608.132000
119.180000 28.378000 2596.279000
119.240000 28.849000 2594.241100
119.310000 29.320000 2599.631700
119.370000 29.790000 2586.273000
119.440000 30.261000 2604.233600
119.510000 30.732000 2601.621800
119.580000 31.203000 2583.185000
119.660000 31.673000 2572.897000
119.730000 32.144000 2559.516000
119.810000 32.615000 2536.662000
119.890000 33.085000 2547.833000
119.970000 33.556000 2551.947000
120.050000 34.027000 2558.417000
120.140000 34.498000 2544.460000
120.220000 34.968000 2503.722000
120.310000 35.439000 2487.018000
120.400000 35.910000 2456.538800
120.490000 36.381000 2581.307000
120.590000 36.851000 2615.813000
120.690000 37.322000 2583.281200
120.780000 37.793000 2567.871000
120.890000 38.264000 2449.401000
120.990000 38.734000 2338.630000
121.100000 39.205000 2343.774000
121.210000 39.676000 2355.423000
121.320000 40.147000 2378.260690
121.430000 40.617000 2487.887000
121.550000 41.088000 2550.995000
121.670000 41.559000 2588.757000
121.790000 42.030000 2622.008000
118.940000 21.788000 1887.420000
118.990000 22.259000 1854.515000
119.030000 22.729000 2053.759000
119.080000 23.200000 2249.674000
119.130000 23.671000 2408.444000
119.180000 24.141000 2439.174000
119.240000 24.612000 2430.816000
119.290000 25.083000 2542.856000
119.350000 25.554000 2576.099000
119.400000 26.024000 2567.925000
119.460000 26.495000 2553.159000
119.520000 26.966000 2569.640000
119.580000 27.437000 2596.625000
119.650000 27.907000 2562.376000
119.710000 28.378000 2592.781000
119.780000 28.849000 2568.105500
119.850000 29.320000 2587.472600
119.910000 29.790000 2592.216200
119.990000 30.261000 2596.009000
120.060000 30.732000 2579.238920
120.130000 31.203000 2596.101000
120.210000 31.673000 2582.493000
120.290000 32.144000 2559.460000
120.370000 32.615000 2534.553000
120.450000 33.085000 2528.670000
120.530000 33.556000 2503.949000
120.620000 34.027000 2499.966000
120.710000 34.498000 2399.840000
120.790000 34.968000 2380.764000
120.890000 35.439000 2394.877000
120.980000 35.910000 2450.631000
121.080000 36.381000 2543.982690
121.180000 36.851000 2550.405000
121.280000 37.322000 2583.767000
121.380000 37.793000 2539.834000
121.480000 38.264000 2474.789000
121.590000 38.734000 2527.337000
121.700000 39.205000 2537.208000
121.820000 39.676000 2564.678000
121.930000 40.147000 2593.070000
119.450000 21.788000 1901.620000
119.490000 22.259000 1906.770000
119.540000 22.729000 2118.291000
119.590000 23.200000 2360.766000
119.650000 23.671000 2487.608000
119.700000 24.141000 2357.339000
119.750000 24.612000 2375.324000
119.810000 25.083000 2516.955400
119.870000 25.554000 2566.823700
119.930000 26.024000 2533.399000
119.990000 26.495000 2542.850000
120.050000 26.966000 2538.166000
120.110000 27.437000 2567.253000
120.180000 27.907000 2572.664000
120.250000 28.378000 2579.085000
120.310000 28.849000 2587.024200
120.380000 29.320000 2577.263000
120.460000 29.790000 2582.631600
120.530000 30.261000 2572.721000
120.600000 30.732000 2593.633000
120.680000 31.203000 2573.088000
120.760000 31.673000 2547.075500
120.840000 32.144000 2568.870000
120.920000 32.615000 2521.022000
121.010000 33.085000 2468.051000
121.100000 33.556000 2353.377000
121.180000 34.027000 2366.893000
121.280000 34.498000 2364.869000
121.370000 34.968000 2372.421000
121.460000 35.439000 2414.217000
121.560000 35.910000 2445.151000
121.660000 36.381000 2490.001000
121.760000 36.851000 2542.594000
121.870000 37.322000 2562.512000
121.970000 37.793000 2506.770000
119.950000 21.788000 2181.210000
120.000000 22.259000 2180.086000
120.050000 22.729000 2423.114000
120.100000 23.200000 2517.592500
120.160000 23.671000 2451.918000
120.210000 24.141000 2343.049000
120.270000 24.612000 2330.099000
120.330000 25.083000 2323.627000
120.390000 25.554000 2323.369000
120.450000 26.024000 2300.956000
120.510000 26.495000 2415.603000
120.580000 26.966000 2526.842000
120.640000 27.437000 2543.494030
120.710000 27.907000 2554.123600
120.780000 28.378000 2577.737000
120.850000 28.849000 2572.724500
120.920000 29.320000 2580.024500
121.000000 29.790000 2582.878800
121.070000 30.261000 2581.424300
121.150000 30.732000 2580.915000
121.230000 31.203000 2567.921000
121.310000 31.673000 2579.256000
121.400000 32.144000 2515.279000
121.480000 32.615000 2493.074000
121.570000 33.085000 2443.522000
121.660000 33.556000 2368.020000
121.750000 34.027000 2383.240000
121.850000 34.498000 2347.179000
121.940000 34.968000 2385.960000
120.460000 21.788000 2318.161000
120.510000 22.259000 2311.511000
120.560000 22.729000 2372.888600
120.620000 23.200000 2478.960000
120.670000 23.671000 2489.011000
120.730000 24.141000 2405.422270
120.790000 24.612000 2357.113000
120.850000 25.083000 2397.305000
120.910000 25.554000 2321.776000
120.970000 26.024000 2332.448000
121.040000 26.495000 2383.538000
121.100000 26.966000 2435.969000
121.170000 27.437000 2445.465000
121.240000 27.907000 2504.841000
121.310000 28.378000 2537.345000
121.390000 28.849000 2566.883000
121.460000 29.320000 2574.609400
121.540000 29.790000 2588.438400
121.620000 30.261000 2560.803000
121.700000 30.732000 2550.761000
121.780000 31.203000 2606.191000
121.860000 31.673000 2575.598000
121.950000 32.144000 2534.111000
120.960000 21.788000 2137.915000
121.020000 22.259000 2035.487000
121.070000 22.729000 2132.262000
121.130000 23.200000 2310.722000
121.180000 23.671000 2513.335000
121.240000 24.141000 2507.648000
121.300000 24.612000 2462.014000
121.370000 25.083000 2412.246000
121.430000 25.554000 2297.722000
121.500000 26.024000 2315.281000
121.560000 26.495000 2340.414000
121.630000 26.966000 2362.156000
121.700000 27.437000 2385.230000
121.770000 27.907000 2450.130000
121.850000 28.378000 2557.431000
121.920000 28.849000 2598.563000
121.470000 21.788000 1856.310000
121.520000 22.259000 1824.210000
121.580000 22.729000 1949.240000
121.640000 23.200000 2194.340000
121.700000 23.671000 2331.455000
121.760000 24.141000 2300.561000
121.820000 24.612000 2269.422000
121.880000 25.083000 2172.800000
121.950000 25.554000 2148.340000
121.970000 21.788000 1701.710000
