104.770000 21.788000 3230.702600
104.770000 22.259000 3229.568000
104.770000 22.729000 3235.989800
104.770000 23.200000 3256.704000
104.770000 23.671000 3252.607000
104.770000 24.141000 3250.260000
104.770000 24.612000 3256.938000
104.770000 25.083000 3254.425000
104.770000 25.554000 3264.147000
104.770000 26.024000 3262.703000
104.760000 26.495000 3268.435000
104.760000 26.966000 3268.299000
104.760000 27.437000 3273.490000
104.760000 27.907000 3276.909000
104.760000 28.378000 3282.783000
104.760000 28.849000 3285.845000
104.760000 29.320000 3263.520000
104.760000 29.790000 3271.378000
104.760000 30.261000 3292.975000
104.760000 30.732000 3292.185000
104.750000 31.203000 3283.124000
104.750000 31.673000 3288.264000
104.750000 32.144000 3287.027000
104.750000 32.615000 3283.095000
104.750000 33.085000 3282.133000
104.750000 33.556000 3282.815000
104.750000 34.027000 3283.006000
104.740000 34.498000 3281.668000
104.740000 34.968000 3281.161000
104.740000 35.439000 3281.882000
104.740000 35.910000 3281.244000
104.740000 36.381000 3282.602000
104.740000 36.851000 3283.655000
104.740000 37.322000 3287.797000
104.730000 37.793000 3280.791000
104.730000 38.264000 3279.701000
104.730000 38.734000 3278.300000
104.730000 39.205000 3280.242000
104.730000 39.676000 3275.071000
104.720000 40.147000 3266.595000
104.720000 40.617000 3264.543000
104.720000 41.088000 3268.859000
104.720000 41.559000 3272.828000
104.720000 42.030000 3268.064000
105.280000 21.788000 3231.268100
105.280000 22.259000 3233.459840
105.280000 22.729000 3233.410670
105.280000 23.200000 3241.406900
105.280000 23.671000 3256.634000
105.280000 24.141000 3253.727000
105.290000 24.612000 3256.367000
105.290000 25.083000 3256.649000
105.290000 25.554000 3262.637000
105.290000 26.024000 3260.038000
105.290000 26.495000 3263.979000
105.290000 26.966000 3273.925000
105.290000 27.437000 3275.870000
105.290000 27.907000 3276.822000
105.290000 28.378000 3282.103000
105.300000 28.849000 3283.605000
105.300000 29.320000 3273.253000
105.300000 29.790000 3276.528000
105.300000 30.261000 3296.898000
105.300000 30.732000 3286.959000
105.300000 31.203000 3284.638000
105.300000 31.673000 3290.211000
105.310000 32.144000 3290.349000
105.310000 32.615000 3283.391000
105.310000 33.085000 3281.806000
105.310000 33.556000 3282.689000
105.310000 34.027000 3282.970000
105.310000 34.498000 3282.159000
105.320000 34.968000 3281.442000
105.320000 35.439000 3281.455000
105.320000 35.910000 3280.198000
105.320000 36.381000 3280.649000
105.320000 36.851000 3281.666000
105.330000 37.322000 3284.644000
105.330000 37.793000 3280.243000
105.330000 38.264000 3277.744000
105.330000 38.734000 3278.593000
105.330000 39.205000 3281.346000
105.340000 39.676000 3278.242000
105.340000 40.147000 3272.289000
105.340000 40.617000 3271.634000
105.340000 41.088000 3275.266000
105.350000 41.559000 3278.310000
105.350000 42.030000 3269.144000
105.790000 21.788000 3237.592200
105.790000 22.259000 3247.007000
105.790000 22.729000 3240.117800
105.790000 23.200000 3237.668400
105.800000 23.671000 3243.326000
105.800000 24.141000 3242.767700
105.800000 24.612000 3252.051000
105.810000 25.083000 3259.786000
105.810000 25.554000 3253.248000
105.810000 26.024000 3244.584300
105.810000 26.495000 3270.413000
105.820000 26.966000 3268.648000
105.820000 27.437000 3275.196000
105.830000 27.907000 3269.326000
105.830000 28.378000 3272.384000
105.830000 28.849000 3279.907000
105.840000 29.320000 3281.210000
105.840000 29.790000 3281.646000
105.840000 30.261000 3287.041000
105.850000 30.732000 3291.341000
105.850000 31.203000 3285.824000
105.860000 31.673000 3283.643000
105.860000 32.144000 3283.852000
105.870000 32.615000 3277.021000
105.870000 33.085000 3279.102000
105.870000 33.556000 3280.704000
105.880000 34.027000 3280.675000
105.880000 34.498000 3279.444000
105.890000 34.968000 3275.766000
105.890000 35.439000 3273.619000
105.900000 35.910000 3268.583000
105.910000 36.381000 3268.145000
105.910000 36.851000 3272.130000
105.920000 37.322000 3279.550000
105.920000 37.793000 3279.350000
105.930000 38.264000 3275.774000
105.930000 38.734000 3282.108000
105.940000 39.205000 3278.375000
105.950000 39.676000 3275.295000
105.950000 40.147000 3272.297000
105.960000 40.617000 3273.892000
105.970000 41.088000 3273.015000
105.970000 41.559000 3270.245000
105.980000 42.030000 3262.028000
106.290000 21.788000 3234.686000
106.300000 22.259000 3238.420700
106.300000 22.729000 3239.826400
106.300000 23.200000 3245.137200
106.310000 23.671000 3241.612400
106.310000 24.141000 3244.553000
106.320000 24.612000 3251.873000
106.320000 25.083000 3264.582000
106.330000 25.554000 3256.780000
106.330000 26.024000 3253.616700
106.340000 26.495000 3259.495000
106.350000 26.966000 3262.663000
106.350000 27.437000 3273.288000
106.360000 27.907000 3266.288000
106.360000 28.378000 3269.295000
106.370000 28.849000 3278.019000
106.380000 29.320000 3285.681000
106.380000 29.790000 3289.187000
106.390000 30.261000 3293.389000
106.390000 30.732000 3291.763000
106.400000 31.203000 3290.808000
106.410000 31.673000 3288.366000
106.420000 32.144000 3277.587000
106.420000 32.615000 3280.647000
106.430000 33.085000 3279.460000
106.440000 33.556000 3281.462000
106.450000 34.027000 3278.947000
106.450000 34.498000 3274.435000
106.460000 34.968000 3273.743000
106.470000 35.439000 3267.675000
106.480000 35.910000 3258.970000
106.490000 36.381000 3265.083000
106.500000 36.851000 3269.674000
106.510000 37.322000 3271.782000
106.520000 37.793000 3270.034000
106.530000 38.264000 3264.912000
106.540000 38.734000 3272.388000
106.550000 39.205000 3276.910000
106.560000 39.676000 3270.457000
106.570000 40.147000 3269.724000
106.580000 40.617000 3273.435000
106.590000 41.088000 3270.645000
106.600000 41.559000 3263.692000
106.610000 42.030000 3253.170000
106.800000 21.788000 3229.947100
106.800000 22.259000 3231.965800
106.810000 22.729000 3240.385300
106.820000 23.200000 3244.425000
106.820000 23.671000 3240.012300
106.830000 24.141000 3242.712400
106.840000 24.612000 3254.566000
106.840000 25.083000 3255.646000
106.850000 25.554000 3257.591000
106.860000 26.024000 3248.544900
106.860000 26.495000 3249.051900
106.870000 26.966000 3259.918000
106.880000 27.437000 3266.109000
106.890000 27.907000 3264.834000
106.900000 28.378000 3263.761000
106.910000 28.849000 3263.322000
106.910000 29.320000 3277.102000
106.920000 29.790000 3289.615000
106.930000 30.261000 3294.867000
106.940000 30.732000 3298.897000
106.950000 31.203000 3294.105000
106.960000 31.673000 3285.013000
106.970000 32.144000 3275.572000
106.980000 32.615000 3281.618000
106.990000 33.085000 3271.245000
107.000000 33.556000 3278.434000
107.010000 34.027000 3274.014000
107.020000 34.498000 3273.642000
107.040000 34.968000 3266.099000
107.050000 35.439000 3262.283000
107.060000 35.910000 3268.697000
107.070000 36.381000 3262.375000
107.090000 36.851000 3269.616000
107.100000 37.322000 3281.772000
107.110000 37.793000 3283.042000
107.130000 38.264000 3279.591000
107.140000 38.734000 3273.233000
107.150000 39.205000 3262.680000
107.170000 39.676000 3258.072000
107.180000 40.147000 3267.008000
107.200000 40.617000 3268.544000
107.210000 41.088000 3268.004000
107.230000 41.559000 3257.250000
107.250000 42.030000 3249.693000
107.300000 21.788000 3222.366000
107.310000 22.259000 3226.641000
107.320000 22.729000 3238.763700
107.330000 23.200000 3240.979700
107.330000 23.671000 3242.469400
107.340000 24.141000 3252.133000
107.350000 24.612000 3251.505000
107.360000 25.083000 3248.889000
107.370000 25.554000 3250.657000
107.380000 26.024000 3248.775000
107.390000 26.495000 3254.237100
107.400000 26.966000 3262.027900
107.410000 27.437000 3259.607900
107.420000 27.907000 3264.187500
107.430000 28.378000 3259.513500
107.440000 28.849000 3264.312000
107.450000 29.320000 3270.112000
107.460000 29.790000 3279.389000
107.480000 30.261000 3284.388000
107.490000 30.732000 3287.371000
107.500000 31.203000 3284.269000
107.510000 31.673000 3276.072000
107.530000 32.144000 3274.119000
107.540000 32.615000 3275.479000
107.550000 33.085000 3271.850000
107.570000 33.556000 3283.258000
107.580000 34.027000 3270.768000
107.590000 34.498000 3275.920000
107.610000 34.968000 3278.411000
107.620000 35.439000 3276.125000
107.640000 35.910000 3273.238000
107.660000 36.381000 3261.740000
107.670000 36.851000 3265.417000
107.690000 37.322000 3277.384000
107.710000 37.793000 3279.032000
107.720000 38.264000 3282.936000
107.740000 38.734000 3284.037000
107.760000 39.205000 3273.879000
107.780000 39.676000 3260.588000
107.800000 40.147000 3265.538000
107.820000 40.617000 3269.784000
107.840000 41.088000 3261.793000
107.860000 41.559000 3257.496000
107.880000 42.030000 3247.479000
107.810000 21.788000 3223.707000
107.820000 22.259000 3225.596800
107.830000 22.729000 3233.749280
107.840000 23.200000 3238.258100
107.850000 23.671000 3247.545000
107.860000 24.141000 3253.056000
107.870000 24.612000 3246.740000
107.880000 25.083000 3250.345000
107.890000 25.554000 3248.328000
107.900000 26.024000 3252.728000
107.910000 26.495000 3258.781800
107.930000 26.966000 3255.395800
107.940000 27.437000 3252.583300
107.950000 27.907000 3261.791900
107.960000 28.378000 3260.964800
107.980000 28.849000 3258.214000
107.990000 29.320000 3266.948000
108.010000 29.790000 3268.406000
108.020000 30.261000 3266.909000
108.030000 30.732000 3265.892000
108.050000 31.203000 3260.084000
108.060000 31.673000 3267.430000
108.080000 32.144000 3273.073000
108.100000 32.615000 3268.492000
108.110000 33.085000 3263.673000
108.130000 33.556000 3281.385000
108.150000 34.027000 3272.478000
108.160000 34.498000 3279.540000
108.180000 34.968000 3278.641000
108.200000 35.439000 3265.144000
108.220000 35.910000 3255.706000
108.240000 36.381000 3257.990000
108.260000 36.851000 3267.806000
108.280000 37.322000 3262.320000
108.300000 37.793000 3271.493000
108.320000 38.264000 3279.736000
108.340000 38.734000 3283.817000
108.370000 39.205000 3268.923000
108.390000 39.676000 3260.508000
108.410000 40.147000 3261.588000
108.440000 40.617000 3260.643000
108.460000 41.088000 3254.967000
108.490000 41.559000 3254.463000
108.510000 42.030000 3245.591000
108.310000 21.788000 3227.512500
108.330000 22.259000 3223.541000
108.340000 22.729000 3229.978100
108.350000 23.200000 3233.181200
108.360000 23.671000 3251.232000
108.370000 24.141000 3249.917000
108.390000 24.612000 3245.410000
108.400000 25.083000 3248.533000
108.410000 25.554000 3250.072000
108.430000 26.024000 3254.058000
108.440000 26.495000 3247.854700
108.450000 26.966000 3250.011600
108.470000 27.437000 3251.031000
108.480000 27.907000 3253.628800
108.500000 28.378000 3255.786400
108.510000 28.849000 3259.233000
108.530000 29.320000 3269.505000
108.550000 29.790000 3273.539000
108.560000 30.261000 3271.032100
108.580000 30.732000 3257.627500
108.600000 31.203000 3252.589800
108.620000 31.673000 3260.062300
108.640000 32.144000 3262.643000
108.650000 32.615000 3260.600000
108.670000 33.085000 3263.774000
108.690000 33.556000 3267.728000
108.710000 34.027000 3268.383000
108.730000 34.498000 3272.379000
108.760000 34.968000 3271.458000
108.780000 35.439000 3263.847000
108.800000 35.910000 3260.949000
108.820000 36.381000 3267.459000
108.850000 36.851000 3257.663000
108.870000 37.322000 3254.418000
108.900000 37.793000 3268.768000
108.920000 38.264000 3278.840000
108.950000 38.734000 3278.375000
108.970000 39.205000 3264.462000
109.000000 39.676000 3259.025400
109.030000 40.147000 3252.900000
109.050000 40.617000 3254.602000
109.080000 41.088000 3252.161000
109.110000 41.559000 3247.196000
109.140000 42.030000 3252.580000
108.820000 21.788000 3225.460700
108.830000 22.259000 3222.740000
108.850000 22.729000 3227.051000
108.860000 23.200000 3231.740500
108.870000 23.671000 3242.027700
108.890000 24.141000 3243.328700
108.900000 24.612000 3236.711300
108.920000 25.083000 3243.128800
108.930000 25.554000 3245.929000
108.950000 26.024000 3244.347600
108.960000 26.495000 3237.129700
108.980000 26.966000 3236.031300
109.000000 27.437000 3238.462900
109.010000 27.907000 3240.669400
109.030000 28.378000 3246.828640
109.050000 28.849000 3257.578800
109.070000 29.320000 3264.843900
109.090000 29.790000 3265.974100
109.110000 30.261000 3265.164200
109.130000 30.732000 3254.804700
109.150000 31.203000 3265.935800
109.170000 31.673000 3258.926800
109.190000 32.144000 3253.644100
109.210000 32.615000 3256.040000
109.230000 33.085000 3259.647000
109.260000 33.556000 3265.462000
109.280000 34.027000 3256.945000
109.300000 34.498000 3259.589000
109.330000 34.968000 3262.121000
109.350000 35.439000 3262.712000
109.380000 35.910000 3259.822000
109.410000 36.381000 3264.630000
109.430000 36.851000 3260.713000
109.460000 37.322000 3264.988000
109.490000 37.793000 3278.073000
109.520000 38.264000 3276.296000
109.550000 38.734000 3257.855000
109.580000 39.205000 3243.105800
109.610000 39.676000 3244.547200
109.640000 40.147000 3246.199000
109.670000 40.617000 3247.997000
109.710000 41.088000 3249.959000
109.740000 41.559000 3248.960000
109.780000 42.030000 3246.560000
109.330000 21.788000 3225.249700
109.340000 22.259000 3222.562000
109.360000 22.729000 3226.712100
109.370000 23.200000 3231.194700
109.390000 23.671000 3236.069300
109.400000 24.141000 3237.866200
109.420000 24.612000 3235.741400
109.440000 25.083000 3240.040900
109.450000 25.554000 3244.026200
109.470000 26.024000 3239.321900
109.490000 26.495000 3242.003310
109.510000 26.966000 3238.607500
109.530000 27.437000 3241.303900
109.550000 27.907000 3234.785900
109.570000 28.378000 3232.875800
109.590000 28.849000 3243.796000
109.610000 29.320000 3251.374530
109.630000 29.790000 3253.044090
109.650000 30.261000 3242.940810
109.670000 30.732000 3246.550440
109.700000 31.203000 3255.541000
109.720000 31.673000 3251.848200
109.740000 32.144000 3251.929400
109.770000 32.615000 3252.499000
109.800000 33.085000 3257.933000
109.820000 33.556000 3257.155000
109.850000 34.027000 3252.032000
109.870000 34.498000 3251.730000
109.900000 34.968000 3257.939000
109.930000 35.439000 3255.973000
109.960000 35.910000 3251.845000
109.990000 36.381000 3259.417000
110.020000 36.851000 3262.728000
110.050000 37.322000 3260.932000
110.080000 37.793000 3261.174000
110.120000 38.264000 3252.233000
110.150000 38.734000 3243.840500
110.180000 39.205000 3245.537400
110.220000 39.676000 3242.313200
110.260000 40.147000 3244.494000
110.290000 40.617000 3242.340000
110.330000 41.088000 3249.081000
110.370000 41.559000 3246.301000
110.410000 42.030000 3246.056800
109.830000 21.788000 3226.336000
109.850000 22.259000 3225.266100
109.870000 22.729000 3232.482500
109.880000 23.200000 3228.598800
109.900000 23.671000 3228.344300
109.920000 24.141000 3231.384100
109.940000 24.612000 3233.627710
109.950000 25.083000 3239.143000
109.970000 25.554000 3240.517610
109.990000 26.024000 3238.268800
110.010000 26.495000 3236.316090
110.030000 26.966000 3238.905300
110.060000 27.437000 3232.473000
110.080000 27.907000 3226.153800
110.100000 28.378000 3238.915400
110.120000 28.849000 3238.974000
110.150000 29.320000 3241.212200
110.170000 29.790000 3243.426700
110.200000 30.261000 3238.690400
110.220000 30.732000 3243.406780
110.250000 31.203000 3249.413600
110.270000 31.673000 3242.929900
110.300000 32.144000 3240.202120
110.330000 32.615000 3250.879800
110.360000 33.085000 3246.818300
110.380000 33.556000 3247.899000
110.410000 34.027000 3249.057000
110.440000 34.498000 3248.533000
110.480000 34.968000 3255.812000
110.510000 35.439000 3254.986000
110.540000 35.910000 3251.120000
110.570000 36.381000 3260.051000
110.610000 36.851000 3257.537000
110.640000 37.322000 3254.066000
110.680000 37.793000 3250.607000
110.720000 38.264000 3242.107700
110.750000 38.734000 3241.718700
110.790000 39.205000 3243.555600
110.830000 39.676000 3239.670000
110.870000 40.147000 3239.941300
110.910000 40.617000 3241.376300
110.950000 41.088000 3241.853700
111.000000 41.559000 3241.492800
111.040000 42.030000 3248.496700
110.340000 21.788000 3224.259500
110.360000 22.259000 3225.141300
110.370000 22.729000 3235.106790
110.390000 23.200000 3226.096800
110.410000 23.671000 3225.664100
110.430000 24.141000 3229.964100
110.450000 24.612000 3231.444900
110.470000 25.083000 3238.240400
110.490000 25.554000 3236.897000
110.520000 26.024000 3236.153700
110.540000 26.495000 3234.711530
110.560000 26.966000 3234.782180
110.590000 27.437000 3233.126100
110.610000 27.907000 3229.219800
110.630000 28.378000 3231.271300
110.660000 28.849000 3235.619800
110.690000 29.320000 3237.110800
110.710000 29.790000 3238.173500
110.740000 30.261000 3235.397000
110.770000 30.732000 3238.790200
110.800000 31.203000 3245.003600
110.820000 31.673000 3233.910900
110.850000 32.144000 3237.778690
110.890000 32.615000 3242.114700
110.920000 33.085000 3243.219700
110.950000 33.556000 3248.428000
110.980000 34.027000 3247.062000
111.010000 34.498000 3242.991900
111.050000 34.968000 3244.120600
111.080000 35.439000 3242.666000
111.120000 35.910000 3243.635000
111.160000 36.381000 3253.118000
111.190000 36.851000 3247.065800
111.230000 37.322000 3246.158100
111.270000 37.793000 3245.297600
111.310000 38.264000 3243.165600
111.350000 38.734000 3240.458600
111.400000 39.205000 3236.602400
111.440000 39.676000 3238.232300
111.490000 40.147000 3236.717100
111.530000 40.617000 3236.269700
111.580000 41.088000 3240.691400
111.620000 41.559000 3243.131600
111.670000 42.030000 3254.293200
110.840000 21.788000 3228.668600
110.860000 22.259000 3229.006400
110.880000 22.729000 3231.859800
110.900000 23.200000 3228.310700
110.930000 23.671000 3228.115600
110.950000 24.141000 3230.698400
110.970000 24.612000 3228.555500
110.990000 25.083000 3233.816450
111.020000 25.554000 3239.759500
111.040000 26.024000 3244.546000
111.060000 26.495000 3237.364800
111.090000 26.966000 3237.119600
111.110000 27.437000 3239.534500
111.140000 27.907000 3234.557940
111.170000 28.378000 3233.454600
111.200000 28.849000 3234.012000
111.220000 29.320000 3230.051900
111.250000 29.790000 3233.814010
111.280000 30.261000 3235.373100
111.310000 30.732000 3236.240810
111.340000 31.203000 3235.274920
111.380000 31.673000 3233.650630
111.410000 32.144000 3238.342000
111.440000 32.615000 3239.332300
111.480000 33.085000 3239.638300
111.510000 33.556000 3248.260000
111.550000 34.027000 3246.280000
111.580000 34.498000 3238.657200
111.620000 34.968000 3235.443300
111.660000 35.439000 3235.616800
111.700000 35.910000 3240.129900
111.740000 36.381000 3240.203500
111.780000 36.851000 3236.985000
111.820000 37.322000 3239.646600
111.870000 37.793000 3241.054200
111.910000 38.264000 3239.370200
111.960000 38.734000 3237.391900
112.000000 39.205000 3234.523250
112.050000 39.676000 3234.886000
112.100000 40.147000 3235.036620
112.150000 40.617000 3234.819380
112.200000 41.088000 3235.766600
112.250000 41.559000 3237.516300
112.310000 42.030000 3239.880100
111.350000 21.788000 3225.391500
111.370000 22.259000 3227.454400
111.390000 22.729000 3231.594800
111.420000 23.200000 3229.559700
111.440000 23.671000 3231.797700
111.460000 24.141000 3232.074800
111.490000 24.612000 3231.653800
111.510000 25.083000 3227.210900
111.540000 25.554000 3231.844200
111.560000 26.024000 3236.354800
111.590000 26.495000 3236.363100
111.620000 26.966000 3237.521900
111.640000 27.437000 3238.420500
111.670000 27.907000 3237.270400
111.700000 28.378000 3236.944900
111.730000 28.849000 3231.436600
111.760000 29.320000 3233.452870
111.790000 29.790000 3236.686400
111.830000 30.261000 3238.024200
111.860000 30.732000 3236.615600
111.890000 31.203000 3240.057600
111.930000 31.673000 3243.248200
111.960000 32.144000 3243.224600
112.000000 32.615000 3236.794500
112.040000 33.085000 3235.919300
112.080000 33.556000 3248.288000
112.110000 34.027000 3243.115300
112.150000 34.498000 3236.471700
112.200000 34.968000 3233.730750
112.240000 35.439000 3233.112700
112.280000 35.910000 3232.075400
112.320000 36.381000 3232.483300
112.370000 36.851000 3232.210100
112.420000 37.322000 3232.048300
112.460000 37.793000 3232.311700
112.510000 38.264000 3232.392200
112.560000 38.734000 3232.901600
112.610000 39.205000 3232.114800
112.660000 39.676000 3231.817100
112.710000 40.147000 3231.707300
112.770000 40.617000 3232.610700
112.820000 41.088000 3234.371920
112.880000 41.559000 3235.992100
112.940000 42.030000 3235.839400
111.860000 21.788000 3225.539300
111.880000 22.259000 3229.021300
111.900000 22.729000 3229.868600
111.930000 23.200000 3228.889000
111.950000 23.671000 3234.178424
111.980000 24.141000 3232.339600
112.000000 24.612000 3230.024100
112.030000 25.083000 3227.251100
112.060000 25.554000 3231.407400
112.080000 26.024000 3235.822800
112.110000 26.495000 3232.288700
112.140000 26.966000 3234.897200
112.170000 27.437000 3234.644810
112.200000 27.907000 3236.364400
112.240000 28.378000 3234.518560
112.270000 28.849000 3233.223100
112.300000 29.320000 3236.987000
112.340000 29.790000 3244.816000
112.370000 30.261000 3240.842800
112.410000 30.732000 3240.543700
112.440000 31.203000 3241.379100
112.480000 31.673000 3248.718000
112.520000 32.144000 3244.284000
112.560000 32.615000 3238.410300
112.600000 33.085000 3235.233900
112.640000 33.556000 3238.752000
112.680000 34.027000 3236.003400
112.720000 34.498000 3234.978660
112.770000 34.968000 3234.428000
112.810000 35.439000 3231.509400
112.860000 35.910000 3227.430400
112.910000 36.381000 3229.397800
112.960000 36.851000 3230.219600
113.010000 37.322000 3227.147900
113.060000 37.793000 3230.714100
113.110000 38.264000 3231.850000
113.160000 38.734000 3232.833700
113.220000 39.205000 3230.567400
113.270000 39.676000 3229.204200
113.330000 40.147000 3228.218300
113.390000 40.617000 3230.354400
113.450000 41.088000 3234.493010
113.510000 41.559000 3236.520000
113.570000 42.030000 3243.108900
112.360000 21.788000 3221.312000
112.390000 22.259000 3226.522100
112.410000 22.729000 3227.438400
112.440000 23.200000 3227.413800
112.460000 23.671000 3234.828700
112.490000 24.141000 3237.569800
112.520000 24.612000 3227.621600
112.550000 25.083000 3229.942000
112.580000 25.554000 3231.842400
112.610000 26.024000 3234.198690
112.640000 26.495000 3229.267900
112.670000 26.966000 3228.328200
112.700000 27.437000 3231.306500
112.740000 27.907000 3233.416480
112.770000 28.378000 3233.312490
112.800000 28.849000 3234.647990
112.840000 29.320000 3240.942600
112.880000 29.790000 3241.358400
112.910000 30.261000 3239.243100
112.950000 30.732000 3237.573000
112.990000 31.203000 3237.707700
113.030000 31.673000 3247.118000
113.070000 32.144000 3257.453000
113.120000 32.615000 3245.664000
113.160000 33.085000 3238.941600
113.200000 33.556000 3236.025100
113.250000 34.027000 3235.006300
113.290000 34.498000 3235.323050
113.340000 34.968000 3237.464200
113.390000 35.439000 3233.393890
113.440000 35.910000 3230.009400
113.490000 36.381000 3227.292100
113.540000 36.851000 3227.989800
113.600000 37.322000 3228.361500
113.650000 37.793000 3229.484900
113.710000 38.264000 3231.136900
113.760000 38.734000 3232.476600
113.820000 39.205000 3231.259100
113.880000 39.676000 3226.205000
113.940000 40.147000 3228.461200
114.010000 40.617000 3230.402700
114.070000 41.088000 3233.794240
114.140000 41.559000 3239.089200
114.200000 42.030000 3251.874900
112.870000 21.788000 3222.444000
112.890000 22.259000 3224.850300
112.920000 22.729000 3226.295200
112.950000 23.200000 3223.965000
112.980000 23.671000 3229.481400
113.010000 24.141000 3233.020100
113.040000 24.612000 3234.531500
113.070000 25.083000 3229.371300
113.100000 25.554000 3229.665800
113.130000 26.024000 3223.671000
113.160000 26.495000 3229.103800
113.200000 26.966000 3231.375600
113.230000 27.437000 3236.179300
113.270000 27.907000 3237.550000
113.300000 28.378000 3240.683800
113.340000 28.849000 3238.186000
113.380000 29.320000 3242.821100
113.420000 29.790000 3238.917300
113.460000 30.261000 3235.261170
113.500000 30.732000 3234.302200
113.540000 31.203000 3237.343230
113.580000 31.673000 3243.102000
113.630000 32.144000 3253.467000
113.670000 32.615000 3244.622000
113.720000 33.085000 3244.292000
113.770000 33.556000 3240.812800
113.820000 34.027000 3237.992700
113.860000 34.498000 3238.734100
113.920000 34.968000 3240.523800
113.970000 35.439000 3235.979900
114.020000 35.910000 3232.427600
114.070000 36.381000 3230.577400
114.130000 36.851000 3229.890100
114.190000 37.322000 3230.632700
114.250000 37.793000 3231.370700
114.310000 38.264000 3229.524500
114.370000 38.734000 3231.029300
114.430000 39.205000 3230.884600
114.490000 39.676000 3228.365400
114.560000 40.147000 3228.533400
114.620000 40.617000 3230.229800
114.690000 41.088000 3235.273900
114.760000 41.559000 3237.755100
114.840000 42.030000 3241.115000
113.370000 21.788000 3220.389000
113.400000 22.259000 3221.698000
113.430000 22.729000 3225.930200
113.460000 23.200000 3227.251900
113.490000 23.671000 3231.096100
113.520000 24.141000 3230.252700
113.550000 24.612000 3231.955000
113.590000 25.083000 3224.727300
113.620000 25.554000 3225.284700
113.650000 26.024000 3227.496800
113.690000 26.495000 3230.091000
113.720000 26.966000 3231.969800
113.760000 27.437000 3235.025600
113.800000 27.907000 3234.589480
113.840000 28.378000 3236.056200
113.880000 28.849000 3242.413400
113.920000 29.320000 3246.131700
113.960000 29.790000 3237.863100
114.000000 30.261000 3233.315000
114.050000 30.732000 3230.445200
114.090000 31.203000 3239.307320
114.140000 31.673000 3251.020000
114.180000 32.144000 3241.200500
114.230000 32.615000 3238.770300
114.280000 33.085000 3241.144500
114.330000 33.556000 3240.131200
114.380000 34.027000 3238.847600
114.440000 34.498000 3239.088100
114.490000 34.968000 3238.839500
114.540000 35.439000 3236.781000
114.600000 35.910000 3235.036150
114.660000 36.381000 3234.408120
114.720000 36.851000 3234.422280
114.780000 37.322000 3232.503500
114.840000 37.793000 3232.692100
114.900000 38.264000 3226.885700
114.970000 38.734000 3223.451000
115.030000 39.205000 3229.896700
115.100000 39.676000 3226.023300
115.170000 40.147000 3226.283600
115.240000 40.617000 3230.820900
115.320000 41.088000 3235.786600
115.390000 41.559000 3239.611500
115.470000 42.030000 3244.312000
113.880000 21.788000 3208.298000
113.910000 22.259000 3219.357000
113.940000 22.729000 3228.269800
113.970000 23.200000 3231.646700
114.000000 23.671000 3231.899700
114.040000 24.141000 3232.255000
114.070000 24.612000 3239.308900
114.100000 25.083000 3229.293600
114.140000 25.554000 3233.091300
114.180000 26.024000 3239.231600
114.210000 26.495000 3230.101200
114.250000 26.966000 3228.838900
114.290000 27.437000 3234.531750
114.330000 27.907000 3234.217868
114.370000 28.378000 3236.221800
114.410000 28.849000 3239.617800
114.460000 29.320000 3237.870400
114.500000 29.790000 3236.381000
114.550000 30.261000 3232.836500
114.590000 30.732000 3233.421470
114.640000 31.203000 3237.880000
114.690000 31.673000 3245.824000
114.740000 32.144000 3237.751300
114.790000 32.615000 3238.541000
114.840000 33.085000 3237.974000
114.890000 33.556000 3239.181900
114.950000 34.027000 3237.146800
115.010000 34.498000 3237.550900
115.060000 34.968000 3238.019400
115.120000 35.439000 3235.577470
115.180000 35.910000 3233.977360
115.240000 36.381000 3234.490270
115.300000 36.851000 3232.985800
115.370000 37.322000 3232.393200
115.430000 37.793000 3231.964900
115.500000 38.264000 3228.225700
115.570000 38.734000 3229.443900
115.640000 39.205000 3224.031000
115.710000 39.676000 3212.881000
115.790000 40.147000 3222.174000
115.860000 40.617000 3229.812800
115.940000 41.088000 3233.627530
116.020000 41.559000 3234.778710
116.100000 42.030000 3246.286800
114.390000 21.788000 3205.732000
114.420000 22.259000 3212.646000
114.450000 22.729000 3226.022500
114.480000 23.200000 3231.001500
114.520000 23.671000 3230.577800
114.550000 24.141000 3231.241400
114.590000 24.612000 3233.580520
114.620000 25.083000 3230.156900
114.660000 25.554000 3228.162200
114.700000 26.024000 3228.458300
114.740000 26.495000 3226.429100
114.780000 26.966000 3224.227600
114.820000 27.437000 3230.078000
114.860000 27.907000 3233.946500
114.910000 28.378000 3235.886790
114.950000 28.849000 3243.599000
115.000000 29.320000 3237.132800
115.040000 29.790000 3235.035410
115.090000 30.261000 3235.657700
115.140000 30.732000 3241.297800
115.190000 31.203000 3239.606000
115.240000 31.673000 3235.761500
115.290000 32.144000 3234.770410
115.350000 32.615000 3240.116400
115.400000 33.085000 3237.144000
115.460000 33.556000 3236.392400
115.520000 34.027000 3234.818430
115.580000 34.498000 3235.330270
115.640000 34.968000 3236.507600
115.700000 35.439000 3231.036500
115.760000 35.910000 3230.160800
115.830000 36.381000 3231.371500
115.890000 36.851000 3230.159300
115.960000 37.322000 3220.512000
116.030000 37.793000 3224.216400
116.100000 38.264000 3225.430800
116.170000 38.734000 3227.615200
116.250000 39.205000 3228.042200
116.320000 39.676000 3214.088000
116.400000 40.147000 3228.124700
116.480000 40.617000 3231.328400
116.560000 41.088000 3233.936360
116.650000 41.559000 3239.467100
116.730000 42.030000 3240.130000
114.890000 21.788000 3207.371000
114.920000 22.259000 3207.090000
114.960000 22.729000 3223.252000
114.990000 23.200000 3230.406600
115.030000 23.671000 3230.629700
115.070000 24.141000 3231.401700
115.100000 24.612000 3233.474420
115.140000 25.083000 3231.189400
115.180000 25.554000 3228.371200
115.220000 26.024000 3229.001900
115.260000 26.495000 3230.200300
115.310000 26.966000 3229.877200
115.350000 27.437000 3229.835400
115.390000 27.907000 3231.408100
115.440000 28.378000 3230.282000
115.490000 28.849000 3232.301000
115.530000 29.320000 3235.123140
115.580000 29.790000 3234.257411
115.630000 30.261000 3237.217600
115.690000 30.732000 3253.915000
115.740000 31.203000 3241.419300
115.790000 31.673000 3234.205199
115.850000 32.144000 3233.948230
115.900000 32.615000 3237.875200
115.960000 33.085000 3237.030400
116.020000 33.556000 3237.982200
116.080000 34.027000 3236.046000
116.150000 34.498000 3234.696420
116.210000 34.968000 3232.571000
116.270000 35.439000 3228.634900
116.340000 35.910000 3230.220700
116.410000 36.381000 3226.795700
116.480000 36.851000 3224.983000
116.550000 37.322000 3220.942000
116.620000 37.793000 3221.727000
116.700000 38.264000 3223.508000
116.780000 38.734000 3219.602000
116.850000 39.205000 3227.866900
116.930000 39.676000 3222.098000
117.020000 40.147000 3224.757300
117.100000 40.617000 3224.150000
117.190000 41.088000 3222.529000
117.280000 41.559000 3238.897500
117.370000 42.030000 3241.457100
115.400000 21.788000 3202.915000
115.430000 22.259000 3201.602000
115.470000 22.729000 3218.959000
115.500000 23.200000 3226.198700
115.540000 23.671000 3229.617900
115.580000 24.141000 3228.834100
115.620000 24.612000 3230.612200
115.660000 25.083000 3232.246200
115.700000 25.554000 3230.360800
115.740000 26.024000 3231.327400
115.790000 26.495000 3237.258500
115.830000 26.966000 3240.578500
115.880000 27.437000 3232.329100
115.930000 27.907000 3231.221800
115.970000 28.378000 3229.999200
116.020000 28.849000 3227.855200
116.070000 29.320000 3232.314700
116.130000 29.790000 3232.474800
116.180000 30.261000 3234.032170
116.230000 30.732000 3245.234900
116.290000 31.203000 3241.743000
116.340000 31.673000 3235.184990
116.400000 32.144000 3233.575400
116.460000 32.615000 3234.835140
116.520000 33.085000 3234.941750
116.590000 33.556000 3235.680800
116.650000 34.027000 3235.403300
116.720000 34.498000 3234.892860
116.780000 34.968000 3232.555500
116.850000 35.439000 3230.498900
116.920000 35.910000 3228.854500
116.990000 36.381000 3229.203600
117.070000 36.851000 3226.800400
117.140000 37.322000 3223.359000
117.220000 37.793000 3220.126000
117.300000 38.264000 3215.022000
117.380000 38.734000 3222.853000
117.460000 39.205000 3220.919000
117.540000 39.676000 3215.697000
117.630000 40.147000 3219.803000
117.720000 40.617000 3213.164000
117.810000 41.088000 3214.440000
117.900000 41.559000 3234.637160
118.000000 42.030000 3234.274118
115.900000 21.788000 3200.195000
115.940000 22.259000 3202.832000
115.980000 22.729000 3216.134000
116.020000 23.200000 3224.901000
116.050000 23.671000 3228.435600
116.100000 24.141000 3226.649100
116.140000 24.612000 3227.282200
116.180000 25.083000 3230.923100
116.220000 25.554000 3230.386900
116.270000 26.024000 3231.706200
116.310000 26.495000 3235.957800
116.360000 26.966000 3233.715670
116.410000 27.437000 3234.941000
116.460000 27.907000 3232.414800
116.510000 28.378000 3229.828600
116.560000 28.849000 3224.109000
116.610000 29.320000 3231.364300
116.670000 29.790000 3231.196700
116.720000 30.261000 3226.007000
116.780000 30.732000 3232.296700
116.840000 31.203000 3235.121320
116.900000 31.673000 3234.308910
116.960000 32.144000 3232.241000
117.020000 32.615000 3230.799700
117.080000 33.085000 3230.578300
117.150000 33.556000 3233.915340
117.220000 34.027000 3234.406720
117.290000 34.498000 3230.357500
117.360000 34.968000 3228.330000
117.430000 35.439000 3226.164400
117.500000 35.910000 3225.400400
117.580000 36.381000 3225.837100
117.650000 36.851000 3225.309700
117.730000 37.322000 3223.776000
117.810000 37.793000 3216.535000
117.890000 38.264000 3210.783000
117.980000 38.734000 3208.690000
118.070000 39.205000 3208.549000
118.150000 39.676000 3211.247000
118.250000 40.147000 3210.448000
118.340000 40.617000 3219.800000
118.430000 41.088000 3220.694000
118.530000 41.559000 3228.592000
118.630000 42.030000 3221.040000
116.410000 21.788000 3197.483000
116.450000 22.259000 3205.471000
116.490000 22.729000 3210.710000
116.530000 23.200000 3220.803000
116.570000 23.671000 3225.834200
116.610000 24.141000 3226.514400
116.650000 24.612000 3226.874300
116.700000 25.083000 3227.851100
116.740000 25.554000 3226.925200
116.790000 26.024000 3230.400700
116.840000 26.495000 3231.637900
116.890000 26.966000 3227.855700
116.940000 27.437000 3231.338500
116.990000 27.907000 3230.853800
117.040000 28.378000 3227.841300
117.100000 28.849000 3227.808300
117.150000 29.320000 3230.464100
117.210000 29.790000 3230.114100
117.270000 30.261000 3229.421100
117.330000 30.732000 3225.216600
117.390000 31.203000 3227.236500
117.450000 31.673000 3233.349780
117.510000 32.144000 3233.738220
117.580000 32.615000 3227.484600
117.640000 33.085000 3223.975000
117.710000 33.556000 3226.980500
117.780000 34.027000 3225.666000
117.860000 34.498000 3220.799000
117.930000 34.968000 3220.765000
118.000000 35.439000 3218.247000
118.080000 35.910000 3219.380000
118.160000 36.381000 3219.395000
118.240000 36.851000 3215.874000
118.320000 37.322000 3215.270000
118.410000 37.793000 3210.734000
118.490000 38.264000 3202.872000
118.580000 38.734000 3194.377000
118.670000 39.205000 3203.099000
118.770000 39.676000 3209.072000
118.860000 40.147000 3212.169000
118.960000 40.617000 3219.146000
119.060000 41.088000 3213.184000
119.160000 41.559000 3219.345000
119.260000 42.030000 3220.788000
116.920000 21.788000 3193.158000
116.960000 22.259000 3199.031000
117.000000 22.729000 3200.186000
117.040000 23.200000 3206.194000
117.080000 23.671000 3223.491000
117.120000 24.141000 3224.622700
117.170000 24.612000 3226.944900
117.220000 25.083000 3225.906200
117.260000 25.554000 3225.467600
117.310000 26.024000 3228.705100
117.360000 26.495000 3229.459800
117.410000 26.966000 3225.927700
117.470000 27.437000 3226.952200
117.520000 27.907000 3227.552000
117.580000 28.378000 3226.294800
117.630000 28.849000 3231.242800
117.690000 29.320000 3231.926400
117.750000 29.790000 3228.289900
117.810000 30.261000 3229.349900
117.870000 30.732000 3223.990000
117.940000 31.203000 3224.281200
118.000000 31.673000 3220.955000
118.070000 32.144000 3227.706300
118.140000 32.615000 3214.524000
118.210000 33.085000 3219.986000
118.280000 33.556000 3222.326000
118.350000 34.027000 3219.333000
118.430000 34.498000 3219.405000
118.500000 34.968000 3218.726000
118.580000 35.439000 3219.909000
118.660000 35.910000 3220.067000
118.740000 36.381000 3216.412000
118.830000 36.851000 3210.130000
118.910000 37.322000 3206.326000
119.000000 37.793000 3204.555000
119.090000 38.264000 3197.200000
119.180000 38.734000 3189.618000
119.280000 39.205000 3198.316000
119.380000 39.676000 3209.819000
119.470000 40.147000 3210.469000
119.580000 40.617000 3212.629000
119.680000 41.088000 3209.410000
119.790000 41.559000 3213.439000
119.900000 42.030000 3225.967800
117.420000 21.788000 3190.982000
117.460000 22.259000 3193.811000
117.510000 22.729000 3196.301000
117.550000 23.200000 3205.246000
117.590000 23.671000 3220.729000
117.640000 24.141000 3221.739000
117.690000 24.612000 3225.969500
117.740000 25.083000 3226.181400
117.780000 25.554000 3225.807200
117.840000 26.024000 3226.592000
117.890000 26.495000 3224.395300
117.940000 26.966000 3221.570000
118.000000 27.437000 3218.498000
118.050000 27.907000 3225.385000
118.110000 28.378000 3222.676000
118.170000 28.849000 3228.412300
118.230000 29.320000 3229.627400
118.290000 29.790000 3227.311100
118.350000 30.261000 3234.652460
118.420000 30.732000 3221.263000
118.480000 31.203000 3219.415000
118.550000 31.673000 3217.314000
118.620000 32.144000 3213.305000
118.690000 32.615000 3216.189000
118.770000 33.085000 3218.517000
118.840000 33.556000 3219.686000
118.920000 34.027000 3217.535000
119.000000 34.498000 3218.697000
119.080000 34.968000 3219.600000
119.160000 35.439000 3222.483000
119.240000 35.910000 3218.483000
119.330000 36.381000 3215.657000
119.410000 36.851000 3208.206000
119.500000 37.322000 3197.629000
119.600000 37.793000 3200.441000
119.690000 38.264000 3203.064000
119.790000 38.734000 3190.293000
119.880000 39.205000 3193.750000
119.990000 39.676000 3200.590000
120.090000 40.147000 3206.896000
120.190000 40.617000 3218.554000
120.300000 41.088000 3218.199000
120.410000 41.559000 3213.663000
120.530000 42.030000 3220.885000
117.930000 21.788000 3191.159000
117.970000 22.259000 3194.629000
118.010000 22.729000 3186.997000
118.060000 23.200000 3191.977000
118.110000 23.671000 3191.701000
118.150000 24.141000 3201.594000
118.200000 24.612000 3211.487000
118.250000 25.083000 3217.893000
118.310000 25.554000 3221.237000
118.360000 26.024000 3223.094000
118.410000 26.495000 3224.674100
118.470000 26.966000 3221.569000
118.530000 27.437000 3224.951100
118.580000 27.907000 3226.282800
118.640000 28.378000 3225.506900
118.700000 28.849000 3219.943000
118.770000 29.320000 3227.708100
118.830000 29.790000 3233.009600
118.900000 30.261000 3237.016500
118.970000 30.732000 3222.131000
119.030000 31.203000 3220.340000
119.100000 31.673000 3214.338000
119.180000 32.144000 3211.849000
119.250000 32.615000 3218.779000
119.330000 33.085000 3218.456000
119.400000 33.556000 3213.774000
119.480000 34.027000 3211.935000
119.570000 34.498000 3214.961000
119.650000 34.968000 3217.263000
119.730000 35.439000 3220.734000
119.820000 35.910000 3221.766000
119.910000 36.381000 3212.872000
120.000000 36.851000 3204.731000
120.090000 37.322000 3197.950000
120.190000 37.793000 3210.587000
120.290000 38.264000 3204.185000
120.390000 38.734000 3191.908000
120.490000 39.205000 3189.136000
120.600000 39.676000 3197.458000
120.700000 40.147000 3202.006000
120.810000 40.617000 3198.033000
120.930000 41.088000 3212.320000
121.040000 41.559000 3207.690000
121.160000 42.030000 3208.233000
118.430000 21.788000 3192.803000
118.480000 22.259000 3197.794000
118.520000 22.729000 3186.720000
118.570000 23.200000 3192.293000
118.620000 23.671000 3191.902000
118.670000 24.141000 3187.898000
118.720000 24.612000 3192.195000
118.770000 25.083000 3213.362000
118.830000 25.554000 3211.778000
118.880000 26.024000 3220.556000
118.940000 26.495000 3223.298000
119.000000 26.966000 3221.278000
119.050000 27.437000 3222.410000
119.120000 27.907000 3227.570100
119.180000 28.378000 3226.499700
119.240000 28.849000 3225.160600
119.310000 29.320000 3220.703000
119.370000 29.790000 3230.094600
119.440000 30.261000 3227.617900
119.510000 30.732000 3220.670000
119.580000 31.203000 3213.450000
119.660000 31.673000 3208.181000
119.730000 32.144000 3222.474000
119.810000 32.615000 3215.297000
119.890000 33.085000 3210.265000
119.970000 33.556000 3206.365000
120.050000 34.027000 3202.592000
120.140000 34.498000 3203.818000
120.220000 34.968000 3209.984000
120.310000 35.439000 3210.833000
120.400000 35.910000 3211.624000
120.490000 36.381000 3203.440000
120.590000 36.851000 3198.506000
120.690000 37.322000 3204.958000
120.780000 37.793000 3206.924000
120.890000 38.264000 3206.166000
120.990000 38.734000 3193.369000
121.100000 39.205000 3189.989000
121.210000 39.676000 3199.348000
121.320000 40.147000 3197.886000
121.430000 40.617000 3190.261000
121.550000 41.088000 3209.227000
121.670000 41.559000 3211.644000
121.790000 42.030000 3210.867000
118.940000 21.788000 3189.534000
118.990000 22.259000 3191.927000
119.030000 22.729000 3188.742000
119.080000 23.200000 3188.380000
119.130000 23.671000 3194.795000
119.180000 24.141000 3196.505000
119.240000 24.612000 3197.203000
119.290000 25.083000 3205.992000
119.350000 25.554000 3208.573000
119.400000 26.024000 3217.188000
119.460000 26.495000 3221.141000
119.520000 26.966000 3217.435000
119.580000 27.437000 3219.563000
119.650000 27.907000 3222.294000
119.710000 28.378000 3223.046000
119.780000 28.849000 3227.472500
119.850000 29.320000 3219.968000
119.910000 29.790000 3216.069000
119.990000 30.261000 3216.188000
120.060000 30.732000 3220.585000
120.130000 31.203000 3218.557000
120.210000 31.673000 3226.308200
120.290000 32.144000 3214.018000
120.370000 32.615000 3205.643000
120.450000 33.085000 3201.869000
120.530000 33.556000 3202.616000
120.620000 34.027000 3194.138000
120.710000 34.498000 3188.041000
120.790000 34.968000 3190.624000
120.890000 35.439000 3194.835000
120.980000 35.910000 3203.507000
121.080000 36.381000 3200.615000
121.180000 36.851000 3199.699000
121.280000 37.322000 3206.104000
121.380000 37.793000 3208.917000
121.480000 38.264000 3209.022000
121.590000 38.734000 3191.543000
121.700000 39.205000 3194.514000
121.820000 39.676000 3199.324000
121.930000 40.147000 3203.322000
119.450000 21.788000 3187.452000
119.490000 22.259000 3187.489000
119.540000 22.729000 3188.845000
119.590000 23.200000 3187.199000
119.650000 23.671000 3191.560000
119.700000 24.141000 3189.102000
119.750000 24.612000 3190.739000
119.810000 25.083000 3196.736000
119.870000 25.554000 3203.647000
119.930000 26.024000 3194.490000
119.990000 26.495000 3207.509000
120.050000 26.966000 3222.557000
120.110000 27.437000 3222.860000
120.180000 27.907000 3223.312000
120.250000 28.378000 3221.372000
120.310000 28.849000 3218.991000
120.380000 29.320000 3214.771000
120.460000 29.790000 3219.263000
120.530000 30.261000 3219.194000
120.600000 30.732000 3219.432000
120.680000 31.203000 3220.281000
120.760000 31.673000 3214.052000
120.840000 32.144000 3204.275000
120.920000 32.615000 3197.113000
121.010000 33.085000 3201.098000
121.100000 33.556000 3204.484000
121.180000 34.027000 3203.831000
121.280000 34.498000 3198.471000
121.370000 34.968000 3192.684000
121.460000 35.439000 3191.477000
121.560000 35.910000 3193.651000
121.660000 36.381000 3196.436000
121.760000 36.851000 3201.416000
121.870000 37.322000 3206.581000
121.970000 37.793000 3209.488000
119.950000 21.788000 3194.933000
120.000000 22.259000 3195.224000
120.050000 22.729000 3216.160000
120.100000 23.200000 3216.535000
120.160000 23.671000 3197.608000
120.210000 24.141000 3193.350000
120.270000 24.612000 3190.008000
120.330000 25.083000 3189.585000
120.390000 25.554000 3187.364000
120.450000 26.024000 3191.399000
120.510000 26.495000 3198.749000
120.580000 26.966000 3215.035000
120.640000 27.437000 3213.159000
120.710000 27.907000 3218.603000
120.780000 28.378000 3220.301000
120.850000 28.849000 3218.145000
120.920000 29.320000 3217.088000
121.000000 29.790000 3220.441000
121.070000 30.261000 3211.491000
121.150000 30.732000 3199.123000
121.230000 31.203000 3203.757000
121.310000 31.673000 3207.233000
121.400000 32.144000 3200.973000
121.480000 32.615000 3197.350000
121.570000 33.085000 3212.096000
121.660000 33.556000 3194.982000
121.750000 34.027000 3205.177000
121.850000 34.498000 3210.284000
121.940000 34.968000 3208.563000
120.460000 21.788000 3229.455000
120.510000 22.259000 3219.770000
120.560000 22.729000 3221.035000
120.620000 23.200000 3192.930000
120.670000 23.671000 3196.373000
120.730000 24.141000 3204.796000
120.790000 24.612000 3189.352000
120.850000 25.083000 3204.497000
120.910000 25.554000 3192.291000
120.970000 26.024000 3194.897000
121.040000 26.495000 3193.033000
121.100000 26.966000 3200.430000
121.170000 27.437000 3200.111000
121.240000 27.907000 3204.767000
121.310000 28.378000 3214.856000
121.390000 28.849000 3214.292000
121.460000 29.320000 3215.375000
121.540000 29.790000 3212.073000
121.620000 30.261000 3207.256000
121.700000 30.732000 3209.652000
121.780000 31.203000 3207.513000
121.860000 31.673000 3203.129000
121.950000 32.144000 3201.385000
120.960000 21.788000 3225.465000
121.020000 22.259000 3206.828000
121.070000 22.729000 3189.601000
121.130000 23.200000 3184.506000
121.180000 23.671000 3185.069000
121.240000 24.141000 3186.502000
121.300000 24.612000 3189.722000
121.370000 25.083000 3198.683000
121.430000 25.554000 3190.215000
121.500000 26.024000 3189.473000
121.560000 26.495000 3188.584000
121.630000 26.966000 3196.392000
121.700000 27.437000 3190.847000
121.770000 27.907000 3193.277000
121.850000 28.378000 3204.086000
121.920000 28.849000 3199.074000
121.470000 21.788000 3187.564000
121.520000 22.259000 3188.482000
121.580000 22.729000 3189.721000
121.640000 23.200000 3189.760000
121.700000 23.671000 3219.016000
121.760000 24.141000 3226.840400
121.820000 24.612000 3192.839000
121.880000 25.083000 3185.756000
121.950000 25.554000 3185.106000
121.970000 21.788000 3194.930000
