104.770000 21.788000 3231.915400
104.770000 22.259000 3231.344800
104.770000 22.729000 3230.089500
104.770000 23.200000 3235.579300
104.770000 23.671000 3232.633200
104.770000 24.141000 3234.439370
104.770000 24.612000 3235.164800
104.770000 25.083000 3232.481600
104.770000 25.554000 3237.898900
104.770000 26.024000 3239.266000
104.760000 26.495000 3238.743100
104.760000 26.966000 3236.954600
104.760000 27.437000 3233.300690
104.760000 27.907000 3235.863300
104.760000 28.378000 3241.189700
104.760000 28.849000 3237.005000
104.760000 29.320000 3232.758800
104.760000 29.790000 3233.789570
104.760000 30.261000 3231.923100
104.760000 30.732000 3235.061720
104.750000 31.203000 3234.980250
104.750000 31.673000 3253.728000
104.750000 32.144000 3270.840000
104.750000 32.615000 3264.238000
104.750000 33.085000 3266.028000
104.750000 33.556000 3275.598000
104.750000 34.027000 3276.657000
104.740000 34.498000 3262.904000
104.740000 34.968000 3256.151000
104.740000 35.439000 3265.469000
104.740000 35.910000 3254.380000
104.740000 36.381000 3243.211300
104.740000 36.851000 3245.102000
104.740000 37.322000 3241.076200
104.730000 37.793000 3239.628400
104.730000 38.264000 3240.428200
104.730000 38.734000 3243.995900
104.730000 39.205000 3252.678000
104.730000 39.676000 3241.575900
104.720000 40.147000 3234.660460
104.720000 40.617000 3235.096080
104.720000 41.088000 3238.025400
104.720000 41.559000 3240.761800
104.720000 42.030000 3239.679600
105.280000 21.788000 3231.832000
105.280000 22.259000 3231.302300
105.280000 22.729000 3230.280900
105.280000 23.200000 3228.263600
105.280000 23.671000 3233.053700
105.280000 24.141000 3232.946800
105.290000 24.612000 3233.199100
105.290000 25.083000 3230.117900
105.290000 25.554000 3235.262200
105.290000 26.024000 3235.590300
105.290000 26.495000 3234.026080
105.290000 26.966000 3240.192700
105.290000 27.437000 3237.976000
105.290000 27.907000 3238.475600
105.290000 28.378000 3242.725500
105.300000 28.849000 3239.664800
105.300000 29.320000 3233.931250
105.300000 29.790000 3230.421800
105.300000 30.261000 3235.862500
105.300000 30.732000 3244.825000
105.300000 31.203000 3241.090200
105.300000 31.673000 3250.721000
105.310000 32.144000 3258.777000
105.310000 32.615000 3253.863000
105.310000 33.085000 3259.131000
105.310000 33.556000 3269.511000
105.310000 34.027000 3271.726000
105.310000 34.498000 3260.976000
105.320000 34.968000 3252.500000
105.320000 35.439000 3252.843000
105.320000 35.910000 3243.570800
105.320000 36.381000 3238.887500
105.320000 36.851000 3240.716100
105.330000 37.322000 3242.220800
105.330000 37.793000 3236.601600
105.330000 38.264000 3236.154000
105.330000 38.734000 3240.038700
105.330000 39.205000 3246.002000
105.340000 39.676000 3237.412700
105.340000 40.147000 3235.242000
105.340000 40.617000 3236.490000
105.340000 41.088000 3242.967900
105.350000 41.559000 3250.610000
105.350000 42.030000 3239.804900
105.790000 21.788000 3233.191500
105.790000 22.259000 3231.260900
105.790000 22.729000 3228.321000
105.790000 23.200000 3227.679800
105.800000 23.671000 3228.979000
105.800000 24.141000 3229.303000
105.800000 24.612000 3229.557700
105.810000 25.083000 3226.859300
105.810000 25.554000 3228.009700
105.810000 26.024000 3229.777200
105.810000 26.495000 3230.460000
105.820000 26.966000 3233.750290
105.820000 27.437000 3232.404000
105.830000 27.907000 3233.224450
105.830000 28.378000 3231.047000
105.830000 28.849000 3229.237400
105.840000 29.320000 3229.447800
105.840000 29.790000 3229.765900
105.840000 30.261000 3236.290100
105.850000 30.732000 3239.286800
105.850000 31.203000 3231.733800
105.860000 31.673000 3229.223300
105.860000 32.144000 3229.892500
105.870000 32.615000 3231.506200
105.870000 33.085000 3238.264800
105.870000 33.556000 3245.561000
105.880000 34.027000 3246.243000
105.880000 34.498000 3241.125600
105.890000 34.968000 3236.417600
105.890000 35.439000 3232.084700
105.900000 35.910000 3228.951400
105.910000 36.381000 3230.545700
105.910000 36.851000 3231.356700
105.920000 37.322000 3232.880500
105.920000 37.793000 3232.456900
105.930000 38.264000 3232.440100
105.930000 38.734000 3239.210500
105.940000 39.205000 3234.016590
105.950000 39.676000 3232.371400
105.950000 40.147000 3235.755100
105.960000 40.617000 3241.018700
105.970000 41.088000 3240.908700
105.970000 41.559000 3238.817500
105.980000 42.030000 3234.387270
106.290000 21.788000 3231.167700
106.300000 22.259000 3230.376900
106.300000 22.729000 3229.058400
106.300000 23.200000 3228.467800
106.310000 23.671000 3229.674800
106.310000 24.141000 3227.555200
106.320000 24.612000 3226.541500
106.320000 25.083000 3226.274100
106.330000 25.554000 3227.106400
106.330000 26.024000 3228.231400
106.340000 26.495000 3231.686800
106.350000 26.966000 3232.094700
106.350000 27.437000 3231.938500
106.360000 27.907000 3229.894700
106.360000 28.378000 3229.793700
106.370000 28.849000 3229.083600
106.380000 29.320000 3226.670200
106.380000 29.790000 3227.490700
106.390000 30.261000 3228.972000
106.390000 30.732000 3232.809500
106.400000 31.203000 3231.690000
106.410000 31.673000 3228.838400
106.420000 32.144000 3226.704700
106.420000 32.615000 3226.546100
106.430000 33.085000 3229.419200
106.440000 33.556000 3234.705850
106.450000 34.027000 3231.203100
106.450000 34.498000 3229.565500
106.460000 34.968000 3227.235300
106.470000 35.439000 3226.440300
106.480000 35.910000 3227.013300
106.490000 36.381000 3227.203200
106.500000 36.851000 3228.965700
106.510000 37.322000 3229.505900
106.520000 37.793000 3230.195900
106.530000 38.264000 3229.752200
106.540000 38.734000 3231.221200
106.550000 39.205000 3231.479400
106.560000 39.676000 3230.777200
106.570000 40.147000 3232.826100
106.580000 40.617000 3237.921400
106.590000 41.088000 3239.339900
106.600000 41.559000 3234.379080
106.610000 42.030000 3233.843730
106.800000 21.788000 3230.660600
106.800000 22.259000 3230.525100
106.810000 22.729000 3231.472200
106.820000 23.200000 3230.092300
106.820000 23.671000 3229.092400
106.830000 24.141000 3226.475900
106.840000 24.612000 3225.291000
106.840000 25.083000 3225.429100
106.850000 25.554000 3227.902100
106.860000 26.024000 3228.048200
106.860000 26.495000 3231.758400
106.870000 26.966000 3232.147400
106.880000 27.437000 3232.020700
106.890000 27.907000 3231.929900
106.900000 28.378000 3232.285300
106.910000 28.849000 3231.692500
106.910000 29.320000 3227.576600
106.920000 29.790000 3227.025100
106.930000 30.261000 3228.596800
106.940000 30.732000 3240.348400
106.950000 31.203000 3244.834000
106.960000 31.673000 3234.525890
106.970000 32.144000 3229.559800
106.980000 32.615000 3227.151300
106.990000 33.085000 3228.062900
107.000000 33.556000 3228.584100
107.010000 34.027000 3225.774300
107.020000 34.498000 3225.625400
107.040000 34.968000 3225.058800
107.050000 35.439000 3223.610000
107.060000 35.910000 3223.032000
107.070000 36.381000 3225.477500
107.090000 36.851000 3222.625000
107.100000 37.322000 3223.165000
107.110000 37.793000 3225.382300
107.130000 38.264000 3226.776700
107.140000 38.734000 3226.227500
107.150000 39.205000 3228.444700
107.170000 39.676000 3228.367800
107.180000 40.147000 3230.206100
107.200000 40.617000 3234.334900
107.210000 41.088000 3235.028530
107.230000 41.559000 3232.263600
107.250000 42.030000 3233.696750
107.300000 21.788000 3226.656500
107.310000 22.259000 3228.525400
107.320000 22.729000 3230.448700
107.330000 23.200000 3229.619300
107.330000 23.671000 3227.922400
107.340000 24.141000 3227.924900
107.350000 24.612000 3226.411200
107.360000 25.083000 3227.426800
107.370000 25.554000 3229.465600
107.380000 26.024000 3232.022000
107.390000 26.495000 3231.841900
107.400000 26.966000 3232.533000
107.410000 27.437000 3235.150840
107.420000 27.907000 3232.945400
107.430000 28.378000 3232.429900
107.440000 28.849000 3232.434600
107.450000 29.320000 3231.807100
107.460000 29.790000 3227.062500
107.480000 30.261000 3227.829100
107.490000 30.732000 3227.494000
107.500000 31.203000 3231.199100
107.510000 31.673000 3233.424950
107.530000 32.144000 3229.407900
107.540000 32.615000 3229.620700
107.550000 33.085000 3227.558100
107.570000 33.556000 3225.752300
107.580000 34.027000 3225.156500
107.590000 34.498000 3228.885300
107.610000 34.968000 3226.683000
107.620000 35.439000 3223.512000
107.640000 35.910000 3223.129000
107.660000 36.381000 3225.878400
107.670000 36.851000 3227.194900
107.690000 37.322000 3224.058000
107.710000 37.793000 3224.831000
107.720000 38.264000 3224.499200
107.740000 38.734000 3226.356600
107.760000 39.205000 3224.454400
107.780000 39.676000 3224.608600
107.800000 40.147000 3229.327700
107.820000 40.617000 3236.829600
107.840000 41.088000 3232.949200
107.860000 41.559000 3233.913100
107.880000 42.030000 3231.213600
107.810000 21.788000 3227.244200
107.820000 22.259000 3227.997100
107.830000 22.729000 3230.171700
107.840000 23.200000 3227.454200
107.850000 23.671000 3228.518300
107.860000 24.141000 3228.751400
107.870000 24.612000 3229.729600
107.880000 25.083000 3228.243000
107.890000 25.554000 3229.950300
107.900000 26.024000 3231.213500
107.910000 26.495000 3232.116300
107.930000 26.966000 3234.131681
107.940000 27.437000 3235.585900
107.950000 27.907000 3235.124460
107.960000 28.378000 3235.031020
107.980000 28.849000 3233.025000
107.990000 29.320000 3232.109900
108.010000 29.790000 3230.770200
108.020000 30.261000 3229.811300
108.030000 30.732000 3228.644400
108.050000 31.203000 3227.372900
108.060000 31.673000 3228.808300
108.080000 32.144000 3228.458900
108.100000 32.615000 3229.209000
108.110000 33.085000 3226.484200
108.130000 33.556000 3224.064000
108.150000 34.027000 3225.906600
108.160000 34.498000 3237.923700
108.180000 34.968000 3229.198800
108.200000 35.439000 3224.966800
108.220000 35.910000 3225.648300
108.240000 36.381000 3228.190200
108.260000 36.851000 3226.619500
108.280000 37.322000 3225.102500
108.300000 37.793000 3224.867900
108.320000 38.264000 3224.638400
108.340000 38.734000 3227.486500
108.370000 39.205000 3224.896900
108.390000 39.676000 3227.538700
108.410000 40.147000 3230.685200
108.440000 40.617000 3232.923800
108.460000 41.088000 3231.927300
108.490000 41.559000 3234.274261
108.510000 42.030000 3232.376300
108.310000 21.788000 3230.445700
108.330000 22.259000 3227.138600
108.340000 22.729000 3230.301100
108.350000 23.200000 3229.804800
108.360000 23.671000 3230.801600
108.370000 24.141000 3229.271800
108.390000 24.612000 3227.724900
108.400000 25.083000 3228.371800
108.410000 25.554000 3231.143000
108.430000 26.024000 3232.185800
108.440000 26.495000 3233.067000
108.450000 26.966000 3232.725500
108.470000 27.437000 3234.990830
108.480000 27.907000 3233.089200
108.500000 28.378000 3234.732360
108.510000 28.849000 3232.305400
108.530000 29.320000 3233.831820
108.550000 29.790000 3233.568490
108.560000 30.261000 3232.678800
108.580000 30.732000 3232.149000
108.600000 31.203000 3231.794200
108.620000 31.673000 3232.811000
108.640000 32.144000 3232.643500
108.650000 32.615000 3230.395800
108.670000 33.085000 3226.897600
108.690000 33.556000 3224.543100
108.710000 34.027000 3227.137000
108.730000 34.498000 3229.070100
108.760000 34.968000 3228.518000
108.780000 35.439000 3224.645600
108.800000 35.910000 3226.389200
108.820000 36.381000 3227.066200
108.850000 36.851000 3229.268000
108.870000 37.322000 3228.014900
108.900000 37.793000 3227.158400
108.920000 38.264000 3226.493500
108.950000 38.734000 3226.244100
108.970000 39.205000 3227.324900
109.000000 39.676000 3230.386900
109.030000 40.147000 3232.633300
109.050000 40.617000 3234.684310
109.080000 41.088000 3235.108970
109.110000 41.559000 3233.381100
109.140000 42.030000 3230.376300
108.820000 21.788000 3235.189300
108.830000 22.259000 3230.788000
108.850000 22.729000 3229.164300
108.860000 23.200000 3227.363500
108.870000 23.671000 3229.869200
108.890000 24.141000 3229.224200
108.900000 24.612000 3229.654800
108.920000 25.083000 3230.627300
108.930000 25.554000 3231.275300
108.950000 26.024000 3230.785600
108.960000 26.495000 3233.056600
108.980000 26.966000 3231.829700
109.000000 27.437000 3233.231220
109.010000 27.907000 3234.028000
109.030000 28.378000 3233.173600
109.050000 28.849000 3234.953710
109.070000 29.320000 3234.690760
109.090000 29.790000 3234.129139
109.110000 30.261000 3237.881300
109.130000 30.732000 3235.826600
109.150000 31.203000 3235.380300
109.170000 31.673000 3233.386050
109.190000 32.144000 3234.147554
109.210000 32.615000 3234.209838
109.230000 33.085000 3231.266000
109.260000 33.556000 3228.633500
109.280000 34.027000 3227.863100
109.300000 34.498000 3228.702800
109.330000 34.968000 3228.955800
109.350000 35.439000 3226.168900
109.380000 35.910000 3226.213100
109.410000 36.381000 3225.844800
109.430000 36.851000 3225.894400
109.460000 37.322000 3227.814500
109.490000 37.793000 3226.847600
109.520000 38.264000 3224.501500
109.550000 38.734000 3226.120400
109.580000 39.205000 3230.640300
109.610000 39.676000 3232.050100
109.640000 40.147000 3233.666930
109.670000 40.617000 3235.725500
109.710000 41.088000 3235.202200
109.740000 41.559000 3233.412230
109.780000 42.030000 3231.986600
109.330000 21.788000 3237.184400
109.340000 22.259000 3232.765300
109.360000 22.729000 3231.988100
109.370000 23.200000 3228.134000
109.390000 23.671000 3229.921500
109.400000 24.141000 3229.477300
109.420000 24.612000 3230.043700
109.440000 25.083000 3233.932600
109.450000 25.554000 3229.907400
109.470000 26.024000 3231.857700
109.490000 26.495000 3232.755400
109.510000 26.966000 3232.134400
109.530000 27.437000 3233.564450
109.550000 27.907000 3233.809840
109.570000 28.378000 3233.769250
109.590000 28.849000 3234.670760
109.610000 29.320000 3234.551880
109.630000 29.790000 3233.145000
109.650000 30.261000 3234.938180
109.670000 30.732000 3234.723660
109.700000 31.203000 3234.984500
109.720000 31.673000 3233.813900
109.740000 32.144000 3235.154270
109.770000 32.615000 3234.457640
109.800000 33.085000 3233.499820
109.820000 33.556000 3228.219100
109.850000 34.027000 3227.582100
109.870000 34.498000 3230.736700
109.900000 34.968000 3230.605400
109.930000 35.439000 3227.020800
109.960000 35.910000 3225.968900
109.990000 36.381000 3226.959100
110.020000 36.851000 3226.864900
110.050000 37.322000 3227.080400
110.080000 37.793000 3226.520300
110.120000 38.264000 3226.375900
110.150000 38.734000 3228.117100
110.180000 39.205000 3230.795600
110.220000 39.676000 3231.756100
110.260000 40.147000 3234.718860
110.290000 40.617000 3233.556310
110.330000 41.088000 3236.310200
110.370000 41.559000 3233.744160
110.410000 42.030000 3233.017100
109.830000 21.788000 3241.746400
109.850000 22.259000 3237.591100
109.870000 22.729000 3231.432300
109.880000 23.200000 3231.730900
109.900000 23.671000 3228.534000
109.920000 24.141000 3228.861300
109.940000 24.612000 3232.188200
109.950000 25.083000 3231.782800
109.970000 25.554000 3229.958500
109.990000 26.024000 3231.876400
110.010000 26.495000 3233.232430
110.030000 26.966000 3232.040500
110.060000 27.437000 3232.090500
110.080000 27.907000 3230.156600
110.100000 28.378000 3232.358600
110.120000 28.849000 3234.276918
110.150000 29.320000 3233.677770
110.170000 29.790000 3234.788190
110.200000 30.261000 3233.378950
110.220000 30.732000 3234.757210
110.250000 31.203000 3234.060240
110.270000 31.673000 3232.129900
110.300000 32.144000 3233.345870
110.330000 32.615000 3235.540500
110.360000 33.085000 3232.727200
110.380000 33.556000 3227.120100
110.410000 34.027000 3225.864100
110.440000 34.498000 3230.347900
110.480000 34.968000 3231.109700
110.510000 35.439000 3227.596200
110.540000 35.910000 3227.614300
110.570000 36.381000 3225.140900
110.610000 36.851000 3226.984800
110.640000 37.322000 3227.401800
110.680000 37.793000 3227.506800
110.720000 38.264000 3229.259900
110.750000 38.734000 3227.625300
110.790000 39.205000 3228.622900
110.830000 39.676000 3229.913700
110.870000 40.147000 3235.561500
110.910000 40.617000 3233.155600
110.950000 41.088000 3235.477200
111.000000 41.559000 3234.421290
111.040000 42.030000 3234.156696
110.340000 21.788000 3228.875200
110.360000 22.259000 3226.109000
110.370000 22.729000 3234.222200
110.390000 23.200000 3227.882700
110.410000 23.671000 3229.034100
110.430000 24.141000 3228.062000
110.450000 24.612000 3230.054200
110.470000 25.083000 3233.104700
110.490000 25.554000 3231.114100
110.520000 26.024000 3230.636000
110.540000 26.495000 3232.381100
110.560000 26.966000 3234.505710
110.590000 27.437000 3234.694800
110.610000 27.907000 3234.599060
110.630000 28.378000 3232.609700
110.660000 28.849000 3232.577300
110.690000 29.320000 3234.998350
110.710000 29.790000 3234.695560
110.740000 30.261000 3234.232371
110.770000 30.732000 3235.245200
110.800000 31.203000 3236.552000
110.820000 31.673000 3230.898000
110.850000 32.144000 3230.771400
110.890000 32.615000 3233.511650
110.920000 33.085000 3233.333210
110.950000 33.556000 3226.165500
110.980000 34.027000 3226.950800
111.010000 34.498000 3230.989300
111.050000 34.968000 3231.650600
111.080000 35.439000 3231.249100
111.120000 35.910000 3229.650000
111.160000 36.381000 3228.927300
111.190000 36.851000 3229.889500
111.230000 37.322000 3232.573900
111.270000 37.793000 3231.966800
111.310000 38.264000 3231.929700
111.350000 38.734000 3231.420700
111.400000 39.205000 3230.349700
111.440000 39.676000 3231.120000
111.490000 40.147000 3234.964280
111.530000 40.617000 3233.004000
111.580000 41.088000 3236.350200
111.620000 41.559000 3233.487110
111.670000 42.030000 3234.932570
110.840000 21.788000 3232.910700
110.860000 22.259000 3228.229700
110.880000 22.729000 3230.886500
110.900000 23.200000 3230.393100
110.930000 23.671000 3227.832900
110.950000 24.141000 3229.879900
110.970000 24.612000 3229.574600
110.990000 25.083000 3232.927100
111.020000 25.554000 3232.924600
111.040000 26.024000 3235.245900
111.060000 26.495000 3233.022400
111.090000 26.966000 3236.472900
111.110000 27.437000 3238.340500
111.140000 27.907000 3236.393700
111.170000 28.378000 3236.198800
111.200000 28.849000 3236.079400
111.220000 29.320000 3234.323890
111.250000 29.790000 3235.463800
111.280000 30.261000 3236.786500
111.310000 30.732000 3233.625050
111.340000 31.203000 3232.683800
111.380000 31.673000 3230.144500
111.410000 32.144000 3233.977590
111.440000 32.615000 3233.934310
111.480000 33.085000 3234.200763
111.510000 33.556000 3230.630100
111.550000 34.027000 3229.286400
111.580000 34.498000 3232.225300
111.620000 34.968000 3234.917790
111.660000 35.439000 3233.405200
111.700000 35.910000 3231.364400
111.740000 36.381000 3231.819500
111.780000 36.851000 3233.423690
111.820000 37.322000 3232.697100
111.870000 37.793000 3233.182400
111.910000 38.264000 3231.681600
111.960000 38.734000 3233.662450
112.000000 39.205000 3234.450980
112.050000 39.676000 3234.250451
112.100000 40.147000 3234.847460
112.150000 40.617000 3236.437300
112.200000 41.088000 3234.562020
112.250000 41.559000 3233.152400
112.310000 42.030000 3234.926590
111.350000 21.788000 3227.077600
111.370000 22.259000 3228.276300
111.390000 22.729000 3229.342200
111.420000 23.200000 3228.634300
111.440000 23.671000 3230.727900
111.460000 24.141000 3230.212100
111.490000 24.612000 3232.218200
111.510000 25.083000 3228.330000
111.540000 25.554000 3230.985700
111.560000 26.024000 3232.863700
111.590000 26.495000 3233.707400
111.620000 26.966000 3235.757600
111.640000 27.437000 3235.770600
111.670000 27.907000 3235.658700
111.700000 28.378000 3238.559100
111.730000 28.849000 3234.848480
111.760000 29.320000 3234.220994
111.790000 29.790000 3236.066500
111.830000 30.261000 3235.759700
111.860000 30.732000 3233.873440
111.890000 31.203000 3232.942300
111.930000 31.673000 3233.125700
111.960000 32.144000 3234.742810
112.000000 32.615000 3233.464030
112.040000 33.085000 3232.911500
112.080000 33.556000 3230.657900
112.110000 34.027000 3228.431600
112.150000 34.498000 3232.091300
112.200000 34.968000 3233.755000
112.240000 35.439000 3233.386190
112.280000 35.910000 3233.013700
112.320000 36.381000 3232.905000
112.370000 36.851000 3233.189900
112.420000 37.322000 3232.383200
112.460000 37.793000 3231.571300
112.510000 38.264000 3233.086200
112.560000 38.734000 3232.890300
112.610000 39.205000 3234.723170
112.660000 39.676000 3235.653800
112.710000 40.147000 3237.585300
112.770000 40.617000 3235.757100
112.820000 41.088000 3236.006400
112.880000 41.559000 3235.833000
112.940000 42.030000 3234.108029
111.860000 21.788000 3230.315100
111.880000 22.259000 3229.724100
111.900000 22.729000 3231.719000
111.930000 23.200000 3231.365600
111.950000 23.671000 3229.092200
111.980000 24.141000 3229.752800
112.000000 24.612000 3229.978800
112.030000 25.083000 3227.633200
112.060000 25.554000 3230.586400
112.080000 26.024000 3234.838230
112.110000 26.495000 3231.883700
112.140000 26.966000 3233.845860
112.170000 27.437000 3233.150100
112.200000 27.907000 3233.100400
112.240000 28.378000 3233.346760
112.270000 28.849000 3233.355740
112.300000 29.320000 3233.655150
112.340000 29.790000 3236.543900
112.370000 30.261000 3235.321000
112.410000 30.732000 3236.140400
112.440000 31.203000 3235.365700
112.480000 31.673000 3236.399300
112.520000 32.144000 3235.356600
112.560000 32.615000 3231.869000
112.600000 33.085000 3231.443800
112.640000 33.556000 3230.167300
112.680000 34.027000 3231.003500
112.720000 34.498000 3233.070000
112.770000 34.968000 3232.984700
112.810000 35.439000 3230.888900
112.860000 35.910000 3229.037500
112.910000 36.381000 3230.439800
112.960000 36.851000 3232.108500
113.010000 37.322000 3233.403060
113.060000 37.793000 3233.887500
113.110000 38.264000 3234.541220
113.160000 38.734000 3237.215300
113.220000 39.205000 3235.987400
113.270000 39.676000 3235.943500
113.330000 40.147000 3236.812900
113.390000 40.617000 3237.374400
113.450000 41.088000 3238.291600
113.510000 41.559000 3236.791800
113.570000 42.030000 3233.824890
112.360000 21.788000 3229.246800
112.390000 22.259000 3231.128300
112.410000 22.729000 3231.057800
112.440000 23.200000 3227.664500
112.460000 23.671000 3230.921100
112.490000 24.141000 3231.651800
112.520000 24.612000 3226.772500
112.550000 25.083000 3229.363600
112.580000 25.554000 3232.180500
112.610000 26.024000 3233.763280
112.640000 26.495000 3229.373600
112.670000 26.966000 3228.582700
112.700000 27.437000 3231.258600
112.740000 27.907000 3231.122300
112.770000 28.378000 3231.664200
112.800000 28.849000 3231.351000
112.840000 29.320000 3231.708600
112.880000 29.790000 3234.883580
112.910000 30.261000 3234.683760
112.950000 30.732000 3237.135500
112.990000 31.203000 3233.776320
113.030000 31.673000 3234.372580
113.070000 32.144000 3236.685500
113.120000 32.615000 3232.304100
113.160000 33.085000 3231.888800
113.200000 33.556000 3230.873800
113.250000 34.027000 3232.714100
113.290000 34.498000 3232.324900
113.340000 34.968000 3233.903270
113.390000 35.439000 3232.126700
113.440000 35.910000 3230.047200
113.490000 36.381000 3229.887500
113.540000 36.851000 3231.517800
113.600000 37.322000 3232.202100
113.650000 37.793000 3233.045200
113.710000 38.264000 3235.339000
113.760000 38.734000 3235.509800
113.820000 39.205000 3235.553400
113.880000 39.676000 3236.980800
113.940000 40.147000 3238.796700
114.010000 40.617000 3239.002600
114.070000 41.088000 3237.102800
114.140000 41.559000 3236.743000
114.200000 42.030000 3235.932300
112.870000 21.788000 3232.182400
112.890000 22.259000 3232.032400
112.920000 22.729000 3229.894100
112.950000 23.200000 3230.299900
112.980000 23.671000 3230.112400
113.010000 24.141000 3228.918200
113.040000 24.612000 3228.938400
113.070000 25.083000 3227.857500
113.100000 25.554000 3230.223700
113.130000 26.024000 3226.568300
113.160000 26.495000 3229.846500
113.200000 26.966000 3229.879000
113.230000 27.437000 3232.919100
113.270000 27.907000 3232.812600
113.300000 28.378000 3232.957800
113.340000 28.849000 3231.903300
113.380000 29.320000 3232.499500
113.420000 29.790000 3234.468070
113.460000 30.261000 3236.482700
113.500000 30.732000 3235.401600
113.540000 31.203000 3235.009930
113.580000 31.673000 3234.225868
113.630000 32.144000 3233.403430
113.670000 32.615000 3232.899900
113.720000 33.085000 3233.266200
113.770000 33.556000 3233.030500
113.820000 34.027000 3233.754070
113.860000 34.498000 3235.102430
113.920000 34.968000 3235.648600
113.970000 35.439000 3234.972120
114.020000 35.910000 3233.207970
114.070000 36.381000 3232.299700
114.130000 36.851000 3232.589400
114.190000 37.322000 3234.031780
114.250000 37.793000 3234.613970
114.310000 38.264000 3238.321300
114.370000 38.734000 3234.905670
114.430000 39.205000 3234.307590
114.490000 39.676000 3235.325800
114.560000 40.147000 3235.451200
114.620000 40.617000 3237.083200
114.690000 41.088000 3237.452600
114.760000 41.559000 3237.301500
114.840000 42.030000 3236.804000
113.370000 21.788000 3230.054000
113.400000 22.259000 3230.296600
113.430000 22.729000 3234.617300
113.460000 23.200000 3231.522600
113.490000 23.671000 3231.405600
113.520000 24.141000 3230.080900
113.550000 24.612000 3225.518300
113.590000 25.083000 3227.094100
113.620000 25.554000 3229.760700
113.650000 26.024000 3228.386300
113.690000 26.495000 3229.153700
113.720000 26.966000 3229.956300
113.760000 27.437000 3230.782700
113.800000 27.907000 3230.525500
113.840000 28.378000 3230.419900
113.880000 28.849000 3230.571800
113.920000 29.320000 3235.044980
113.960000 29.790000 3235.260800
114.000000 30.261000 3235.669000
114.050000 30.732000 3233.870140
114.090000 31.203000 3233.545010
114.140000 31.673000 3233.731940
114.180000 32.144000 3232.982600
114.230000 32.615000 3234.020460
114.280000 33.085000 3235.039450
114.330000 33.556000 3236.754710
114.380000 34.027000 3234.860020
114.440000 34.498000 3235.343100
114.490000 34.968000 3236.062300
114.540000 35.439000 3236.920000
114.600000 35.910000 3237.398600
114.660000 36.381000 3237.223900
114.720000 36.851000 3240.079100
114.780000 37.322000 3238.699700
114.840000 37.793000 3240.835700
114.900000 38.264000 3238.571800
114.970000 38.734000 3238.946800
115.030000 39.205000 3235.593200
115.100000 39.676000 3234.862420
115.170000 40.147000 3236.725700
115.240000 40.617000 3237.823400
115.320000 41.088000 3235.568900
115.390000 41.559000 3236.145600
115.470000 42.030000 3237.429500
113.880000 21.788000 3228.651000
113.910000 22.259000 3234.156200
113.940000 22.729000 3235.183000
113.970000 23.200000 3232.857600
114.000000 23.671000 3231.754800
114.040000 24.141000 3229.089800
114.070000 24.612000 3232.881200
114.100000 25.083000 3229.000100
114.140000 25.554000 3229.915200
114.180000 26.024000 3231.635400
114.210000 26.495000 3229.363400
114.250000 26.966000 3229.008300
114.290000 27.437000 3233.510900
114.330000 27.907000 3232.314500
114.370000 28.378000 3230.805400
114.410000 28.849000 3231.860900
114.460000 29.320000 3234.449810
114.500000 29.790000 3235.134100
114.550000 30.261000 3234.276420
114.590000 30.732000 3234.418540
114.640000 31.203000 3233.873820
114.690000 31.673000 3236.465000
114.740000 32.144000 3234.714600
114.790000 32.615000 3234.341860
114.840000 33.085000 3234.553665
114.890000 33.556000 3236.865500
114.950000 34.027000 3235.478000
115.010000 34.498000 3236.118800
115.060000 34.968000 3238.325800
115.120000 35.439000 3235.058390
115.180000 35.910000 3237.023900
115.240000 36.381000 3239.577800
115.300000 36.851000 3242.671300
115.370000 37.322000 3243.216600
115.430000 37.793000 3241.514300
115.500000 38.264000 3241.439400
115.570000 38.734000 3239.110600
115.640000 39.205000 3240.837500
115.710000 39.676000 3233.655390
115.790000 40.147000 3236.618500
115.860000 40.617000 3236.113900
115.940000 41.088000 3235.768300
116.020000 41.559000 3234.542310
116.100000 42.030000 3236.964300
114.390000 21.788000 3223.956000
114.420000 22.259000 3231.128300
114.450000 22.729000 3237.996500
114.480000 23.200000 3232.748400
114.520000 23.671000 3230.133300
114.550000 24.141000 3230.312000
114.590000 24.612000 3231.632800
114.620000 25.083000 3229.361900
114.660000 25.554000 3228.002800
114.700000 26.024000 3228.957100
114.740000 26.495000 3228.502300
114.780000 26.966000 3226.558800
114.820000 27.437000 3233.370900
114.860000 27.907000 3231.200000
114.910000 28.378000 3231.792600
114.950000 28.849000 3234.195214
115.000000 29.320000 3234.221659
115.040000 29.790000 3234.663550
115.090000 30.261000 3234.844760
115.140000 30.732000 3233.697890
115.190000 31.203000 3234.740000
115.240000 31.673000 3234.608230
115.290000 32.144000 3234.230682
115.350000 32.615000 3234.239678
115.400000 33.085000 3233.409440
115.460000 33.556000 3235.804200
115.520000 34.027000 3233.878920
115.580000 34.498000 3236.799500
115.640000 34.968000 3236.901900
115.700000 35.439000 3237.698400
115.760000 35.910000 3236.477200
115.830000 36.381000 3238.610600
115.890000 36.851000 3241.239300
115.960000 37.322000 3241.257100
116.030000 37.793000 3241.280200
116.100000 38.264000 3241.850700
116.170000 38.734000 3241.750300
116.250000 39.205000 3240.750900
116.320000 39.676000 3240.561500
116.400000 40.147000 3240.120500
116.480000 40.617000 3237.329900
116.560000 41.088000 3235.556900
116.650000 41.559000 3235.992500
116.730000 42.030000 3236.840900
114.890000 21.788000 3227.611000
114.920000 22.259000 3225.994000
114.960000 22.729000 3230.348900
114.990000 23.200000 3230.838500
115.030000 23.671000 3231.605600
115.070000 24.141000 3231.697700
115.100000 24.612000 3233.107900
115.140000 25.083000 3231.736000
115.180000 25.554000 3228.717200
115.220000 26.024000 3229.576800
115.260000 26.495000 3231.184300
115.310000 26.966000 3230.592200
115.350000 27.437000 3231.978300
115.390000 27.907000 3231.431300
115.440000 28.378000 3230.869700
115.490000 28.849000 3231.733000
115.530000 29.320000 3233.225620
115.580000 29.790000 3234.750590
115.630000 30.261000 3233.845950
115.690000 30.732000 3242.461100
115.740000 31.203000 3236.776200
115.790000 31.673000 3234.525360
115.850000 32.144000 3233.477210
115.900000 32.615000 3234.370660
115.960000 33.085000 3233.824060
116.020000 33.556000 3236.539300
116.080000 34.027000 3236.230600
116.150000 34.498000 3237.640200
116.210000 34.968000 3239.194200
116.270000 35.439000 3235.912100
116.340000 35.910000 3235.066120
116.410000 36.381000 3237.022900
116.480000 36.851000 3239.856700
116.550000 37.322000 3242.532700
116.620000 37.793000 3242.293100
116.700000 38.264000 3243.561400
116.780000 38.734000 3243.985700
116.850000 39.205000 3243.560000
116.930000 39.676000 3242.727600
117.020000 40.147000 3241.236000
117.100000 40.617000 3234.931880
117.190000 41.088000 3232.499000
117.280000 41.559000 3235.833700
117.370000 42.030000 3235.035290
115.400000 21.788000 3222.504000
115.430000 22.259000 3222.023000
115.470000 22.729000 3231.566500
115.500000 23.200000 3231.392500
115.540000 23.671000 3232.198800
115.580000 24.141000 3231.127000
115.620000 24.612000 3231.911500
115.660000 25.083000 3231.069200
115.700000 25.554000 3231.006900
115.740000 26.024000 3230.884500
115.790000 26.495000 3233.349950
115.830000 26.966000 3234.242136
115.880000 27.437000 3231.390400
115.930000 27.907000 3232.288300
115.970000 28.378000 3233.289670
116.020000 28.849000 3231.470800
116.070000 29.320000 3234.262926
116.130000 29.790000 3233.862140
116.180000 30.261000 3234.974320
116.230000 30.732000 3238.786200
116.290000 31.203000 3238.612700
116.340000 31.673000 3236.148300
116.400000 32.144000 3234.947630
116.460000 32.615000 3234.667310
116.520000 33.085000 3234.965040
116.590000 33.556000 3234.937320
116.650000 34.027000 3237.016600
116.720000 34.498000 3239.734600
116.780000 34.968000 3239.667300
116.850000 35.439000 3238.344100
116.920000 35.910000 3236.846700
116.990000 36.381000 3237.802400
117.070000 36.851000 3242.299200
117.140000 37.322000 3244.207000
117.220000 37.793000 3247.313000
117.300000 38.264000 3244.647000
117.380000 38.734000 3245.039000
117.460000 39.205000 3246.292000
117.540000 39.676000 3243.928900
117.630000 40.147000 3236.660100
117.720000 40.617000 3231.253100
117.810000 41.088000 3232.482600
117.900000 41.559000 3235.294300
118.000000 42.030000 3235.256600
115.900000 21.788000 3222.754000
115.940000 22.259000 3224.250000
115.980000 22.729000 3232.161500
116.020000 23.200000 3231.867100
116.050000 23.671000 3233.391640
116.100000 24.141000 3230.913300
116.140000 24.612000 3231.084000
116.180000 25.083000 3233.181700
116.220000 25.554000 3231.859300
116.270000 26.024000 3230.347000
116.310000 26.495000 3233.909700
116.360000 26.966000 3232.858900
116.410000 27.437000 3233.163900
116.460000 27.907000 3232.906900
116.510000 28.378000 3234.044700
116.560000 28.849000 3230.442900
116.610000 29.320000 3233.625320
116.670000 29.790000 3234.006510
116.720000 30.261000 3231.883700
116.780000 30.732000 3234.189860
116.840000 31.203000 3236.043900
116.900000 31.673000 3236.298700
116.960000 32.144000 3235.853200
117.020000 32.615000 3236.337400
117.080000 33.085000 3236.766900
117.150000 33.556000 3238.152700
117.220000 34.027000 3240.292200
117.290000 34.498000 3237.540700
117.360000 34.968000 3237.013800
117.430000 35.439000 3236.280100
117.500000 35.910000 3237.956500
117.580000 36.381000 3238.021300
117.650000 36.851000 3244.824000
117.730000 37.322000 3247.797000
117.810000 37.793000 3247.795000
117.890000 38.264000 3244.732000
117.980000 38.734000 3241.863400
118.070000 39.205000 3242.932500
118.150000 39.676000 3245.721000
118.250000 40.147000 3238.798900
118.340000 40.617000 3236.324700
118.430000 41.088000 3236.046000
118.530000 41.559000 3234.606260
118.630000 42.030000 3231.863000
116.410000 21.788000 3228.783000
116.450000 22.259000 3235.800200
116.490000 22.729000 3237.876730
116.530000 23.200000 3238.642690
116.570000 23.671000 3234.428060
116.610000 24.141000 3231.429100
116.650000 24.612000 3230.670800
116.700000 25.083000 3230.619500
116.740000 25.554000 3230.345600
116.790000 26.024000 3231.084700
116.840000 26.495000 3231.488700
116.890000 26.966000 3229.188000
116.940000 27.437000 3232.255900
116.990000 27.907000 3233.042200
117.040000 28.378000 3232.228700
117.100000 28.849000 3232.308500
117.150000 29.320000 3232.295800
117.210000 29.790000 3232.729100
117.270000 30.261000 3232.903200
117.330000 30.732000 3232.813200
117.390000 31.203000 3235.275200
117.450000 31.673000 3236.128000
117.510000 32.144000 3236.244200
117.580000 32.615000 3237.141500
117.640000 33.085000 3235.508800
117.710000 33.556000 3238.909500
117.780000 34.027000 3239.473200
117.860000 34.498000 3237.216600
117.930000 34.968000 3233.715480
118.000000 35.439000 3234.850640
118.080000 35.910000 3234.691280
118.160000 36.381000 3235.915900
118.240000 36.851000 3244.286000
118.320000 37.322000 3248.584000
118.410000 37.793000 3250.658000
118.490000 38.264000 3250.934000
118.580000 38.734000 3249.717900
118.670000 39.205000 3258.339000
118.770000 39.676000 3244.738000
118.860000 40.147000 3238.099600
118.960000 40.617000 3237.948500
119.060000 41.088000 3233.724470
119.160000 41.559000 3230.735000
119.260000 42.030000 3232.859800
116.920000 21.788000 3234.891000
116.960000 22.259000 3242.168800
117.000000 22.729000 3251.523690
117.040000 23.200000 3249.276400
117.080000 23.671000 3239.027350
117.120000 24.141000 3233.110000
117.170000 24.612000 3233.900750
117.220000 25.083000 3231.188300
117.260000 25.554000 3229.106000
117.310000 26.024000 3231.357500
117.360000 26.495000 3232.647200
117.410000 26.966000 3229.353900
117.470000 27.437000 3230.870600
117.520000 27.907000 3231.348600
117.580000 28.378000 3230.766900
117.630000 28.849000 3233.878490
117.690000 29.320000 3233.314960
117.750000 29.790000 3230.208200
117.810000 30.261000 3232.544400
117.870000 30.732000 3233.850740
117.940000 31.203000 3234.860650
118.000000 31.673000 3234.718214
118.070000 32.144000 3238.347800
118.140000 32.615000 3235.873300
118.210000 33.085000 3239.946800
118.280000 33.556000 3240.342600
118.350000 34.027000 3237.472000
118.430000 34.498000 3235.979200
118.500000 34.968000 3237.687100
118.580000 35.439000 3238.790900
118.660000 35.910000 3237.141500
118.740000 36.381000 3239.080600
118.830000 36.851000 3242.116900
118.910000 37.322000 3247.982000
119.000000 37.793000 3252.369000
119.090000 38.264000 3266.455000
119.180000 38.734000 3257.490100
119.280000 39.205000 3247.019800
119.380000 39.676000 3246.474000
119.470000 40.147000 3238.977500
119.580000 40.617000 3237.901700
119.680000 41.088000 3235.239400
119.790000 41.559000 3233.809820
119.900000 42.030000 3234.792310
117.420000 21.788000 3244.522000
117.460000 22.259000 3249.735900
117.510000 22.729000 3264.300300
117.550000 23.200000 3268.290800
117.590000 23.671000 3255.340600
117.640000 24.141000 3242.561800
117.690000 24.612000 3234.156060
117.740000 25.083000 3232.781200
117.780000 25.554000 3232.503000
117.840000 26.024000 3231.101000
117.890000 26.495000 3229.563600
117.940000 26.966000 3228.540400
118.000000 27.437000 3228.341400
118.050000 27.907000 3231.354700
118.110000 28.378000 3229.980600
118.170000 28.849000 3232.530700
118.230000 29.320000 3231.899400
118.290000 29.790000 3229.787600
118.350000 30.261000 3235.302400
118.420000 30.732000 3233.318480
118.480000 31.203000 3237.942900
118.550000 31.673000 3237.126670
118.620000 32.144000 3234.054100
118.690000 32.615000 3240.170600
118.770000 33.085000 3245.499000
118.840000 33.556000 3240.525300
118.920000 34.027000 3238.159700
119.000000 34.498000 3237.760400
119.080000 34.968000 3238.527800
119.160000 35.439000 3239.100400
119.240000 35.910000 3242.369000
119.330000 36.381000 3243.077200
119.410000 36.851000 3241.997900
119.500000 37.322000 3245.404000
119.600000 37.793000 3259.748000
119.690000 38.264000 3259.603000
119.790000 38.734000 3240.418300
119.880000 39.205000 3254.499620
119.990000 39.676000 3266.043000
120.090000 40.147000 3242.136300
120.190000 40.617000 3237.128000
120.300000 41.088000 3237.463000
120.410000 41.559000 3234.579950
120.530000 42.030000 3234.320310
117.930000 21.788000 3254.261900
117.970000 22.259000 3262.433320
118.010000 22.729000 3254.639000
118.060000 23.200000 3265.878700
118.110000 23.671000 3257.987900
118.150000 24.141000 3249.019300
118.200000 24.612000 3238.820100
118.250000 25.083000 3233.586540
118.310000 25.554000 3232.786300
118.360000 26.024000 3232.763900
118.410000 26.495000 3231.336800
118.470000 26.966000 3231.127800
118.530000 27.437000 3230.391100
118.580000 27.907000 3232.571800
118.640000 28.378000 3232.422700
118.700000 28.849000 3231.117500
118.770000 29.320000 3232.905400
118.830000 29.790000 3234.857440
118.900000 30.261000 3236.807100
118.970000 30.732000 3235.937100
119.030000 31.203000 3238.157200
119.100000 31.673000 3239.938900
119.180000 32.144000 3244.385100
119.250000 32.615000 3247.205000
119.330000 33.085000 3248.350000
119.400000 33.556000 3243.402100
119.480000 34.027000 3241.552600
119.570000 34.498000 3242.340300
119.650000 34.968000 3244.250000
119.730000 35.439000 3243.724700
119.820000 35.910000 3241.145800
119.910000 36.381000 3242.926600
120.000000 36.851000 3235.579400
120.090000 37.322000 3239.068000
120.190000 37.793000 3247.666000
120.290000 38.264000 3252.331000
120.390000 38.734000 3248.154100
120.490000 39.205000 3237.059100
120.600000 39.676000 3245.715000
120.700000 40.147000 3241.971100
120.810000 40.617000 3231.647400
120.930000 41.088000 3234.654420
121.040000 41.559000 3231.130700
121.160000 42.030000 3227.461800
118.430000 21.788000 3249.502300
118.480000 22.259000 3254.619000
118.520000 22.729000 3252.911000
118.570000 23.200000 3258.088900
118.620000 23.671000 3245.560200
118.670000 24.141000 3236.250500
118.720000 24.612000 3235.522100
118.770000 25.083000 3238.976600
118.830000 25.554000 3231.337100
118.880000 26.024000 3232.277400
118.940000 26.495000 3234.775090
119.000000 26.966000 3230.533100
119.050000 27.437000 3230.464400
119.120000 27.907000 3234.555980
119.180000 28.378000 3233.865430
119.240000 28.849000 3233.223820
119.310000 29.320000 3232.618600
119.370000 29.790000 3233.880840
119.440000 30.261000 3236.192600
119.510000 30.732000 3235.670100
119.580000 31.203000 3240.026600
119.660000 31.673000 3245.849100
119.730000 32.144000 3247.171000
119.810000 32.615000 3247.426000
119.890000 33.085000 3249.957000
119.970000 33.556000 3244.958000
120.050000 34.027000 3239.266200
120.140000 34.498000 3240.206200
120.220000 34.968000 3241.310900
120.310000 35.439000 3241.269900
120.400000 35.910000 3239.245400
120.490000 36.381000 3237.487700
120.590000 36.851000 3236.050500
120.690000 37.322000 3243.709300
120.780000 37.793000 3248.230000
120.890000 38.264000 3253.172000
120.990000 38.734000 3249.241000
121.100000 39.205000 3230.152000
121.210000 39.676000 3236.479100
121.320000 40.147000 3237.535200
121.430000 40.617000 3225.744200
121.550000 41.088000 3236.241600
121.670000 41.559000 3233.803400
121.790000 42.030000 3235.835600
118.940000 21.788000 3251.458760
118.990000 22.259000 3261.207000
119.030000 22.729000 3262.513200
119.080000 23.200000 3252.013000
119.130000 23.671000 3243.984400
119.180000 24.141000 3241.446200
119.240000 24.612000 3241.045400
119.290000 25.083000 3243.412100
119.350000 25.554000 3239.274600
119.400000 26.024000 3235.324890
119.460000 26.495000 3236.077400
119.520000 26.966000 3230.589200
119.580000 27.437000 3230.539300
119.650000 27.907000 3232.614700
119.710000 28.378000 3233.486260
119.780000 28.849000 3235.508500
119.850000 29.320000 3233.130600
119.910000 29.790000 3234.421340
119.990000 30.261000 3235.447300
120.060000 30.732000 3237.489400
120.130000 31.203000 3241.650000
120.210000 31.673000 3246.396000
120.290000 32.144000 3243.827600
120.370000 32.615000 3243.839000
120.450000 33.085000 3245.770000
120.530000 33.556000 3249.645000
120.620000 34.027000 3242.114300
120.710000 34.498000 3224.246000
120.790000 34.968000 3230.601400
120.890000 35.439000 3239.424700
120.980000 35.910000 3241.547400
121.080000 36.381000 3235.948600
121.180000 36.851000 3242.472300
121.280000 37.322000 3247.911000
121.380000 37.793000 3252.101000
121.480000 38.264000 3254.682000
121.590000 38.734000 3233.324350
121.700000 39.205000 3233.441990
121.820000 39.676000 3240.440300
121.930000 40.147000 3252.717000
119.450000 21.788000 3275.595000
119.490000 22.259000 3268.664200
119.540000 22.729000 3260.191000
119.590000 23.200000 3241.855000
119.650000 23.671000 3234.273626
119.700000 24.141000 3243.162300
119.750000 24.612000 3237.205200
119.810000 25.083000 3239.002100
119.870000 25.554000 3249.764000
119.930000 26.024000 3237.579540
119.990000 26.495000 3233.830670
120.050000 26.966000 3236.025300
120.110000 27.437000 3232.688700
120.180000 27.907000 3235.213000
120.250000 28.378000 3233.656030
120.310000 28.849000 3233.380570
120.380000 29.320000 3233.992570
120.460000 29.790000 3235.048630
120.530000 30.261000 3238.284800
120.600000 30.732000 3241.802900
120.680000 31.203000 3240.820700
120.760000 31.673000 3238.280100
120.840000 32.144000 3242.618000
120.920000 32.615000 3246.589000
121.010000 33.085000 3254.052000
121.100000 33.556000 3259.269000
121.180000 34.027000 3262.576000
121.280000 34.498000 3256.241000
121.370000 34.968000 3248.831000
121.460000 35.439000 3239.258200
121.560000 35.910000 3238.740300
121.660000 36.381000 3243.739200
121.760000 36.851000 3238.251200
121.870000 37.322000 3244.459000
121.970000 37.793000 3253.398000
119.950000 21.788000 3267.505000
120.000000 22.259000 3262.473000
120.050000 22.729000 3246.629000
120.100000 23.200000 3242.722600
120.160000 23.671000 3246.369000
120.210000 24.141000 3243.190600
120.270000 24.612000 3238.781500
120.330000 25.083000 3241.283400
120.390000 25.554000 3226.731100
120.450000 26.024000 3255.223000
120.510000 26.495000 3241.022700
120.580000 26.966000 3236.899300
120.640000 27.437000 3237.908700
120.710000 27.907000 3236.264000
120.780000 28.378000 3234.925840
120.850000 28.849000 3233.988530
120.920000 29.320000 3232.730300
121.000000 29.790000 3235.297200
121.070000 30.261000 3232.409400
121.150000 30.732000 3227.525500
121.230000 31.203000 3236.576500
121.310000 31.673000 3241.832500
121.400000 32.144000 3240.802000
121.480000 32.615000 3245.790000
121.570000 33.085000 3252.265000
121.660000 33.556000 3259.356000
121.750000 34.027000 3267.079000
121.850000 34.498000 3259.312000
121.940000 34.968000 3252.778000
120.460000 21.788000 3245.666600
120.510000 22.259000 3244.366800
120.560000 22.729000 3242.652500
120.620000 23.200000 3230.444000
120.670000 23.671000 3237.370700
120.730000 24.141000 3242.163800
120.790000 24.612000 3240.637900
120.850000 25.083000 3245.183000
120.910000 25.554000 3233.423410
120.970000 26.024000 3248.621000
121.040000 26.495000 3239.336500
121.100000 26.966000 3234.433700
121.170000 27.437000 3238.676760
121.240000 27.907000 3234.970000
121.310000 28.378000 3234.967740
121.390000 28.849000 3232.799500
121.460000 29.320000 3232.919400
121.540000 29.790000 3234.796530
121.620000 30.261000 3241.891800
121.700000 30.732000 3246.841000
121.780000 31.203000 3244.964000
121.860000 31.673000 3243.030700
121.950000 32.144000 3241.934700
120.960000 21.788000 3246.476600
121.020000 22.259000 3244.643300
121.070000 22.729000 3225.903300
121.130000 23.200000 3185.646000
121.180000 23.671000 3188.057000
121.240000 24.141000 3210.636000
121.300000 24.612000 3228.582000
121.370000 25.083000 3234.833130
121.430000 25.554000 3227.362200
121.500000 26.024000 3239.769800
121.560000 26.495000 3224.270000
121.630000 26.966000 3235.059850
121.700000 27.437000 3231.517000
121.770000 27.907000 3230.605800
121.850000 28.378000 3235.029100
121.920000 28.849000 3231.160300
121.470000 21.788000 3228.765800
121.520000 22.259000 3261.259000
121.580000 22.729000 3258.913000
121.640000 23.200000 3238.680900
121.700000 23.671000 3247.420000
121.760000 24.141000 3247.694000
121.820000 24.612000 3240.817800
121.880000 25.083000 3201.963000
121.950000 25.554000 3202.195000
121.970000 21.788000 3269.520000
