104.770000 21.788000 3233.616970
104.770000 22.259000 3230.568200
104.770000 22.729000 3228.510200
104.770000 23.200000 3228.129500
104.770000 23.671000 3229.363000
104.770000 24.141000 3229.328600
104.770000 24.612000 3228.570300
104.770000 25.083000 3228.089300
104.770000 25.554000 3231.168700
104.770000 26.024000 3233.349500
104.760000 26.495000 3231.926000
104.760000 26.966000 3232.283500
104.760000 27.437000 3227.188700
104.760000 27.907000 3226.250500
104.760000 28.378000 3230.606500
104.760000 28.849000 3226.407500
104.760000 29.320000 3227.599600
104.760000 29.790000 3225.031300
104.760000 30.261000 3223.190000
104.760000 30.732000 3225.449200
104.750000 31.203000 3225.411500
104.750000 31.673000 3238.434100
104.750000 32.144000 3255.374000
104.750000 32.615000 3247.185000
104.750000 33.085000 3243.876200
104.750000 33.556000 3262.679000
104.750000 34.027000 3268.767000
104.740000 34.498000 3241.550100
104.740000 34.968000 3235.393700
104.740000 35.439000 3244.804000
104.740000 35.910000 3237.127600
104.740000 36.381000 3218.538100
104.740000 36.851000 3227.866000
104.740000 37.322000 3242.962300
104.730000 37.793000 3246.154000
104.730000 38.264000 3244.994000
104.730000 38.734000 3256.185000
104.730000 39.205000 3272.874000
104.730000 39.676000 3232.284000
104.720000 40.147000 3229.207000
104.720000 40.617000 3229.866000
104.720000 41.088000 3230.300300
104.720000 41.559000 3231.070400
104.720000 42.030000 3231.346500
105.280000 21.788000 3231.105100
105.280000 22.259000 3229.582400
105.280000 22.729000 3229.214800
105.280000 23.200000 3225.428500
105.280000 23.671000 3227.797500
105.280000 24.141000 3228.460000
105.290000 24.612000 3227.652900
105.290000 25.083000 3224.978400
105.290000 25.554000 3229.600900
105.290000 26.024000 3229.853600
105.290000 26.495000 3231.151400
105.290000 26.966000 3233.217300
105.290000 27.437000 3231.381300
105.290000 27.907000 3228.902800
105.290000 28.378000 3230.897200
105.300000 28.849000 3227.925600
105.300000 29.320000 3226.848400
105.300000 29.790000 3225.741800
105.300000 30.261000 3224.770000
105.300000 30.732000 3231.139000
105.300000 31.203000 3230.726900
105.300000 31.673000 3233.872580
105.310000 32.144000 3237.430200
105.310000 32.615000 3232.179300
105.310000 33.085000 3235.856700
105.310000 33.556000 3249.079000
105.310000 34.027000 3250.843000
105.310000 34.498000 3234.319710
105.320000 34.968000 3231.284700
105.320000 35.439000 3229.018000
105.320000 35.910000 3227.086000
105.320000 36.381000 3228.684100
105.320000 36.851000 3238.114100
105.330000 37.322000 3228.915200
105.330000 37.793000 3224.960900
105.330000 38.264000 3224.299500
105.330000 38.734000 3267.150000
105.330000 39.205000 3234.517100
105.340000 39.676000 3225.700300
105.340000 40.147000 3226.183200
105.340000 40.617000 3226.435100
105.340000 41.088000 3230.464300
105.350000 41.559000 3235.513300
105.350000 42.030000 3231.143200
105.790000 21.788000 3231.170600
105.790000 22.259000 3228.204200
105.790000 22.729000 3224.928800
105.790000 23.200000 3226.154100
105.800000 23.671000 3225.411900
105.800000 24.141000 3225.738300
105.800000 24.612000 3224.437800
105.810000 25.083000 3221.845000
105.810000 25.554000 3224.133000
105.810000 26.024000 3228.894000
105.810000 26.495000 3230.145800
105.820000 26.966000 3229.576500
105.820000 27.437000 3227.316900
105.830000 27.907000 3226.379200
105.830000 28.378000 3224.919900
105.830000 28.849000 3221.986000
105.840000 29.320000 3224.177000
105.840000 29.790000 3224.655000
105.840000 30.261000 3224.822300
105.850000 30.732000 3224.413400
105.850000 31.203000 3220.584000
105.860000 31.673000 3221.308000
105.860000 32.144000 3219.848000
105.870000 32.615000 3221.173000
105.870000 33.085000 3224.373400
105.870000 33.556000 3226.059100
105.880000 34.027000 3227.375800
105.880000 34.498000 3227.161100
105.890000 34.968000 3225.773200
105.890000 35.439000 3216.079000
105.900000 35.910000 3224.203000
105.910000 36.381000 3223.390000
105.910000 36.851000 3222.531000
105.920000 37.322000 3222.051000
105.920000 37.793000 3222.683000
105.930000 38.264000 3226.655400
105.930000 38.734000 3233.688300
105.940000 39.205000 3228.534400
105.950000 39.676000 3225.596800
105.950000 40.147000 3226.462000
105.960000 40.617000 3231.714900
105.970000 41.088000 3230.444700
105.970000 41.559000 3229.170500
105.980000 42.030000 3229.101100
106.290000 21.788000 3230.442600
106.300000 22.259000 3227.862400
106.300000 22.729000 3227.390500
106.300000 23.200000 3224.184000
106.310000 23.671000 3225.942100
106.310000 24.141000 3225.462900
106.320000 24.612000 3222.434000
106.320000 25.083000 3220.280000
106.330000 25.554000 3222.306000
106.330000 26.024000 3226.115000
106.340000 26.495000 3230.707100
106.350000 26.966000 3230.025300
106.350000 27.437000 3227.332900
106.360000 27.907000 3226.511700
106.360000 28.378000 3227.735200
106.370000 28.849000 3225.144400
106.380000 29.320000 3222.303000
106.380000 29.790000 3220.666000
106.390000 30.261000 3220.144000
106.390000 30.732000 3220.680000
106.400000 31.203000 3221.315000
106.410000 31.673000 3222.746000
106.420000 32.144000 3221.340000
106.420000 32.615000 3218.476000
106.430000 33.085000 3220.871000
106.440000 33.556000 3221.637000
106.450000 34.027000 3218.133000
106.450000 34.498000 3218.859000
106.460000 34.968000 3221.444000
106.470000 35.439000 3220.985000
106.480000 35.910000 3223.126000
106.490000 36.381000 3223.170000
106.500000 36.851000 3223.344000
106.510000 37.322000 3224.402800
106.520000 37.793000 3222.843000
106.530000 38.264000 3224.487400
106.540000 38.734000 3225.140100
106.550000 39.205000 3224.881300
106.560000 39.676000 3226.447600
106.570000 40.147000 3225.288400
106.580000 40.617000 3228.962000
106.590000 41.088000 3231.552300
106.600000 41.559000 3229.839400
106.610000 42.030000 3230.782700
106.800000 21.788000 3231.085300
106.800000 22.259000 3230.756400
106.810000 22.729000 3227.727900
106.820000 23.200000 3226.374300
106.820000 23.671000 3225.094100
106.830000 24.141000 3224.389400
106.840000 24.612000 3218.795000
106.840000 25.083000 3220.195000
106.850000 25.554000 3223.780000
106.860000 26.024000 3226.440300
106.860000 26.495000 3230.812500
106.870000 26.966000 3231.495700
106.880000 27.437000 3230.785000
106.890000 27.907000 3231.292800
106.900000 28.378000 3230.579500
106.910000 28.849000 3228.202000
106.910000 29.320000 3223.589000
106.920000 29.790000 3219.954000
106.930000 30.261000 3220.649000
106.940000 30.732000 3225.748900
106.950000 31.203000 3227.234000
106.960000 31.673000 3225.956000
106.970000 32.144000 3224.976500
106.980000 32.615000 3222.256000
106.990000 33.085000 3222.107000
107.000000 33.556000 3219.422000
107.010000 34.027000 3217.931000
107.020000 34.498000 3217.329000
107.040000 34.968000 3218.175000
107.050000 35.439000 3218.664000
107.060000 35.910000 3220.485000
107.070000 36.381000 3222.179000
107.090000 36.851000 3217.539000
107.100000 37.322000 3217.240000
107.110000 37.793000 3218.269000
107.130000 38.264000 3219.607000
107.140000 38.734000 3221.888000
107.150000 39.205000 3225.497300
107.170000 39.676000 3223.949000
107.180000 40.147000 3227.476100
107.200000 40.617000 3228.515900
107.210000 41.088000 3228.038000
107.230000 41.559000 3229.417300
107.250000 42.030000 3230.641300
107.300000 21.788000 3226.420700
107.310000 22.259000 3228.346100
107.320000 22.729000 3228.539500
107.330000 23.200000 3227.631300
107.330000 23.671000 3225.193400
107.340000 24.141000 3223.742000
107.350000 24.612000 3222.537000
107.360000 25.083000 3223.997000
107.370000 25.554000 3224.934800
107.380000 26.024000 3228.626500
107.390000 26.495000 3230.115600
107.400000 26.966000 3233.142400
107.410000 27.437000 3233.959350
107.420000 27.907000 3232.743800
107.430000 28.378000 3232.006500
107.440000 28.849000 3229.660600
107.450000 29.320000 3228.665500
107.460000 29.790000 3224.658300
107.480000 30.261000 3222.990000
107.490000 30.732000 3223.172000
107.500000 31.203000 3224.075000
107.510000 31.673000 3225.206300
107.530000 32.144000 3226.382700
107.540000 32.615000 3225.669800
107.550000 33.085000 3223.856000
107.570000 33.556000 3217.073000
107.580000 34.027000 3220.020000
107.590000 34.498000 3219.334000
107.610000 34.968000 3216.138000
107.620000 35.439000 3216.209000
107.640000 35.910000 3219.088000
107.660000 36.381000 3221.416000
107.670000 36.851000 3222.887000
107.690000 37.322000 3219.556000
107.710000 37.793000 3218.587000
107.720000 38.264000 3219.676000
107.740000 38.734000 3220.681000
107.760000 39.205000 3221.213000
107.780000 39.676000 3224.000000
107.800000 40.147000 3225.886900
107.820000 40.617000 3231.168100
107.840000 41.088000 3228.851400
107.860000 41.559000 3231.916800
107.880000 42.030000 3229.627800
107.810000 21.788000 3226.819500
107.820000 22.259000 3226.670600
107.830000 22.729000 3228.871000
107.840000 23.200000 3224.286800
107.850000 23.671000 3223.987000
107.860000 24.141000 3223.854000
107.870000 24.612000 3224.837900
107.880000 25.083000 3223.375000
107.890000 25.554000 3225.664400
107.900000 26.024000 3228.202100
107.910000 26.495000 3231.393900
107.930000 26.966000 3233.052900
107.940000 27.437000 3234.719490
107.950000 27.907000 3234.157829
107.960000 28.378000 3233.495010
107.980000 28.849000 3232.502900
107.990000 29.320000 3230.436600
108.010000 29.790000 3229.778500
108.020000 30.261000 3229.350400
108.030000 30.732000 3227.803300
108.050000 31.203000 3226.150000
108.060000 31.673000 3226.230800
108.080000 32.144000 3227.972500
108.100000 32.615000 3225.859600
108.110000 33.085000 3223.819000
108.130000 33.556000 3218.460000
108.150000 34.027000 3218.551000
108.160000 34.498000 3222.658000
108.180000 34.968000 3218.441000
108.200000 35.439000 3221.128000
108.220000 35.910000 3224.216500
108.240000 36.381000 3225.165700
108.260000 36.851000 3225.843400
108.280000 37.322000 3222.492000
108.300000 37.793000 3220.146000
108.320000 38.264000 3219.491000
108.340000 38.734000 3222.033000
108.370000 39.205000 3222.377000
108.390000 39.676000 3226.137700
108.410000 40.147000 3228.362900
108.440000 40.617000 3230.044700
108.460000 41.088000 3229.986100
108.490000 41.559000 3232.054900
108.510000 42.030000 3229.246500
108.310000 21.788000 3231.273200
108.330000 22.259000 3226.583100
108.340000 22.729000 3229.225200
108.350000 23.200000 3224.845600
108.360000 23.671000 3224.464300
108.370000 24.141000 3224.870500
108.390000 24.612000 3223.918000
108.400000 25.083000 3223.528000
108.410000 25.554000 3226.109700
108.430000 26.024000 3227.603300
108.440000 26.495000 3229.251200
108.450000 26.966000 3232.736100
108.470000 27.437000 3235.118030
108.480000 27.907000 3234.908770
108.500000 28.378000 3233.437290
108.510000 28.849000 3232.768600
108.530000 29.320000 3231.951000
108.550000 29.790000 3232.991800
108.560000 30.261000 3233.263130
108.580000 30.732000 3231.058700
108.600000 31.203000 3231.142300
108.620000 31.673000 3232.441200
108.640000 32.144000 3230.683200
108.650000 32.615000 3230.828100
108.670000 33.085000 3225.111100
108.690000 33.556000 3219.926000
108.710000 34.027000 3219.352000
108.730000 34.498000 3220.553000
108.760000 34.968000 3224.282400
108.780000 35.439000 3219.392000
108.800000 35.910000 3224.474800
108.820000 36.381000 3224.680500
108.850000 36.851000 3228.094700
108.870000 37.322000 3225.897200
108.900000 37.793000 3222.566000
108.920000 38.264000 3222.246000
108.950000 38.734000 3221.166000
108.970000 39.205000 3225.408400
109.000000 39.676000 3229.853700
109.030000 40.147000 3230.860400
109.050000 40.617000 3232.695100
109.080000 41.088000 3233.131400
109.110000 41.559000 3231.200600
109.140000 42.030000 3226.881200
108.820000 21.788000 3230.820800
108.830000 22.259000 3227.311000
108.850000 22.729000 3227.883200
108.860000 23.200000 3225.521900
108.870000 23.671000 3226.142900
108.890000 24.141000 3225.642500
108.900000 24.612000 3227.519700
108.920000 25.083000 3225.098200
108.930000 25.554000 3227.926700
108.950000 26.024000 3228.307900
108.960000 26.495000 3232.883400
108.980000 26.966000 3231.634200
109.000000 27.437000 3233.682420
109.010000 27.907000 3233.521380
109.030000 28.378000 3232.604000
109.050000 28.849000 3233.880270
109.070000 29.320000 3233.321080
109.090000 29.790000 3232.905800
109.110000 30.261000 3238.141300
109.130000 30.732000 3234.881640
109.150000 31.203000 3235.433000
109.170000 31.673000 3233.607200
109.190000 32.144000 3236.375030
109.210000 32.615000 3233.246000
109.230000 33.085000 3228.004500
109.260000 33.556000 3223.066000
109.280000 34.027000 3223.472000
109.300000 34.498000 3224.551600
109.330000 34.968000 3223.810000
109.350000 35.439000 3220.690000
109.380000 35.910000 3223.519000
109.410000 36.381000 3223.801000
109.430000 36.851000 3224.163000
109.460000 37.322000 3225.763600
109.490000 37.793000 3224.236100
109.520000 38.264000 3221.963000
109.550000 38.734000 3223.859000
109.580000 39.205000 3229.947400
109.610000 39.676000 3232.022100
109.640000 40.147000 3232.881700
109.670000 40.617000 3233.909850
109.710000 41.088000 3233.355000
109.740000 41.559000 3232.230200
109.780000 42.030000 3229.321600
109.330000 21.788000 3229.763400
109.340000 22.259000 3226.209700
109.360000 22.729000 3227.067600
109.370000 23.200000 3225.636900
109.390000 23.671000 3228.050500
109.400000 24.141000 3228.617100
109.420000 24.612000 3227.734200
109.440000 25.083000 3226.836000
109.450000 25.554000 3227.606100
109.470000 26.024000 3231.687200
109.490000 26.495000 3230.660400
109.510000 26.966000 3232.442000
109.530000 27.437000 3235.074260
109.550000 27.907000 3234.802980
109.570000 28.378000 3235.006900
109.590000 28.849000 3234.964530
109.610000 29.320000 3234.768750
109.630000 29.790000 3232.970500
109.650000 30.261000 3233.849070
109.670000 30.732000 3234.884230
109.700000 31.203000 3234.262328
109.720000 31.673000 3235.270600
109.740000 32.144000 3234.636110
109.770000 32.615000 3234.597950
109.800000 33.085000 3230.439100
109.820000 33.556000 3225.547200
109.850000 34.027000 3224.931800
109.870000 34.498000 3226.892900
109.900000 34.968000 3224.987600
109.930000 35.439000 3223.565000
109.960000 35.910000 3222.431000
109.990000 36.381000 3225.471500
110.020000 36.851000 3224.396100
110.050000 37.322000 3224.233200
110.080000 37.793000 3224.066000
110.120000 38.264000 3225.900600
110.150000 38.734000 3227.381300
110.180000 39.205000 3228.807100
110.220000 39.676000 3231.763000
110.260000 40.147000 3234.609590
110.290000 40.617000 3232.711400
110.330000 41.088000 3235.924800
110.370000 41.559000 3231.476100
110.410000 42.030000 3229.435200
109.830000 21.788000 3229.315700
109.850000 22.259000 3225.568000
109.870000 22.729000 3228.688100
109.880000 23.200000 3226.108000
109.900000 23.671000 3226.560200
109.920000 24.141000 3227.568800
109.940000 24.612000 3228.241800
109.950000 25.083000 3229.282700
109.970000 25.554000 3227.736200
109.990000 26.024000 3230.994700
110.010000 26.495000 3231.611400
110.030000 26.966000 3232.803300
110.060000 27.437000 3233.235140
110.080000 27.907000 3233.465860
110.100000 28.378000 3233.326880
110.120000 28.849000 3234.582610
110.150000 29.320000 3234.657300
110.170000 29.790000 3234.796850
110.200000 30.261000 3234.577160
110.220000 30.732000 3235.113930
110.250000 31.203000 3234.365530
110.270000 31.673000 3233.275480
110.300000 32.144000 3234.347960
110.330000 32.615000 3234.414080
110.360000 33.085000 3232.137800
110.380000 33.556000 3224.951300
110.410000 34.027000 3222.897000
110.440000 34.498000 3228.213500
110.480000 34.968000 3227.883400
110.510000 35.439000 3223.139000
110.540000 35.910000 3223.963000
110.570000 36.381000 3221.420000
110.610000 36.851000 3223.443000
110.640000 37.322000 3224.427500
110.680000 37.793000 3226.126400
110.720000 38.264000 3229.065400
110.750000 38.734000 3226.293300
110.790000 39.205000 3226.464100
110.830000 39.676000 3229.167300
110.870000 40.147000 3234.639890
110.910000 40.617000 3232.760400
110.950000 41.088000 3233.826020
111.000000 41.559000 3232.869200
111.040000 42.030000 3233.023700
110.340000 21.788000 3226.544400
110.360000 22.259000 3223.218000
110.370000 22.729000 3228.762200
110.390000 23.200000 3224.846900
110.410000 23.671000 3227.035200
110.430000 24.141000 3226.880100
110.450000 24.612000 3229.163400
110.470000 25.083000 3230.848800
110.490000 25.554000 3228.755900
110.520000 26.024000 3228.338900
110.540000 26.495000 3231.704400
110.560000 26.966000 3233.550650
110.590000 27.437000 3235.892800
110.610000 27.907000 3235.494300
110.630000 28.378000 3233.491240
110.660000 28.849000 3234.794430
110.690000 29.320000 3236.081500
110.710000 29.790000 3234.727030
110.740000 30.261000 3235.540500
110.770000 30.732000 3235.025250
110.800000 31.203000 3233.316300
110.820000 31.673000 3230.887600
110.850000 32.144000 3230.380400
110.890000 32.615000 3233.392770
110.920000 33.085000 3231.573100
110.950000 33.556000 3224.142000
110.980000 34.027000 3225.042400
111.010000 34.498000 3230.653000
111.050000 34.968000 3230.118900
111.080000 35.439000 3229.800500
111.120000 35.910000 3227.956200
111.160000 36.381000 3227.538300
111.190000 36.851000 3227.048500
111.230000 37.322000 3229.735700
111.270000 37.793000 3231.973700
111.310000 38.264000 3231.062600
111.350000 38.734000 3231.164300
111.400000 39.205000 3229.527900
111.440000 39.676000 3230.964000
111.490000 40.147000 3234.984540
111.530000 40.617000 3233.183200
111.580000 41.088000 3236.092400
111.620000 41.559000 3233.014700
111.670000 42.030000 3234.244815
110.840000 21.788000 3231.967100
110.860000 22.259000 3225.795100
110.880000 22.729000 3227.261200
110.900000 23.200000 3226.770500
110.930000 23.671000 3227.792500
110.950000 24.141000 3228.501700
110.970000 24.612000 3228.879300
110.990000 25.083000 3231.631700
111.020000 25.554000 3230.480300
111.040000 26.024000 3232.891300
111.060000 26.495000 3232.402300
111.090000 26.966000 3235.907900
111.110000 27.437000 3236.511600
111.140000 27.907000 3237.305400
111.170000 28.378000 3237.094200
111.200000 28.849000 3238.274000
111.220000 29.320000 3236.658000
111.250000 29.790000 3235.455500
111.280000 30.261000 3236.883900
111.310000 30.732000 3234.502370
111.340000 31.203000 3231.541200
111.380000 31.673000 3229.879200
111.410000 32.144000 3232.684800
111.440000 32.615000 3233.605340
111.480000 33.085000 3233.279600
111.510000 33.556000 3226.113700
111.550000 34.027000 3224.403000
111.580000 34.498000 3230.292900
111.620000 34.968000 3234.691110
111.660000 35.439000 3234.908630
111.700000 35.910000 3230.004800
111.740000 36.381000 3230.805500
111.780000 36.851000 3233.781670
111.820000 37.322000 3232.028000
111.870000 37.793000 3233.605680
111.910000 38.264000 3230.968600
111.960000 38.734000 3232.793400
112.000000 39.205000 3233.842320
112.050000 39.676000 3233.598470
112.100000 40.147000 3234.207686
112.150000 40.617000 3237.091200
112.200000 41.088000 3234.325050
112.250000 41.559000 3232.768100
112.310000 42.030000 3233.604470
111.350000 21.788000 3228.038000
111.370000 22.259000 3226.509000
111.390000 22.729000 3226.854000
111.420000 23.200000 3227.092200
111.440000 23.671000 3227.564100
111.460000 24.141000 3229.234900
111.490000 24.612000 3231.124600
111.510000 25.083000 3228.215300
111.540000 25.554000 3230.936200
111.560000 26.024000 3231.237800
111.590000 26.495000 3234.104110
111.620000 26.966000 3235.333500
111.640000 27.437000 3235.687500
111.670000 27.907000 3235.147940
111.700000 28.378000 3238.225800
111.730000 28.849000 3235.503000
111.760000 29.320000 3235.069890
111.790000 29.790000 3235.467300
111.830000 30.261000 3235.197220
111.860000 30.732000 3234.413070
111.890000 31.203000 3231.969900
111.930000 31.673000 3231.670500
111.960000 32.144000 3232.563300
112.000000 32.615000 3233.876490
112.040000 33.085000 3232.021000
112.080000 33.556000 3227.339500
112.110000 34.027000 3226.321800
112.150000 34.498000 3231.568400
112.200000 34.968000 3234.301640
112.240000 35.439000 3233.495110
112.280000 35.910000 3232.789300
112.320000 36.381000 3233.856290
112.370000 36.851000 3233.668030
112.420000 37.322000 3232.040800
112.460000 37.793000 3231.995000
112.510000 38.264000 3232.953500
112.560000 38.734000 3233.200420
112.610000 39.205000 3234.845550
112.660000 39.676000 3236.051900
112.710000 40.147000 3238.129700
112.770000 40.617000 3235.279500
112.820000 41.088000 3236.242100
112.880000 41.559000 3235.849500
112.940000 42.030000 3234.152675
111.860000 21.788000 3230.236800
111.880000 22.259000 3229.111000
111.900000 22.729000 3228.749200
111.930000 23.200000 3225.647700
111.950000 23.671000 3228.719600
111.980000 24.141000 3228.872100
112.000000 24.612000 3229.648800
112.030000 25.083000 3228.084300
112.060000 25.554000 3230.449300
112.080000 26.024000 3233.655550
112.110000 26.495000 3231.838600
112.140000 26.966000 3231.892300
112.170000 27.437000 3232.511100
112.200000 27.907000 3232.443200
112.240000 28.378000 3233.237360
112.270000 28.849000 3233.644710
112.300000 29.320000 3232.164500
112.340000 29.790000 3232.417400
112.370000 30.261000 3234.482580
112.410000 30.732000 3235.110060
112.440000 31.203000 3233.072600
112.480000 31.673000 3233.342690
112.520000 32.144000 3233.133900
112.560000 32.615000 3231.435900
112.600000 33.085000 3232.146300
112.640000 33.556000 3228.149900
112.680000 34.027000 3231.317900
112.720000 34.498000 3232.422600
112.770000 34.968000 3232.360500
112.810000 35.439000 3230.288400
112.860000 35.910000 3228.247700
112.910000 36.381000 3229.979300
112.960000 36.851000 3232.460500
113.010000 37.322000 3234.293210
113.060000 37.793000 3233.666950
113.110000 38.264000 3235.013270
113.160000 38.734000 3237.928400
113.220000 39.205000 3237.602700
113.270000 39.676000 3236.461800
113.330000 40.147000 3239.316800
113.390000 40.617000 3239.548600
113.450000 41.088000 3239.434700
113.510000 41.559000 3237.098200
113.570000 42.030000 3233.694600
112.360000 21.788000 3229.490900
112.390000 22.259000 3230.100500
112.410000 22.729000 3228.283500
112.440000 23.200000 3225.089600
112.460000 23.671000 3227.875200
112.490000 24.141000 3227.566100
112.520000 24.612000 3226.490800
112.550000 25.083000 3229.004600
112.580000 25.554000 3230.774200
112.610000 26.024000 3231.838900
112.640000 26.495000 3229.242900
112.670000 26.966000 3229.944400
112.700000 27.437000 3229.771300
112.740000 27.907000 3230.961600
112.770000 28.378000 3230.734900
112.800000 28.849000 3230.851600
112.840000 29.320000 3228.458900
112.880000 29.790000 3233.554660
112.910000 30.261000 3234.174834
112.950000 30.732000 3237.196600
112.990000 31.203000 3233.958450
113.030000 31.673000 3232.338200
113.070000 32.144000 3232.469600
113.120000 32.615000 3229.582600
113.160000 33.085000 3230.185800
113.200000 33.556000 3229.363900
113.250000 34.027000 3233.302130
113.290000 34.498000 3231.484100
113.340000 34.968000 3233.527510
113.390000 35.439000 3232.060200
113.440000 35.910000 3230.285100
113.490000 36.381000 3230.190200
113.540000 36.851000 3232.571100
113.600000 37.322000 3233.932360
113.650000 37.793000 3233.833800
113.710000 38.264000 3236.265200
113.760000 38.734000 3235.547100
113.820000 39.205000 3236.739600
113.880000 39.676000 3240.016800
113.940000 40.147000 3239.668900
114.010000 40.617000 3239.841600
114.070000 41.088000 3238.749900
114.140000 41.559000 3236.790500
114.200000 42.030000 3235.998400
112.870000 21.788000 3230.281300
112.890000 22.259000 3229.061800
112.920000 22.729000 3228.721800
112.950000 23.200000 3225.560700
112.980000 23.671000 3226.903700
113.010000 24.141000 3225.809800
113.040000 24.612000 3227.001000
113.070000 25.083000 3227.401900
113.100000 25.554000 3228.566200
113.130000 26.024000 3225.008200
113.160000 26.495000 3228.517600
113.200000 26.966000 3230.015000
113.230000 27.437000 3230.376200
113.270000 27.907000 3230.805700
113.300000 28.378000 3230.490200
113.340000 28.849000 3229.922100
113.380000 29.320000 3231.675200
113.420000 29.790000 3234.535360
113.460000 30.261000 3237.191400
113.500000 30.732000 3236.859700
113.540000 31.203000 3235.434200
113.580000 31.673000 3232.347700
113.630000 32.144000 3229.954300
113.670000 32.615000 3231.014600
113.720000 33.085000 3231.234600
113.770000 33.556000 3231.751100
113.820000 34.027000 3232.478600
113.860000 34.498000 3234.789350
113.920000 34.968000 3235.293100
113.970000 35.439000 3234.815670
114.020000 35.910000 3232.692200
114.070000 36.381000 3231.426300
114.130000 36.851000 3233.670050
114.190000 37.322000 3234.355130
114.250000 37.793000 3234.853410
114.310000 38.264000 3239.549100
114.370000 38.734000 3235.254600
114.430000 39.205000 3234.650550
114.490000 39.676000 3236.265000
114.560000 40.147000 3236.661800
114.620000 40.617000 3237.997300
114.690000 41.088000 3238.487300
114.760000 41.559000 3236.779600
114.840000 42.030000 3234.621630
113.370000 21.788000 3229.775300
113.400000 22.259000 3228.257700
113.430000 22.729000 3229.480400
113.460000 23.200000 3226.421200
113.490000 23.671000 3228.413400
113.520000 24.141000 3226.427200
113.550000 24.612000 3225.614700
113.590000 25.083000 3226.200000
113.620000 25.554000 3225.493800
113.650000 26.024000 3225.477100
113.690000 26.495000 3227.674800
113.720000 26.966000 3229.976300
113.760000 27.437000 3230.563000
113.800000 27.907000 3229.226900
113.840000 28.378000 3229.461300
113.880000 28.849000 3228.308500
113.920000 29.320000 3231.509800
113.960000 29.790000 3236.012000
114.000000 30.261000 3236.459800
114.050000 30.732000 3235.549900
114.090000 31.203000 3233.454460
114.140000 31.673000 3231.247700
114.180000 32.144000 3232.144000
114.230000 32.615000 3232.910000
114.280000 33.085000 3234.601740
114.330000 33.556000 3235.046840
114.380000 34.027000 3234.044880
114.440000 34.498000 3235.397700
114.490000 34.968000 3235.678500
114.540000 35.439000 3236.976600
114.600000 35.910000 3237.720300
114.660000 36.381000 3237.072600
114.720000 36.851000 3240.847000
114.780000 37.322000 3239.941200
114.840000 37.793000 3243.225200
114.900000 38.264000 3241.386600
114.970000 38.734000 3241.423900
115.030000 39.205000 3236.532200
115.100000 39.676000 3237.583600
115.170000 40.147000 3238.141300
115.240000 40.617000 3239.380100
115.320000 41.088000 3235.849600
115.390000 41.559000 3236.516100
115.470000 42.030000 3235.540800
113.880000 21.788000 3227.312100
113.910000 22.259000 3229.354600
113.940000 22.729000 3231.591300
113.970000 23.200000 3230.550600
114.000000 23.671000 3229.285000
114.040000 24.141000 3228.649400
114.070000 24.612000 3230.730500
114.100000 25.083000 3227.628900
114.140000 25.554000 3227.127000
114.180000 26.024000 3228.265100
114.210000 26.495000 3228.543300
114.250000 26.966000 3229.079300
114.290000 27.437000 3230.894700
114.330000 27.907000 3230.565200
114.370000 28.378000 3228.938800
114.410000 28.849000 3229.566500
114.460000 29.320000 3234.024710
114.500000 29.790000 3235.344400
114.550000 30.261000 3236.372500
114.590000 30.732000 3234.560640
114.640000 31.203000 3231.707500
114.690000 31.673000 3231.704500
114.740000 32.144000 3234.269045
114.790000 32.615000 3234.143023
114.840000 33.085000 3234.644460
114.890000 33.556000 3236.070900
114.950000 34.027000 3235.446100
115.010000 34.498000 3235.962800
115.060000 34.968000 3238.336800
115.120000 35.439000 3235.658500
115.180000 35.910000 3237.472100
115.240000 36.381000 3240.645500
115.300000 36.851000 3244.018000
115.370000 37.322000 3242.675700
115.430000 37.793000 3243.305700
115.500000 38.264000 3243.554000
115.570000 38.734000 3241.320900
115.640000 39.205000 3243.653400
115.710000 39.676000 3238.754400
115.790000 40.147000 3239.751300
115.860000 40.617000 3238.062900
115.940000 41.088000 3235.175380
116.020000 41.559000 3234.802050
116.100000 42.030000 3235.165080
114.390000 21.788000 3226.725800
114.420000 22.259000 3229.935800
114.450000 22.729000 3231.439800
114.480000 23.200000 3231.883400
114.520000 23.671000 3230.802200
114.550000 24.141000 3228.841400
114.590000 24.612000 3229.792400
114.620000 25.083000 3230.018800
114.660000 25.554000 3226.897900
114.700000 26.024000 3227.767600
114.740000 26.495000 3229.503100
114.780000 26.966000 3228.407500
114.820000 27.437000 3231.006500
114.860000 27.907000 3230.553000
114.910000 28.378000 3230.459900
114.950000 28.849000 3231.337600
115.000000 29.320000 3232.830300
115.040000 29.790000 3235.123600
115.090000 30.261000 3234.681960
115.140000 30.732000 3232.479400
115.190000 31.203000 3233.530010
115.240000 31.673000 3234.556490
115.290000 32.144000 3234.208134
115.350000 32.615000 3232.907400
115.400000 33.085000 3232.539200
115.460000 33.556000 3236.198400
115.520000 34.027000 3234.148483
115.580000 34.498000 3237.445100
115.640000 34.968000 3237.382000
115.700000 35.439000 3238.554700
115.760000 35.910000 3237.812800
115.830000 36.381000 3238.543500
115.890000 36.851000 3243.531200
115.960000 37.322000 3245.178000
116.030000 37.793000 3243.999700
116.100000 38.264000 3245.334000
116.170000 38.734000 3245.739000
116.250000 39.205000 3243.414200
116.320000 39.676000 3245.348000
116.400000 40.147000 3242.390500
116.480000 40.617000 3238.894300
116.560000 41.088000 3235.416500
116.650000 41.559000 3235.328900
116.730000 42.030000 3234.784320
114.890000 21.788000 3227.918900
114.920000 22.259000 3227.603900
114.960000 22.729000 3230.918400
114.990000 23.200000 3230.921000
115.030000 23.671000 3230.842600
115.070000 24.141000 3231.133400
115.100000 24.612000 3231.532400
115.140000 25.083000 3229.731400
115.180000 25.554000 3228.652600
115.220000 26.024000 3229.478400
115.260000 26.495000 3230.753400
115.310000 26.966000 3229.740400
115.350000 27.437000 3230.594500
115.390000 27.907000 3231.330800
115.440000 28.378000 3231.131100
115.490000 28.849000 3232.380800
115.530000 29.320000 3232.588000
115.580000 29.790000 3233.816870
115.630000 30.261000 3234.222704
115.690000 30.732000 3238.577300
115.740000 31.203000 3235.148030
115.790000 31.673000 3235.477100
115.850000 32.144000 3234.161244
115.900000 32.615000 3232.865200
115.960000 33.085000 3233.628370
116.020000 33.556000 3236.011700
116.080000 34.027000 3236.490300
116.150000 34.498000 3237.801000
116.210000 34.968000 3239.283400
116.270000 35.439000 3236.997000
116.340000 35.910000 3235.316100
116.410000 36.381000 3238.922300
116.480000 36.851000 3242.927700
116.550000 37.322000 3245.557000
116.620000 37.793000 3245.086000
116.700000 38.264000 3247.250000
116.780000 38.734000 3249.032000
116.850000 39.205000 3246.640000
116.930000 39.676000 3247.619000
117.020000 40.147000 3244.202000
117.100000 40.617000 3238.219400
117.190000 41.088000 3235.961600
117.280000 41.559000 3234.723190
117.370000 42.030000 3233.666560
115.400000 21.788000 3229.083600
115.430000 22.259000 3225.996000
115.470000 22.729000 3232.203000
115.500000 23.200000 3230.903700
115.540000 23.671000 3232.644500
115.580000 24.141000 3232.448200
115.620000 24.612000 3230.725800
115.660000 25.083000 3230.491200
115.700000 25.554000 3229.431600
115.740000 26.024000 3229.924900
115.790000 26.495000 3232.246700
115.830000 26.966000 3231.526400
115.880000 27.437000 3231.076900
115.930000 27.907000 3231.516500
115.970000 28.378000 3232.800500
116.020000 28.849000 3232.596900
116.070000 29.320000 3234.092780
116.130000 29.790000 3235.054500
116.180000 30.261000 3235.817400
116.230000 30.732000 3237.777200
116.290000 31.203000 3237.245800
116.340000 31.673000 3237.142300
116.400000 32.144000 3235.908400
116.460000 32.615000 3234.951880
116.520000 33.085000 3234.966160
116.590000 33.556000 3235.611900
116.650000 34.027000 3236.059400
116.720000 34.498000 3239.578500
116.780000 34.968000 3240.122300
116.850000 35.439000 3239.168200
116.920000 35.910000 3237.138000
116.990000 36.381000 3238.794500
117.070000 36.851000 3244.316000
117.140000 37.322000 3246.969000
117.220000 37.793000 3249.716000
117.300000 38.264000 3247.736000
117.380000 38.734000 3248.328000
117.460000 39.205000 3249.753000
117.540000 39.676000 3247.787000
117.630000 40.147000 3241.214600
117.720000 40.617000 3236.785500
117.810000 41.088000 3236.826900
117.900000 41.559000 3235.157500
118.000000 42.030000 3234.943780
115.900000 21.788000 3229.608000
115.940000 22.259000 3230.564900
115.980000 22.729000 3234.620190
116.020000 23.200000 3232.763600
116.050000 23.671000 3234.089450
116.100000 24.141000 3232.241700
116.140000 24.612000 3231.823700
116.180000 25.083000 3231.997700
116.220000 25.554000 3231.145500
116.270000 26.024000 3231.079500
116.310000 26.495000 3231.741800
116.360000 26.966000 3232.147700
116.410000 27.437000 3232.646000
116.460000 27.907000 3233.491680
116.510000 28.378000 3233.500520
116.560000 28.849000 3232.603500
116.610000 29.320000 3234.386660
116.670000 29.790000 3234.289254
116.720000 30.261000 3234.354750
116.780000 30.732000 3234.372610
116.840000 31.203000 3236.511500
116.900000 31.673000 3237.561300
116.960000 32.144000 3236.426400
117.020000 32.615000 3238.102900
117.080000 33.085000 3235.995900
117.150000 33.556000 3238.471800
117.220000 34.027000 3239.853000
117.290000 34.498000 3238.406500
117.360000 34.968000 3236.609100
117.430000 35.439000 3237.915200
117.500000 35.910000 3238.251100
117.580000 36.381000 3238.182100
117.650000 36.851000 3247.353000
117.730000 37.322000 3249.846000
117.810000 37.793000 3251.414000
117.890000 38.264000 3248.465000
117.980000 38.734000 3245.221000
118.070000 39.205000 3246.948000
118.150000 39.676000 3251.156000
118.250000 40.147000 3243.462500
118.340000 40.617000 3239.171700
118.430000 41.088000 3237.393700
118.530000 41.559000 3235.297700
118.630000 42.030000 3235.174310
116.410000 21.788000 3231.925700
116.450000 22.259000 3234.692330
116.490000 22.729000 3237.060600
116.530000 23.200000 3236.453600
116.570000 23.671000 3235.024810
116.610000 24.141000 3231.193400
116.650000 24.612000 3232.805600
116.700000 25.083000 3231.613800
116.740000 25.554000 3231.602000
116.790000 26.024000 3231.816800
116.840000 26.495000 3231.685300
116.890000 26.966000 3228.621000
116.940000 27.437000 3231.001800
116.990000 27.907000 3232.451100
117.040000 28.378000 3233.239430
117.100000 28.849000 3233.612620
117.150000 29.320000 3232.614300
117.210000 29.790000 3232.777700
117.270000 30.261000 3233.115700
117.330000 30.732000 3233.953310
117.390000 31.203000 3236.434700
117.450000 31.673000 3236.439200
117.510000 32.144000 3236.719300
117.580000 32.615000 3238.734400
117.640000 33.085000 3237.171300
117.710000 33.556000 3240.526000
117.780000 34.027000 3239.824600
117.860000 34.498000 3239.729200
117.930000 34.968000 3236.168900
118.000000 35.439000 3237.881500
118.080000 35.910000 3236.717100
118.160000 36.381000 3238.672200
118.240000 36.851000 3246.844000
118.320000 37.322000 3251.254000
118.410000 37.793000 3253.257000
118.490000 38.264000 3250.603000
118.580000 38.734000 3249.554000
118.670000 39.205000 3256.548000
118.770000 39.676000 3248.904000
118.860000 40.147000 3243.072000
118.960000 40.617000 3240.731900
119.060000 41.088000 3238.819800
119.160000 41.559000 3235.866600
119.260000 42.030000 3237.034100
116.920000 21.788000 3236.310000
116.960000 22.259000 3238.053500
117.000000 22.729000 3242.204800
117.040000 23.200000 3240.717300
117.080000 23.671000 3237.527100
117.120000 24.141000 3233.807020
117.170000 24.612000 3235.042920
117.220000 25.083000 3232.250300
117.260000 25.554000 3232.260300
117.310000 26.024000 3231.277600
117.360000 26.495000 3232.897700
117.410000 26.966000 3230.965000
117.470000 27.437000 3230.971000
117.520000 27.907000 3231.085700
117.580000 28.378000 3232.887100
117.630000 28.849000 3234.590060
117.690000 29.320000 3233.796490
117.750000 29.790000 3231.239400
117.810000 30.261000 3233.848990
117.870000 30.732000 3235.663700
117.940000 31.203000 3238.194500
118.000000 31.673000 3238.912500
118.070000 32.144000 3239.627300
118.140000 32.615000 3237.965500
118.210000 33.085000 3241.634800
118.280000 33.556000 3241.963800
118.350000 34.027000 3239.121500
118.430000 34.498000 3238.431700
118.500000 34.968000 3241.384700
118.580000 35.439000 3240.913400
118.660000 35.910000 3239.657100
118.740000 36.381000 3241.755500
118.830000 36.851000 3247.937000
118.910000 37.322000 3250.310000
119.000000 37.793000 3254.193000
119.090000 38.264000 3256.232000
119.180000 38.734000 3263.561000
119.280000 39.205000 3251.657000
119.380000 39.676000 3250.156000
119.470000 40.147000 3243.292300
119.580000 40.617000 3242.846900
119.680000 41.088000 3242.014200
119.790000 41.559000 3239.063500
119.900000 42.030000 3236.677900
117.420000 21.788000 3241.789900
117.460000 22.259000 3243.643000
117.510000 22.729000 3250.154000
117.550000 23.200000 3251.771000
117.590000 23.671000 3244.521300
117.640000 24.141000 3238.648200
117.690000 24.612000 3234.186787
117.740000 25.083000 3233.869440
117.780000 25.554000 3233.427530
117.840000 26.024000 3231.549800
117.890000 26.495000 3231.856900
117.940000 26.966000 3230.933000
118.000000 27.437000 3230.602600
118.050000 27.907000 3232.296300
118.110000 28.378000 3233.470430
118.170000 28.849000 3233.502270
118.230000 29.320000 3232.914900
118.290000 29.790000 3231.897500
118.350000 30.261000 3235.192440
118.420000 30.732000 3237.550800
118.480000 31.203000 3241.186200
118.550000 31.673000 3241.217600
118.620000 32.144000 3239.007200
118.690000 32.615000 3244.898000
118.770000 33.085000 3247.670000
118.840000 33.556000 3242.315400
118.920000 34.027000 3240.800200
119.000000 34.498000 3239.669800
119.080000 34.968000 3239.834200
119.160000 35.439000 3241.064600
119.240000 35.910000 3245.256000
119.330000 36.381000 3246.364000
119.410000 36.851000 3246.974000
119.500000 37.322000 3254.468000
119.600000 37.793000 3261.761000
119.690000 38.264000 3270.349000
119.790000 38.734000 3250.592000
119.880000 39.205000 3247.359000
119.990000 39.676000 3256.498000
120.090000 40.147000 3244.471000
120.190000 40.617000 3241.037600
120.300000 41.088000 3242.585300
120.410000 41.559000 3239.507800
120.530000 42.030000 3236.925300
117.930000 21.788000 3250.844900
117.970000 22.259000 3253.211000
118.010000 22.729000 3252.905000
118.060000 23.200000 3254.062000
118.110000 23.671000 3250.093000
118.150000 24.141000 3243.876700
118.200000 24.612000 3240.598900
118.250000 25.083000 3235.098740
118.310000 25.554000 3233.639850
118.360000 26.024000 3234.934810
118.410000 26.495000 3231.813700
118.470000 26.966000 3230.826100
118.530000 27.437000 3233.879150
118.580000 27.907000 3234.445840
118.640000 28.378000 3233.126300
118.700000 28.849000 3233.985490
118.770000 29.320000 3233.922500
118.830000 29.790000 3235.481300
118.900000 30.261000 3235.225500
118.970000 30.732000 3239.193700
119.030000 31.203000 3241.469000
119.100000 31.673000 3242.778400
119.180000 32.144000 3248.099000
119.250000 32.615000 3250.084000
119.330000 33.085000 3251.584000
119.400000 33.556000 3247.922000
119.480000 34.027000 3244.852000
119.570000 34.498000 3245.755000
119.650000 34.968000 3248.742000
119.730000 35.439000 3244.376000
119.820000 35.910000 3242.951100
119.910000 36.381000 3247.003000
120.000000 36.851000 3242.038200
120.090000 37.322000 3246.150000
120.190000 37.793000 3253.788000
120.290000 38.264000 3255.214000
120.390000 38.734000 3254.225000
120.490000 39.205000 3244.592000
120.600000 39.676000 3247.777000
120.700000 40.147000 3246.654000
120.810000 40.617000 3241.988800
120.930000 41.088000 3240.165100
121.040000 41.559000 3237.057600
121.160000 42.030000 3233.734970
118.430000 21.788000 3252.892000
118.480000 22.259000 3258.850000
118.520000 22.729000 3257.255000
118.570000 23.200000 3253.571000
118.620000 23.671000 3252.703000
118.670000 24.141000 3252.082000
118.720000 24.612000 3244.231000
118.770000 25.083000 3241.340400
118.830000 25.554000 3233.333350
118.880000 26.024000 3233.433040
118.940000 26.495000 3233.860960
119.000000 26.966000 3231.550400
119.050000 27.437000 3231.232300
119.120000 27.907000 3234.831870
119.180000 28.378000 3235.275000
119.240000 28.849000 3235.607900
119.310000 29.320000 3236.931100
119.370000 29.790000 3235.507100
119.440000 30.261000 3238.347100
119.510000 30.732000 3238.637400
119.580000 31.203000 3243.817000
119.660000 31.673000 3249.163000
119.730000 32.144000 3249.323000
119.810000 32.615000 3251.590000
119.890000 33.085000 3253.555000
119.970000 33.556000 3250.609000
120.050000 34.027000 3247.857000
120.140000 34.498000 3248.064000
120.220000 34.968000 3246.312000
120.310000 35.439000 3246.012000
120.400000 35.910000 3243.894300
120.490000 36.381000 3246.126000
120.590000 36.851000 3244.551000
120.690000 37.322000 3248.281000
120.780000 37.793000 3253.211000
120.890000 38.264000 3257.972000
120.990000 38.734000 3257.975000
121.100000 39.205000 3247.839000
121.210000 39.676000 3246.910000
121.320000 40.147000 3245.047000
121.430000 40.617000 3240.026500
121.550000 41.088000 3241.759200
121.670000 41.559000 3239.338400
121.790000 42.030000 3240.404600
118.940000 21.788000 3270.293000
118.990000 22.259000 3265.487000
119.030000 22.729000 3254.793000
119.080000 23.200000 3260.128000
119.130000 23.671000 3255.182000
119.180000 24.141000 3250.760000
119.240000 24.612000 3251.028000
119.290000 25.083000 3246.615000
119.350000 25.554000 3240.680900
119.400000 26.024000 3236.373800
119.460000 26.495000 3238.400700
119.520000 26.966000 3233.144900
119.580000 27.437000 3232.627800
119.650000 27.907000 3233.478570
119.710000 28.378000 3236.426600
119.780000 28.849000 3236.810100
119.850000 29.320000 3237.052700
119.910000 29.790000 3236.670400
119.990000 30.261000 3238.915400
120.060000 30.732000 3240.091000
120.130000 31.203000 3245.126000
120.210000 31.673000 3249.683000
120.290000 32.144000 3249.327000
120.370000 32.615000 3250.343000
120.450000 33.085000 3255.047000
120.530000 33.556000 3254.026000
120.620000 34.027000 3254.127000
120.710000 34.498000 3246.374000
120.790000 34.968000 3246.362000
120.890000 35.439000 3252.068000
120.980000 35.910000 3250.541000
121.080000 36.381000 3245.860000
121.180000 36.851000 3249.483000
121.280000 37.322000 3251.130000
121.380000 37.793000 3256.752000
121.480000 38.264000 3260.544000
121.590000 38.734000 3248.444000
121.700000 39.205000 3247.221000
121.820000 39.676000 3249.789000
121.930000 40.147000 3258.848000
119.450000 21.788000 3273.295000
119.490000 22.259000 3267.371000
119.540000 22.729000 3260.049000
119.590000 23.200000 3260.267000
119.650000 23.671000 3255.352000
119.700000 24.141000 3259.128000
119.750000 24.612000 3251.558000
119.810000 25.083000 3247.746000
119.870000 25.554000 3250.097000
119.930000 26.024000 3241.038100
119.990000 26.495000 3237.037400
120.050000 26.966000 3239.201800
120.110000 27.437000 3233.255450
120.180000 27.907000 3235.886700
120.250000 28.378000 3234.818530
120.310000 28.849000 3236.849600
120.380000 29.320000 3237.925200
120.460000 29.790000 3239.455900
120.530000 30.261000 3242.314500
120.600000 30.732000 3244.933000
120.680000 31.203000 3246.100000
120.760000 31.673000 3242.275000
120.840000 32.144000 3248.696000
120.920000 32.615000 3255.378000
121.010000 33.085000 3260.969000
121.100000 33.556000 3263.658000
121.180000 34.027000 3262.534000
121.280000 34.498000 3261.085000
121.370000 34.968000 3259.004000
121.460000 35.439000 3253.400000
121.560000 35.910000 3250.601000
121.660000 36.381000 3252.335000
121.760000 36.851000 3246.334000
121.870000 37.322000 3247.211000
121.970000 37.793000 3258.788000
119.950000 21.788000 3258.429000
120.000000 22.259000 3255.550000
120.050000 22.729000 3250.102000
120.100000 23.200000 3248.750000
120.160000 23.671000 3256.566000
120.210000 24.141000 3253.738000
120.270000 24.612000 3251.185000
120.330000 25.083000 3253.592000
120.390000 25.554000 3245.916000
120.450000 26.024000 3265.282000
120.510000 26.495000 3249.869000
120.580000 26.966000 3238.949100
120.640000 27.437000 3241.058400
120.710000 27.907000 3237.065000
120.780000 28.378000 3237.241800
120.850000 28.849000 3238.274500
120.920000 29.320000 3235.802200
121.000000 29.790000 3238.651200
121.070000 30.261000 3237.224100
121.150000 30.732000 3236.711500
121.230000 31.203000 3243.019700
121.310000 31.673000 3248.168000
121.400000 32.144000 3248.274000
121.480000 32.615000 3255.573000
121.570000 33.085000 3257.905000
121.660000 33.556000 3264.799000
121.750000 34.027000 3264.340000
121.850000 34.498000 3261.982000
121.940000 34.968000 3257.516000
120.460000 21.788000 3248.933000
120.510000 22.259000 3246.231000
120.560000 22.729000 3247.400000
120.620000 23.200000 3243.155700
120.670000 23.671000 3246.782000
120.730000 24.141000 3248.391000
120.790000 24.612000 3254.912000
120.850000 25.083000 3252.849000
120.910000 25.554000 3245.676000
120.970000 26.024000 3257.208000
121.040000 26.495000 3252.010000
121.100000 26.966000 3239.861900
121.170000 27.437000 3242.919100
121.240000 27.907000 3239.565600
121.310000 28.378000 3239.521100
121.390000 28.849000 3235.772200
121.460000 29.320000 3236.451000
121.540000 29.790000 3238.853500
121.620000 30.261000 3247.934000
121.700000 30.732000 3252.025000
121.780000 31.203000 3251.170000
121.860000 31.673000 3248.993000
121.950000 32.144000 3250.307000
120.960000 21.788000 3249.191000
121.020000 22.259000 3250.770000
121.070000 22.729000 3246.837000
121.130000 23.200000 3186.997000
121.180000 23.671000 3194.621000
121.240000 24.141000 3234.397110
121.300000 24.612000 3244.414000
121.370000 25.083000 3242.636100
121.430000 25.554000 3243.128300
121.500000 26.024000 3255.017000
121.560000 26.495000 3238.782500
121.630000 26.966000 3246.292000
121.700000 27.437000 3241.832300
121.770000 27.907000 3243.443300
121.850000 28.378000 3238.797700
121.920000 28.849000 3237.469300
121.470000 21.788000 3255.308000
121.520000 22.259000 3273.949000
121.580000 22.729000 3270.266000
121.640000 23.200000 3254.711000
121.700000 23.671000 3251.305000
121.760000 24.141000 3250.221000
121.820000 24.612000 3253.775000
121.880000 25.083000 3229.284900
121.950000 25.554000 3238.351500
121.970000 21.788000 3273.599000
