104.770000 21.788000 2805.694000
104.770000 22.259000 2762.909000
104.770000 22.729000 2769.480000
104.770000 23.200000 2726.364000
104.770000 23.671000 2746.240000
104.770000 24.141000 2766.632000
104.770000 24.612000 2760.192000
104.770000 25.083000 2753.703000
104.770000 25.554000 2738.186000
104.770000 26.024000 2748.057000
104.760000 26.495000 2743.186500
104.760000 26.966000 2790.004000
104.760000 27.437000 2752.754000
104.760000 27.907000 2739.194000
104.760000 28.378000 2729.492000
104.760000 28.849000 2694.014000
104.760000 29.320000 2759.916000
104.760000 29.790000 2755.367000
104.760000 30.261000 2719.712000
104.760000 30.732000 2703.213000
104.750000 31.203000 2708.536100
104.750000 31.673000 2688.067000
104.750000 32.144000 2693.510000
104.750000 32.615000 2742.137000
104.750000 33.085000 2730.640000
104.750000 33.556000 2733.947000
104.750000 34.027000 2711.856000
104.740000 34.498000 2738.210000
104.740000 34.968000 2739.942000
104.740000 35.439000 2731.024000
104.740000 35.910000 2744.980000
104.740000 36.381000 2743.925000
104.740000 36.851000 2741.798000
104.740000 37.322000 2739.785000
104.730000 37.793000 2740.665500
104.730000 38.264000 2750.306100
104.730000 38.734000 2745.177000
104.730000 39.205000 2757.577900
104.730000 39.676000 2762.715800
104.720000 40.147000 2768.645400
104.720000 40.617000 2752.815000
104.720000 41.088000 2754.847000
104.720000 41.559000 2745.802000
104.720000 42.030000 2743.600000
105.280000 21.788000 2775.588000
105.280000 22.259000 2775.833000
105.280000 22.729000 2800.901690
105.280000 23.200000 2758.369000
105.280000 23.671000 2752.867000
105.280000 24.141000 2768.239000
105.290000 24.612000 2763.896000
105.290000 25.083000 2756.535000
105.290000 25.554000 2753.508000
105.290000 26.024000 2745.983700
105.290000 26.495000 2759.876100
105.290000 26.966000 2804.391000
105.290000 27.437000 2806.501000
105.290000 27.907000 2777.103200
105.290000 28.378000 2735.971000
105.300000 28.849000 2719.357000
105.300000 29.320000 2750.989000
105.300000 29.790000 2756.753000
105.300000 30.261000 2722.531000
105.300000 30.732000 2715.072000
105.300000 31.203000 2726.182900
105.300000 31.673000 2711.982000
105.310000 32.144000 2724.319000
105.310000 32.615000 2781.534000
105.310000 33.085000 2784.967000
105.310000 33.556000 2801.718400
105.310000 34.027000 2797.434000
105.310000 34.498000 2789.544000
105.320000 34.968000 2776.971700
105.320000 35.439000 2764.221000
105.320000 35.910000 2762.444000
105.320000 36.381000 2776.149500
105.320000 36.851000 2763.274220
105.330000 37.322000 2767.605400
105.330000 37.793000 2765.077970
105.330000 38.264000 2763.260920
105.330000 38.734000 2755.145600
105.330000 39.205000 2760.348100
105.340000 39.676000 2801.751000
105.340000 40.147000 2785.163000
105.340000 40.617000 2759.370600
105.340000 41.088000 2757.677300
105.350000 41.559000 2749.292000
105.350000 42.030000 2753.685000
105.790000 21.788000 2775.369000
105.790000 22.259000 2746.136000
105.790000 22.729000 2750.905000
105.790000 23.200000 2771.570000
105.800000 23.671000 2772.319000
105.800000 24.141000 2776.570000
105.800000 24.612000 2767.651000
105.810000 25.083000 2759.638000
105.810000 25.554000 2765.860000
105.810000 26.024000 2758.541000
105.810000 26.495000 2780.217500
105.820000 26.966000 2795.696400
105.820000 27.437000 2789.671200
105.830000 27.907000 2775.140700
105.830000 28.378000 2736.230000
105.830000 28.849000 2716.760000
105.840000 29.320000 2734.215000
105.840000 29.790000 2765.296400
105.840000 30.261000 2741.131000
105.850000 30.732000 2722.326000
105.850000 31.203000 2731.853200
105.860000 31.673000 2740.356900
105.860000 32.144000 2757.500000
105.870000 32.615000 2796.720000
105.870000 33.085000 2800.465000
105.870000 33.556000 2804.034000
105.880000 34.027000 2800.788800
105.880000 34.498000 2770.833000
105.890000 34.968000 2796.034800
105.890000 35.439000 2799.493900
105.900000 35.910000 2778.641300
105.910000 36.381000 2765.384100
105.910000 36.851000 2753.505000
105.920000 37.322000 2747.718000
105.920000 37.793000 2760.291900
105.930000 38.264000 2760.464000
105.930000 38.734000 2804.385000
105.940000 39.205000 2773.254000
105.950000 39.676000 2733.774000
105.950000 40.147000 2757.383000
105.960000 40.617000 2747.198000
105.970000 41.088000 2750.801000
105.970000 41.559000 2744.880000
105.980000 42.030000 2735.482000
106.290000 21.788000 2771.766000
106.300000 22.259000 2767.774000
106.300000 22.729000 2764.574000
106.300000 23.200000 2750.997000
106.310000 23.671000 2769.437000
106.310000 24.141000 2775.521000
106.320000 24.612000 2761.473000
106.320000 25.083000 2753.769000
106.330000 25.554000 2757.425000
106.330000 26.024000 2774.858000
106.340000 26.495000 2780.785200
106.350000 26.966000 2783.355900
106.350000 27.437000 2795.783700
106.360000 27.907000 2784.603200
106.360000 28.378000 2762.101560
106.370000 28.849000 2741.109200
106.380000 29.320000 2733.764000
106.380000 29.790000 2736.330000
106.390000 30.261000 2737.003000
106.390000 30.732000 2716.923000
106.400000 31.203000 2707.181000
106.410000 31.673000 2743.199900
106.420000 32.144000 2778.825500
106.420000 32.615000 2822.958200
106.430000 33.085000 2821.242700
106.440000 33.556000 2807.255000
106.450000 34.027000 2794.801000
106.450000 34.498000 2806.282000
106.460000 34.968000 2811.100000
106.470000 35.439000 2792.749000
106.480000 35.910000 2783.222100
106.490000 36.381000 2771.160340
106.500000 36.851000 2788.026300
106.510000 37.322000 2780.414000
106.520000 37.793000 2737.272100
106.530000 38.264000 2705.090800
106.540000 38.734000 2707.019000
106.550000 39.205000 2751.776800
106.560000 39.676000 2762.176300
106.570000 40.147000 2715.089000
106.580000 40.617000 2684.141000
106.590000 41.088000 2768.575000
106.600000 41.559000 2752.393000
106.610000 42.030000 2737.441640
106.800000 21.788000 2775.848000
106.800000 22.259000 2778.344800
106.810000 22.729000 2761.519000
106.820000 23.200000 2750.953000
106.820000 23.671000 2767.385000
106.830000 24.141000 2768.269000
106.840000 24.612000 2752.284000
106.840000 25.083000 2764.877000
106.850000 25.554000 2768.117000
106.860000 26.024000 2774.454000
106.860000 26.495000 2789.107400
106.870000 26.966000 2790.773000
106.880000 27.437000 2806.209000
106.890000 27.907000 2807.498000
106.900000 28.378000 2800.484000
106.910000 28.849000 2775.883800
106.910000 29.320000 2729.719000
106.920000 29.790000 2726.021000
106.930000 30.261000 2732.361980
106.940000 30.732000 2726.480700
106.950000 31.203000 2717.409000
106.960000 31.673000 2735.767800
106.970000 32.144000 2769.704300
106.980000 32.615000 2825.775200
106.990000 33.085000 2829.674300
107.000000 33.556000 2810.423000
107.010000 34.027000 2790.876000
107.020000 34.498000 2768.584000
107.040000 34.968000 2780.359500
107.050000 35.439000 2756.219000
107.060000 35.910000 2769.626000
107.070000 36.381000 2753.658400
107.090000 36.851000 2733.358000
107.100000 37.322000 2728.684000
107.110000 37.793000 2724.476000
107.130000 38.264000 2721.114000
107.140000 38.734000 2745.217000
107.150000 39.205000 2790.278900
107.170000 39.676000 2756.378200
107.180000 40.147000 2739.841000
107.200000 40.617000 2690.972000
107.210000 41.088000 2668.081000
107.230000 41.559000 2728.783670
107.250000 42.030000 2729.988500
107.300000 21.788000 2770.207000
107.310000 22.259000 2772.047000
107.320000 22.729000 2761.724000
107.330000 23.200000 2765.492000
107.330000 23.671000 2774.604000
107.340000 24.141000 2772.682000
107.350000 24.612000 2772.558000
107.360000 25.083000 2780.166000
107.370000 25.554000 2759.112000
107.380000 26.024000 2774.916100
107.390000 26.495000 2780.603200
107.400000 26.966000 2790.859000
107.410000 27.437000 2806.400000
107.420000 27.907000 2804.599000
107.430000 28.378000 2800.520000
107.440000 28.849000 2787.975700
107.450000 29.320000 2767.693900
107.460000 29.790000 2736.010900
107.480000 30.261000 2724.715900
107.490000 30.732000 2730.938000
107.500000 31.203000 2731.233000
107.510000 31.673000 2724.584960
107.530000 32.144000 2786.177000
107.540000 32.615000 2822.636600
107.550000 33.085000 2833.520000
107.570000 33.556000 2810.728000
107.580000 34.027000 2801.312000
107.590000 34.498000 2768.999000
107.610000 34.968000 2755.575000
107.620000 35.439000 2751.287000
107.640000 35.910000 2749.316000
107.660000 36.381000 2759.346900
107.670000 36.851000 2752.722100
107.690000 37.322000 2735.679000
107.710000 37.793000 2739.453000
107.720000 38.264000 2742.133000
107.740000 38.734000 2744.690000
107.760000 39.205000 2746.857000
107.780000 39.676000 2744.134000
107.800000 40.147000 2740.081700
107.820000 40.617000 2726.931000
107.840000 41.088000 2680.456600
107.860000 41.559000 2739.042000
107.880000 42.030000 2724.255000
107.810000 21.788000 2764.083000
107.820000 22.259000 2768.237000
107.830000 22.729000 2770.533000
107.840000 23.200000 2758.501000
107.850000 23.671000 2771.502000
107.860000 24.141000 2775.326000
107.870000 24.612000 2776.469000
107.880000 25.083000 2760.318000
107.890000 25.554000 2772.737000
107.900000 26.024000 2777.476000
107.910000 26.495000 2784.422500
107.930000 26.966000 2795.415000
107.940000 27.437000 2809.117000
107.950000 27.907000 2818.598000
107.960000 28.378000 2816.096000
107.980000 28.849000 2795.559100
107.990000 29.320000 2783.721760
108.010000 29.790000 2774.226000
108.020000 30.261000 2735.351000
108.030000 30.732000 2718.119500
108.050000 31.203000 2732.994000
108.060000 31.673000 2759.678000
108.080000 32.144000 2794.123000
108.100000 32.615000 2819.539000
108.110000 33.085000 2829.057100
108.130000 33.556000 2815.131000
108.150000 34.027000 2741.518000
108.160000 34.498000 2728.411000
108.180000 34.968000 2744.145000
108.200000 35.439000 2771.642000
108.220000 35.910000 2766.193200
108.240000 36.381000 2763.382200
108.260000 36.851000 2750.837600
108.280000 37.322000 2744.803000
108.300000 37.793000 2749.927000
108.320000 38.264000 2746.612000
108.340000 38.734000 2750.040000
108.370000 39.205000 2745.968000
108.390000 39.676000 2738.024000
108.410000 40.147000 2749.790000
108.440000 40.617000 2749.734000
108.460000 41.088000 2691.375500
108.490000 41.559000 2765.055000
108.510000 42.030000 2740.345000
108.310000 21.788000 2792.023200
108.330000 22.259000 2760.959000
108.340000 22.729000 2769.004000
108.350000 23.200000 2766.042000
108.360000 23.671000 2761.162000
108.370000 24.141000 2779.052000
108.390000 24.612000 2770.582000
108.400000 25.083000 2762.388000
108.410000 25.554000 2766.390000
108.430000 26.024000 2783.570000
108.440000 26.495000 2797.644000
108.450000 26.966000 2801.775400
108.470000 27.437000 2810.964000
108.480000 27.907000 2808.285400
108.500000 28.378000 2816.662200
108.510000 28.849000 2798.997440
108.530000 29.320000 2796.627900
108.550000 29.790000 2794.640000
108.560000 30.261000 2766.366000
108.580000 30.732000 2744.694600
108.600000 31.203000 2761.187000
108.620000 31.673000 2778.726000
108.640000 32.144000 2792.202000
108.650000 32.615000 2808.911000
108.670000 33.085000 2812.291820
108.690000 33.556000 2791.564000
108.710000 34.027000 2704.522000
108.730000 34.498000 2698.548000
108.760000 34.968000 2762.889100
108.780000 35.439000 2769.712000
108.800000 35.910000 2768.781000
108.820000 36.381000 2773.809000
108.850000 36.851000 2782.655115
108.870000 37.322000 2759.550000
108.900000 37.793000 2758.540000
108.920000 38.264000 2763.631000
108.950000 38.734000 2759.554000
108.970000 39.205000 2756.348000
109.000000 39.676000 2762.630400
109.030000 40.147000 2765.104000
109.050000 40.617000 2774.204000
109.080000 41.088000 2763.395000
109.110000 41.559000 2762.453600
109.140000 42.030000 2732.679000
108.820000 21.788000 2797.749900
108.830000 22.259000 2781.311000
108.850000 22.729000 2787.602000
108.860000 23.200000 2766.154000
108.870000 23.671000 2783.075000
108.890000 24.141000 2781.344000
108.900000 24.612000 2795.962600
108.920000 25.083000 2760.814000
108.930000 25.554000 2784.591000
108.950000 26.024000 2796.498000
108.960000 26.495000 2822.402900
108.980000 26.966000 2818.165000
109.000000 27.437000 2830.951000
109.010000 27.907000 2818.121970
109.030000 28.378000 2799.474000
109.050000 28.849000 2810.784900
109.070000 29.320000 2789.337900
109.090000 29.790000 2787.042900
109.110000 30.261000 2827.163000
109.130000 30.732000 2786.741000
109.150000 31.203000 2774.983000
109.170000 31.673000 2781.208000
109.190000 32.144000 2786.461000
109.210000 32.615000 2787.774000
109.230000 33.085000 2797.808000
109.260000 33.556000 2774.498000
109.280000 34.027000 2726.714500
109.300000 34.498000 2705.378400
109.330000 34.968000 2743.433400
109.350000 35.439000 2768.130000
109.380000 35.910000 2779.053000
109.410000 36.381000 2782.848000
109.430000 36.851000 2773.634000
109.460000 37.322000 2771.985000
109.490000 37.793000 2775.462000
109.520000 38.264000 2770.502000
109.550000 38.734000 2776.216000
109.580000 39.205000 2785.898600
109.610000 39.676000 2782.150100
109.640000 40.147000 2779.659000
109.670000 40.617000 2779.368000
109.710000 41.088000 2796.812000
109.740000 41.559000 2783.740600
109.780000 42.030000 2771.555000
109.330000 21.788000 2806.864400
109.340000 22.259000 2781.599000
109.360000 22.729000 2782.695000
109.370000 23.200000 2773.959000
109.390000 23.671000 2776.311000
109.400000 24.141000 2779.482000
109.420000 24.612000 2771.303000
109.440000 25.083000 2771.260000
109.450000 25.554000 2785.125000
109.470000 26.024000 2800.833500
109.490000 26.495000 2801.962000
109.510000 26.966000 2826.493500
109.530000 27.437000 2854.925000
109.550000 27.907000 2856.250000
109.570000 28.378000 2841.854000
109.590000 28.849000 2828.401000
109.610000 29.320000 2793.737120
109.630000 29.790000 2784.693700
109.650000 30.261000 2802.461000
109.670000 30.732000 2799.643000
109.700000 31.203000 2804.959000
109.720000 31.673000 2810.173000
109.740000 32.144000 2789.553000
109.770000 32.615000 2794.971000
109.800000 33.085000 2800.185000
109.820000 33.556000 2774.559000
109.850000 34.027000 2754.823000
109.870000 34.498000 2727.258460
109.900000 34.968000 2722.661200
109.930000 35.439000 2777.373000
109.960000 35.910000 2784.866000
109.990000 36.381000 2785.788000
110.020000 36.851000 2785.222000
110.050000 37.322000 2775.217000
110.080000 37.793000 2777.092000
110.120000 38.264000 2783.003000
110.150000 38.734000 2789.695000
110.180000 39.205000 2795.554600
110.220000 39.676000 2788.062200
110.260000 40.147000 2792.500000
110.290000 40.617000 2764.024800
110.330000 41.088000 2818.188000
110.370000 41.559000 2789.420000
110.410000 42.030000 2782.481000
109.830000 21.788000 2796.884000
109.850000 22.259000 2776.795000
109.870000 22.729000 2779.546000
109.880000 23.200000 2785.480000
109.900000 23.671000 2782.110000
109.920000 24.141000 2775.513000
109.940000 24.612000 2779.553000
109.950000 25.083000 2773.466000
109.970000 25.554000 2771.942000
109.990000 26.024000 2784.364000
110.010000 26.495000 2798.929300
110.030000 26.966000 2812.478000
110.060000 27.437000 2837.777000
110.080000 27.907000 2831.940000
110.100000 28.378000 2838.747330
110.120000 28.849000 2835.443000
110.150000 29.320000 2811.325400
110.170000 29.790000 2804.296500
110.200000 30.261000 2800.366800
110.220000 30.732000 2809.747000
110.250000 31.203000 2809.614600
110.270000 31.673000 2810.856700
110.300000 32.144000 2804.023000
110.330000 32.615000 2801.597000
110.360000 33.085000 2809.880000
110.380000 33.556000 2783.919000
110.410000 34.027000 2761.366000
110.440000 34.498000 2738.570500
110.480000 34.968000 2721.897200
110.510000 35.439000 2751.087000
110.540000 35.910000 2787.708000
110.570000 36.381000 2779.174000
110.610000 36.851000 2780.959000
110.640000 37.322000 2783.111000
110.680000 37.793000 2785.797000
110.720000 38.264000 2795.089000
110.750000 38.734000 2779.844000
110.790000 39.205000 2799.334000
110.830000 39.676000 2791.780000
110.870000 40.147000 2806.720000
110.910000 40.617000 2756.459900
110.950000 41.088000 2804.853000
111.000000 41.559000 2807.865060
111.040000 42.030000 2794.272270
110.340000 21.788000 2786.060000
110.360000 22.259000 2757.374000
110.370000 22.729000 2783.464000
110.390000 23.200000 2774.858000
110.410000 23.671000 2781.668000
110.430000 24.141000 2776.826000
110.450000 24.612000 2776.698000
110.470000 25.083000 2774.740000
110.490000 25.554000 2773.562000
110.520000 26.024000 2773.825000
110.540000 26.495000 2790.562300
110.560000 26.966000 2805.750200
110.590000 27.437000 2802.674990
110.610000 27.907000 2828.965000
110.630000 28.378000 2841.850000
110.660000 28.849000 2848.588000
110.690000 29.320000 2837.855000
110.710000 29.790000 2807.171900
110.740000 30.261000 2807.890000
110.770000 30.732000 2813.599000
110.800000 31.203000 2784.653000
110.820000 31.673000 2803.463000
110.850000 32.144000 2787.339000
110.890000 32.615000 2786.230760
110.920000 33.085000 2798.093700
110.950000 33.556000 2771.945000
110.980000 34.027000 2766.637000
111.010000 34.498000 2771.250700
111.050000 34.968000 2740.101180
111.080000 35.439000 2750.965600
111.120000 35.910000 2783.149000
111.160000 36.381000 2795.918000
111.190000 36.851000 2789.030000
111.230000 37.322000 2819.261600
111.270000 37.793000 2817.311800
111.310000 38.264000 2803.202100
111.350000 38.734000 2808.820500
111.400000 39.205000 2821.016000
111.440000 39.676000 2839.039000
111.490000 40.147000 2839.428500
111.530000 40.617000 2775.091700
111.580000 41.088000 2814.240000
111.620000 41.559000 2805.197400
111.670000 42.030000 2792.683990
110.840000 21.788000 2807.739900
110.860000 22.259000 2763.459000
110.880000 22.729000 2770.296000
110.900000 23.200000 2787.009000
110.930000 23.671000 2781.674000
110.950000 24.141000 2772.065000
110.970000 24.612000 2788.350600
110.990000 25.083000 2773.139000
111.020000 25.554000 2763.247000
111.040000 26.024000 2755.873000
111.060000 26.495000 2777.482000
111.090000 26.966000 2803.752000
111.110000 27.437000 2789.117300
111.140000 27.907000 2798.618000
111.170000 28.378000 2821.629000
111.200000 28.849000 2853.759000
111.220000 29.320000 2824.761000
111.250000 29.790000 2800.905600
111.280000 30.261000 2793.910000
111.310000 30.732000 2806.290000
111.340000 31.203000 2808.747000
111.380000 31.673000 2807.019000
111.410000 32.144000 2791.849100
111.440000 32.615000 2778.445070
111.480000 33.085000 2805.014000
111.510000 33.556000 2782.067000
111.550000 34.027000 2765.174000
111.580000 34.498000 2779.029100
111.620000 34.968000 2799.813000
111.660000 35.439000 2791.203000
111.700000 35.910000 2777.174000
111.740000 36.381000 2789.832900
111.780000 36.851000 2804.197100
111.820000 37.322000 2791.212000
111.870000 37.793000 2791.701540
111.910000 38.264000 2784.962000
111.960000 38.734000 2809.634100
112.000000 39.205000 2839.755330
112.050000 39.676000 2862.590700
112.100000 40.147000 2849.957700
112.150000 40.617000 2822.702000
112.200000 41.088000 2807.749600
112.250000 41.559000 2792.511600
112.310000 42.030000 2784.049800
111.350000 21.788000 2783.950000
111.370000 22.259000 2759.896000
111.390000 22.729000 2784.716000
111.420000 23.200000 2783.249000
111.440000 23.671000 2774.814000
111.460000 24.141000 2768.707000
111.490000 24.612000 2762.808000
111.510000 25.083000 2789.916000
111.540000 25.554000 2788.128000
111.560000 26.024000 2773.910000
111.590000 26.495000 2789.770900
111.620000 26.966000 2787.702100
111.640000 27.437000 2782.493200
111.670000 27.907000 2778.175760
111.700000 28.378000 2807.109000
111.730000 28.849000 2817.490000
111.760000 29.320000 2805.256400
111.790000 29.790000 2784.819000
111.830000 30.261000 2755.501300
111.860000 30.732000 2762.608300
111.890000 31.203000 2771.230000
111.930000 31.673000 2780.631000
111.960000 32.144000 2763.777400
112.000000 32.615000 2781.756000
112.040000 33.085000 2797.656600
112.080000 33.556000 2754.433000
112.110000 34.027000 2755.165000
112.150000 34.498000 2768.186700
112.200000 34.968000 2792.761000
112.240000 35.439000 2799.666500
112.280000 35.910000 2811.521500
112.320000 36.381000 2812.414200
112.370000 36.851000 2810.106000
112.420000 37.322000 2751.346600
112.460000 37.793000 2758.467000
112.510000 38.264000 2788.799700
112.560000 38.734000 2791.465800
112.610000 39.205000 2810.747400
112.660000 39.676000 2838.884000
112.710000 40.147000 2842.241000
112.770000 40.617000 2815.245700
112.820000 41.088000 2802.856000
112.880000 41.559000 2810.790000
112.940000 42.030000 2793.053700
111.860000 21.788000 2802.721000
111.880000 22.259000 2773.262000
111.900000 22.729000 2784.784000
111.930000 23.200000 2774.117000
111.950000 23.671000 2774.206000
111.980000 24.141000 2771.712000
112.000000 24.612000 2768.844000
112.030000 25.083000 2777.155000
112.060000 25.554000 2783.017000
112.080000 26.024000 2770.917000
112.110000 26.495000 2785.804400
112.140000 26.966000 2779.673900
112.170000 27.437000 2784.248300
112.200000 27.907000 2766.348000
112.240000 28.378000 2796.906824
112.270000 28.849000 2798.842200
112.300000 29.320000 2787.344700
112.340000 29.790000 2743.817000
112.370000 30.261000 2731.732000
112.410000 30.732000 2755.115000
112.440000 31.203000 2777.059560
112.480000 31.673000 2777.842000
112.520000 32.144000 2769.231900
112.560000 32.615000 2761.127900
112.600000 33.085000 2778.927310
112.640000 33.556000 2767.857000
112.680000 34.027000 2776.469000
112.720000 34.498000 2767.844700
112.770000 34.968000 2765.920400
112.810000 35.439000 2790.589000
112.860000 35.910000 2787.140000
112.910000 36.381000 2801.737000
112.960000 36.851000 2805.649400
113.010000 37.322000 2804.977000
113.060000 37.793000 2787.511000
113.110000 38.264000 2803.859300
113.160000 38.734000 2821.955000
113.220000 39.205000 2816.303000
113.270000 39.676000 2804.356000
113.330000 40.147000 2818.160000
113.390000 40.617000 2812.585000
113.450000 41.088000 2805.852000
113.510000 41.559000 2809.848000
113.570000 42.030000 2777.225000
112.360000 21.788000 2816.139300
112.390000 22.259000 2777.465000
112.410000 22.729000 2777.703000
112.440000 23.200000 2770.303000
112.460000 23.671000 2764.881000
112.490000 24.141000 2760.830000
112.520000 24.612000 2793.236000
112.550000 25.083000 2777.190000
112.580000 25.554000 2774.304000
112.610000 26.024000 2766.095000
112.640000 26.495000 2782.411000
112.670000 26.966000 2783.793600
112.700000 27.437000 2774.711000
112.740000 27.907000 2776.414000
112.770000 28.378000 2783.727000
112.800000 28.849000 2778.231000
112.840000 29.320000 2761.997000
112.880000 29.790000 2758.459400
112.910000 30.261000 2740.307835
112.950000 30.732000 2772.983000
112.990000 31.203000 2788.983700
113.030000 31.673000 2788.352000
113.070000 32.144000 2764.958000
113.120000 32.615000 2770.367000
113.160000 33.085000 2776.547000
113.200000 33.556000 2767.051000
113.250000 34.027000 2780.721700
113.290000 34.498000 2758.943700
113.340000 34.968000 2763.027000
113.390000 35.439000 2775.591000
113.440000 35.910000 2792.820000
113.490000 36.381000 2794.363000
113.540000 36.851000 2799.481400
113.600000 37.322000 2809.356200
113.650000 37.793000 2807.291100
113.710000 38.264000 2819.810200
113.760000 38.734000 2813.684321
113.820000 39.205000 2809.101500
113.880000 39.676000 2822.584000
113.940000 40.147000 2807.153000
114.010000 40.617000 2811.779000
114.070000 41.088000 2803.747000
114.140000 41.559000 2798.628000
114.200000 42.030000 2793.535100
112.870000 21.788000 2796.506500
112.890000 22.259000 2772.554000
112.920000 22.729000 2782.500000
112.950000 23.200000 2790.250000
112.980000 23.671000 2770.368000
113.010000 24.141000 2766.507000
113.040000 24.612000 2745.901000
113.070000 25.083000 2758.128000
113.100000 25.554000 2764.931000
113.130000 26.024000 2785.111000
113.160000 26.495000 2769.002000
113.200000 26.966000 2772.464000
113.230000 27.437000 2761.341000
113.270000 27.907000 2780.393000
113.300000 28.378000 2777.918000
113.340000 28.849000 2791.881000
113.380000 29.320000 2780.417000
113.420000 29.790000 2779.757900
113.460000 30.261000 2767.887000
113.500000 30.732000 2778.918000
113.540000 31.203000 2796.961000
113.580000 31.673000 2794.153500
113.630000 32.144000 2762.239000
113.670000 32.615000 2775.134000
113.720000 33.085000 2760.051000
113.770000 33.556000 2750.164000
113.820000 34.027000 2740.169300
113.860000 34.498000 2735.108000
113.920000 34.968000 2720.554900
113.970000 35.439000 2757.321700
114.020000 35.910000 2776.083000
114.070000 36.381000 2787.853000
114.130000 36.851000 2776.020000
114.190000 37.322000 2788.760000
114.250000 37.793000 2804.528010
114.310000 38.264000 2825.109000
114.370000 38.734000 2797.275980
114.430000 39.205000 2781.063000
114.490000 39.676000 2786.879600
114.560000 40.147000 2784.589500
114.620000 40.617000 2805.726000
114.690000 41.088000 2804.493000
114.760000 41.559000 2795.468000
114.840000 42.030000 2775.304000
113.370000 21.788000 2796.507500
113.400000 22.259000 2753.424000
113.430000 22.729000 2776.462000
113.460000 23.200000 2774.329000
113.490000 23.671000 2763.887000
113.520000 24.141000 2774.682000
113.550000 24.612000 2764.239000
113.590000 25.083000 2766.471000
113.620000 25.554000 2756.715000
113.650000 26.024000 2752.773000
113.690000 26.495000 2771.547000
113.720000 26.966000 2767.541000
113.760000 27.437000 2776.877000
113.800000 27.907000 2786.884000
113.840000 28.378000 2785.564000
113.880000 28.849000 2774.218000
113.920000 29.320000 2766.630000
113.960000 29.790000 2793.674000
114.000000 30.261000 2797.359000
114.050000 30.732000 2806.592000
114.090000 31.203000 2794.237600
114.140000 31.673000 2770.145000
114.180000 32.144000 2790.353000
114.230000 32.615000 2779.720800
114.280000 33.085000 2759.957800
114.330000 33.556000 2712.372900
114.380000 34.027000 2707.754600
114.440000 34.498000 2691.790800
114.490000 34.968000 2699.532900
114.540000 35.439000 2731.819000
114.600000 35.910000 2762.849000
114.660000 36.381000 2727.225200
114.720000 36.851000 2747.183000
114.780000 37.322000 2759.829000
114.840000 37.793000 2760.573000
114.900000 38.264000 2759.393000
114.970000 38.734000 2787.467000
115.030000 39.205000 2773.056280
115.100000 39.676000 2799.605000
115.170000 40.147000 2805.365000
115.240000 40.617000 2807.462000
115.320000 41.088000 2784.260200
115.390000 41.559000 2801.214000
115.470000 42.030000 2767.257000
113.880000 21.788000 2850.019000
113.910000 22.259000 2796.510000
113.940000 22.729000 2779.868000
113.970000 23.200000 2790.231000
114.000000 23.671000 2763.642000
114.040000 24.141000 2774.791000
114.070000 24.612000 2750.485000
114.100000 25.083000 2766.587000
114.140000 25.554000 2742.351000
114.180000 26.024000 2739.318000
114.210000 26.495000 2765.511000
114.250000 26.966000 2788.255000
114.290000 27.437000 2751.258000
114.330000 27.907000 2779.752000
114.370000 28.378000 2772.644000
114.410000 28.849000 2787.689000
114.460000 29.320000 2791.791100
114.500000 29.790000 2806.232000
114.550000 30.261000 2814.817000
114.590000 30.732000 2808.698600
114.640000 31.203000 2802.702300
114.690000 31.673000 2781.925000
114.740000 32.144000 2805.968000
114.790000 32.615000 2768.089200
114.840000 33.085000 2735.222400
114.890000 33.556000 2697.899000
114.950000 34.027000 2721.075600
115.010000 34.498000 2711.730300
115.060000 34.968000 2723.417000
115.120000 35.439000 2722.405700
115.180000 35.910000 2733.602900
115.240000 36.381000 2729.281000
115.300000 36.851000 2750.604000
115.370000 37.322000 2741.446000
115.430000 37.793000 2724.791000
115.500000 38.264000 2726.272000
115.570000 38.734000 2743.840000
115.640000 39.205000 2798.840000
115.710000 39.676000 2821.080000
115.790000 40.147000 2815.385000
115.860000 40.617000 2803.811000
115.940000 41.088000 2805.535000
116.020000 41.559000 2787.606300
116.100000 42.030000 2755.798000
114.390000 21.788000 2855.830400
114.420000 22.259000 2832.029100
114.450000 22.729000 2783.982000
114.480000 23.200000 2784.495000
114.520000 23.671000 2788.561000
114.550000 24.141000 2779.978000
114.590000 24.612000 2769.041000
114.620000 25.083000 2771.378000
114.660000 25.554000 2776.086000
114.700000 26.024000 2771.696000
114.740000 26.495000 2797.341000
114.780000 26.966000 2791.267300
114.820000 27.437000 2776.340000
114.860000 27.907000 2788.619000
114.910000 28.378000 2780.152000
114.950000 28.849000 2758.405000
115.000000 29.320000 2787.296500
115.040000 29.790000 2808.004900
115.090000 30.261000 2820.209200
115.140000 30.732000 2798.146000
115.190000 31.203000 2802.963100
115.240000 31.673000 2810.137300
115.290000 32.144000 2786.055120
115.350000 32.615000 2746.200000
115.400000 33.085000 2728.229000
115.460000 33.556000 2716.350000
115.520000 34.027000 2716.236100
115.580000 34.498000 2738.391000
115.640000 34.968000 2737.844000
115.700000 35.439000 2750.479000
115.760000 35.910000 2742.315800
115.830000 36.381000 2736.022000
115.890000 36.851000 2730.888000
115.960000 37.322000 2767.942000
116.030000 37.793000 2743.378000
116.100000 38.264000 2744.468000
116.170000 38.734000 2739.779000
116.250000 39.205000 2756.440000
116.320000 39.676000 2811.833000
116.400000 40.147000 2808.102000
116.480000 40.617000 2809.103000
116.560000 41.088000 2801.126800
116.650000 41.559000 2773.958000
116.730000 42.030000 2760.458100
114.890000 21.788000 2848.584000
114.920000 22.259000 2840.776000
114.960000 22.729000 2810.635000
114.990000 23.200000 2773.842000
115.030000 23.671000 2778.760000
115.070000 24.141000 2778.950000
115.100000 24.612000 2769.866000
115.140000 25.083000 2771.640000
115.180000 25.554000 2771.418000
115.220000 26.024000 2781.152000
115.260000 26.495000 2776.391000
115.310000 26.966000 2781.082000
115.350000 27.437000 2785.521000
115.390000 27.907000 2791.379900
115.440000 28.378000 2794.263300
115.490000 28.849000 2797.797000
115.530000 29.320000 2792.067000
115.580000 29.790000 2805.493500
115.630000 30.261000 2798.289900
115.690000 30.732000 2775.632000
115.740000 31.203000 2799.262100
115.790000 31.673000 2827.027000
115.850000 32.144000 2777.560700
115.900000 32.615000 2762.515000
115.960000 33.085000 2752.013900
116.020000 33.556000 2752.594400
116.080000 34.027000 2753.378900
116.150000 34.498000 2754.466000
116.210000 34.968000 2764.915000
116.270000 35.439000 2769.674500
116.340000 35.910000 2756.374700
116.410000 36.381000 2743.453000
116.480000 36.851000 2730.379000
116.550000 37.322000 2748.811000
116.620000 37.793000 2730.744000
116.700000 38.264000 2741.039000
116.780000 38.734000 2754.534000
116.850000 39.205000 2738.338000
116.930000 39.676000 2767.973000
117.020000 40.147000 2811.397000
117.100000 40.617000 2817.210000
117.190000 41.088000 2820.903000
117.280000 41.559000 2773.615000
117.370000 42.030000 2751.920000
115.400000 21.788000 2876.599700
115.430000 22.259000 2869.848000
115.470000 22.729000 2836.103000
115.500000 23.200000 2773.284000
115.540000 23.671000 2783.654000
115.580000 24.141000 2792.756500
115.620000 24.612000 2770.553000
115.660000 25.083000 2770.170000
115.700000 25.554000 2781.140000
115.740000 26.024000 2774.969000
115.790000 26.495000 2768.972000
115.830000 26.966000 2752.025000
115.880000 27.437000 2782.085000
115.930000 27.907000 2786.616000
115.970000 28.378000 2791.951000
116.020000 28.849000 2802.565900
116.070000 29.320000 2781.512200
116.130000 29.790000 2787.131300
116.180000 30.261000 2804.753000
116.230000 30.732000 2773.503000
116.290000 31.203000 2786.387900
116.340000 31.673000 2806.456000
116.400000 32.144000 2787.343600
116.460000 32.615000 2787.696300
116.520000 33.085000 2776.784000
116.590000 33.556000 2784.101500
116.650000 34.027000 2772.862700
116.720000 34.498000 2785.407000
116.780000 34.968000 2790.306000
116.850000 35.439000 2793.790500
116.920000 35.910000 2776.797300
116.990000 36.381000 2759.316600
117.070000 36.851000 2746.695000
117.140000 37.322000 2734.080000
117.220000 37.793000 2728.528000
117.300000 38.264000 2727.844000
117.380000 38.734000 2728.162000
117.460000 39.205000 2740.363000
117.540000 39.676000 2775.987000
117.630000 40.147000 2783.865000
117.720000 40.617000 2811.583600
117.810000 41.088000 2822.538000
117.900000 41.559000 2775.719000
118.000000 42.030000 2778.447260
115.900000 21.788000 2860.642500
115.940000 22.259000 2841.623000
115.980000 22.729000 2815.323000
116.020000 23.200000 2753.939000
116.050000 23.671000 2765.701000
116.100000 24.141000 2794.012900
116.140000 24.612000 2790.456000
116.180000 25.083000 2776.080000
116.220000 25.554000 2777.141000
116.270000 26.024000 2773.190000
116.310000 26.495000 2773.375000
116.360000 26.966000 2776.528000
116.410000 27.437000 2776.992000
116.460000 27.907000 2795.706700
116.510000 28.378000 2793.788380
116.560000 28.849000 2807.951000
116.610000 29.320000 2797.308700
116.670000 29.790000 2790.981200
116.720000 30.261000 2813.015000
116.780000 30.732000 2794.054200
116.840000 31.203000 2792.303900
116.900000 31.673000 2784.800000
116.960000 32.144000 2786.685000
117.020000 32.615000 2802.371000
117.080000 33.085000 2784.249700
117.150000 33.556000 2796.769500
117.220000 34.027000 2793.797000
117.290000 34.498000 2795.672800
117.360000 34.968000 2801.877400
117.430000 35.439000 2802.033050
117.500000 35.910000 2793.850040
117.580000 36.381000 2772.549000
117.650000 36.851000 2753.874000
117.730000 37.322000 2728.676000
117.810000 37.793000 2727.484000
117.890000 38.264000 2788.743000
117.980000 38.734000 2857.340000
118.070000 39.205000 2783.370000
118.150000 39.676000 2775.664000
118.250000 40.147000 2789.450000
118.340000 40.617000 2798.917150
118.430000 41.088000 2803.924700
118.530000 41.559000 2778.367000
118.630000 42.030000 2796.035000
116.410000 21.788000 2862.998000
116.450000 22.259000 2816.201400
116.490000 22.729000 2793.618000
116.530000 23.200000 2772.773500
116.570000 23.671000 2757.466000
116.610000 24.141000 2776.085000
116.650000 24.612000 2781.737000
116.700000 25.083000 2784.013000
116.740000 25.554000 2784.647900
116.790000 26.024000 2776.889000
116.840000 26.495000 2775.903000
116.890000 26.966000 2793.620000
116.940000 27.437000 2791.042000
116.990000 27.907000 2794.033000
117.040000 28.378000 2795.416102
117.100000 28.849000 2802.192700
117.150000 29.320000 2796.672000
117.210000 29.790000 2792.505000
117.270000 30.261000 2792.961000
117.330000 30.732000 2803.384700
117.390000 31.203000 2793.470000
117.450000 31.673000 2772.486700
117.510000 32.144000 2776.469400
117.580000 32.615000 2789.174200
117.640000 33.085000 2772.205000
117.710000 33.556000 2790.020200
117.780000 34.027000 2787.417300
117.860000 34.498000 2799.418400
117.930000 34.968000 2807.794500
118.000000 35.439000 2802.593500
118.080000 35.910000 2784.765700
118.160000 36.381000 2766.193300
118.240000 36.851000 2767.817000
118.320000 37.322000 2722.458000
118.410000 37.793000 2712.681000
118.490000 38.264000 2765.748000
118.580000 38.734000 2746.920000
118.670000 39.205000 2718.554000
118.770000 39.676000 2753.476000
118.860000 40.147000 2770.188000
118.960000 40.617000 2776.034600
119.060000 41.088000 2805.130000
119.160000 41.559000 2801.959000
119.260000 42.030000 2792.978000
116.920000 21.788000 2854.158000
116.960000 22.259000 2814.876000
117.000000 22.729000 2803.501000
117.040000 23.200000 2798.921000
117.080000 23.671000 2770.218000
117.120000 24.141000 2779.598000
117.170000 24.612000 2779.900000
117.220000 25.083000 2773.668000
117.260000 25.554000 2779.442000
117.310000 26.024000 2775.963000
117.360000 26.495000 2790.664000
117.410000 26.966000 2792.833000
117.470000 27.437000 2783.762000
117.520000 27.907000 2776.038000
117.580000 28.378000 2804.007940
117.630000 28.849000 2790.805000
117.690000 29.320000 2782.456000
117.750000 29.790000 2807.096000
117.810000 30.261000 2799.672000
117.870000 30.732000 2808.208000
117.940000 31.203000 2785.714000
118.000000 31.673000 2791.069000
118.070000 32.144000 2792.763000
118.140000 32.615000 2792.236000
118.210000 33.085000 2784.922000
118.280000 33.556000 2787.581800
118.350000 34.027000 2793.764500
118.430000 34.498000 2800.704500
118.500000 34.968000 2816.268200
118.580000 35.439000 2808.429300
118.660000 35.910000 2799.299000
118.740000 36.381000 2789.891800
118.830000 36.851000 2765.897000
118.910000 37.322000 2720.523000
119.000000 37.793000 2696.165000
119.090000 38.264000 2718.054000
119.180000 38.734000 2687.841000
119.280000 39.205000 2715.601000
119.380000 39.676000 2733.081000
119.470000 40.147000 2728.643000
119.580000 40.617000 2770.153000
119.680000 41.088000 2803.268000
119.790000 41.559000 2805.387000
119.900000 42.030000 2781.220000
117.420000 21.788000 2866.643000
117.460000 22.259000 2827.109000
117.510000 22.729000 2815.048000
117.550000 23.200000 2789.731000
117.590000 23.671000 2760.005000
117.640000 24.141000 2785.052000
117.690000 24.612000 2778.292000
117.740000 25.083000 2781.179000
117.780000 25.554000 2784.975000
117.840000 26.024000 2788.123000
117.890000 26.495000 2818.724700
117.940000 26.966000 2817.655600
118.000000 27.437000 2816.122490
118.050000 27.907000 2788.279000
118.110000 28.378000 2812.740500
118.170000 28.849000 2798.572000
118.230000 29.320000 2804.965000
118.290000 29.790000 2820.108700
118.350000 30.261000 2797.140000
118.420000 30.732000 2805.034000
118.480000 31.203000 2779.523000
118.550000 31.673000 2784.696000
118.620000 32.144000 2785.323000
118.690000 32.615000 2764.152000
118.770000 33.085000 2760.082000
118.840000 33.556000 2775.015000
118.920000 34.027000 2788.414600
119.000000 34.498000 2787.722000
119.080000 34.968000 2795.165000
119.160000 35.439000 2801.996600
119.240000 35.910000 2809.354000
119.330000 36.381000 2799.115000
119.410000 36.851000 2784.581000
119.500000 37.322000 2786.633000
119.600000 37.793000 2751.667000
119.690000 38.264000 2722.374000
119.790000 38.734000 2768.543000
119.880000 39.205000 2761.674000
119.990000 39.676000 2787.040000
120.090000 40.147000 2754.103500
120.190000 40.617000 2742.585300
120.300000 41.088000 2786.283000
120.410000 41.559000 2792.121000
120.530000 42.030000 2786.693100
117.930000 21.788000 2836.980000
117.970000 22.259000 2793.048000
118.010000 22.729000 2829.865000
118.060000 23.200000 2807.695000
118.110000 23.671000 2823.841000
118.150000 24.141000 2798.314000
118.200000 24.612000 2800.423600
118.250000 25.083000 2785.043000
118.310000 25.554000 2781.679000
118.360000 26.024000 2791.106000
118.410000 26.495000 2791.255000
118.470000 26.966000 2793.739000
118.530000 27.437000 2789.012000
118.580000 27.907000 2792.674000
118.640000 28.378000 2799.828200
118.700000 28.849000 2824.634000
118.770000 29.320000 2807.181000
118.830000 29.790000 2807.769000
118.900000 30.261000 2793.012000
118.970000 30.732000 2805.397000
119.030000 31.203000 2777.223000
119.100000 31.673000 2786.184000
119.180000 32.144000 2770.186000
119.250000 32.615000 2753.812000
119.330000 33.085000 2725.028000
119.400000 33.556000 2760.301000
119.480000 34.027000 2766.655000
119.570000 34.498000 2778.432000
119.650000 34.968000 2817.591000
119.730000 35.439000 2801.465300
119.820000 35.910000 2798.016400
119.910000 36.381000 2827.095000
120.000000 36.851000 2810.956600
120.090000 37.322000 2783.660000
120.190000 37.793000 2800.316000
120.290000 38.264000 2811.537000
120.390000 38.734000 2823.358000
120.490000 39.205000 2832.117000
120.600000 39.676000 2824.557000
120.700000 40.147000 2814.939000
120.810000 40.617000 2840.506000
120.930000 41.088000 2769.979000
121.040000 41.559000 2801.037000
121.160000 42.030000 2805.974000
118.430000 21.788000 2854.480000
118.480000 22.259000 2772.207000
118.520000 22.729000 2811.852000
118.570000 23.200000 2800.832000
118.620000 23.671000 2798.889000
118.670000 24.141000 2827.574000
118.720000 24.612000 2813.407000
118.770000 25.083000 2781.090000
118.830000 25.554000 2777.988000
118.880000 26.024000 2782.667000
118.940000 26.495000 2780.517000
119.000000 26.966000 2779.292000
119.050000 27.437000 2789.554000
119.120000 27.907000 2794.012000
119.180000 28.378000 2793.402000
119.240000 28.849000 2795.478800
119.310000 29.320000 2822.661700
119.370000 29.790000 2797.714000
119.440000 30.261000 2810.472100
119.510000 30.732000 2794.526900
119.580000 31.203000 2791.618000
119.660000 31.673000 2782.159000
119.730000 32.144000 2768.135000
119.810000 32.615000 2727.113000
119.890000 33.085000 2724.315000
119.970000 33.556000 2740.771000
120.050000 34.027000 2762.864000
120.140000 34.498000 2791.629000
120.220000 34.968000 2801.193000
120.310000 35.439000 2810.083000
120.400000 35.910000 2804.668000
120.490000 36.381000 2829.462000
120.590000 36.851000 2828.122000
120.690000 37.322000 2795.039100
120.780000 37.793000 2797.741000
120.890000 38.264000 2810.853000
120.990000 38.734000 2835.499000
121.100000 39.205000 2822.309000
121.210000 39.676000 2802.750000
121.320000 40.147000 2796.506600
121.430000 40.617000 2798.127000
121.550000 41.088000 2790.217000
121.670000 41.559000 2795.695000
121.790000 42.030000 2820.264000
118.940000 21.788000 2859.580000
118.990000 22.259000 2801.230000
119.030000 22.729000 2797.683000
119.080000 23.200000 2825.633000
119.130000 23.671000 2785.794000
119.180000 24.141000 2785.942000
119.240000 24.612000 2805.752000
119.290000 25.083000 2777.815000
119.350000 25.554000 2791.854000
119.400000 26.024000 2794.782000
119.460000 26.495000 2803.470000
119.520000 26.966000 2789.763000
119.580000 27.437000 2794.954000
119.650000 27.907000 2782.116000
119.710000 28.378000 2795.024300
119.780000 28.849000 2795.584300
119.850000 29.320000 2816.440200
119.910000 29.790000 2818.169600
119.990000 30.261000 2809.573200
120.060000 30.732000 2783.771500
120.130000 31.203000 2781.956000
120.210000 31.673000 2777.631000
120.290000 32.144000 2755.180000
120.370000 32.615000 2706.850000
120.450000 33.085000 2708.556000
120.530000 33.556000 2736.229000
120.620000 34.027000 2773.082000
120.710000 34.498000 2819.190000
120.790000 34.968000 2812.754000
120.890000 35.439000 2830.932000
120.980000 35.910000 2852.456000
121.080000 36.381000 2803.368500
121.180000 36.851000 2815.591000
121.280000 37.322000 2804.725700
121.380000 37.793000 2798.796000
121.480000 38.264000 2847.842000
121.590000 38.734000 2842.986000
121.700000 39.205000 2832.287000
121.820000 39.676000 2807.230000
121.930000 40.147000 2845.670000
119.450000 21.788000 2876.850000
119.490000 22.259000 2828.770000
119.540000 22.729000 2835.406000
119.590000 23.200000 2826.642000
119.650000 23.671000 2809.982000
119.700000 24.141000 2839.792000
119.750000 24.612000 2836.958000
119.810000 25.083000 2802.172000
119.870000 25.554000 2798.773000
119.930000 26.024000 2801.858000
119.990000 26.495000 2807.518000
120.050000 26.966000 2795.251000
120.110000 27.437000 2774.696000
120.180000 27.907000 2793.148000
120.250000 28.378000 2795.166000
120.310000 28.849000 2805.589200
120.380000 29.320000 2814.723200
120.460000 29.790000 2809.699800
120.530000 30.261000 2798.863000
120.600000 30.732000 2794.821000
120.680000 31.203000 2781.877000
120.760000 31.673000 2757.117300
120.840000 32.144000 2759.889000
120.920000 32.615000 2730.084000
121.010000 33.085000 2724.527000
121.100000 33.556000 2796.448000
121.180000 34.027000 2804.720000
121.280000 34.498000 2810.195000
121.370000 34.968000 2826.049000
121.460000 35.439000 2849.993000
121.560000 35.910000 2855.556000
121.660000 36.381000 2881.508000
121.760000 36.851000 2823.649000
121.870000 37.322000 2796.063000
121.970000 37.793000 2882.110000
119.950000 21.788000 2801.300000
120.000000 22.259000 2775.464000
120.050000 22.729000 2765.052000
120.100000 23.200000 2750.825870
120.160000 23.671000 2814.279000
120.210000 24.141000 2802.825000
120.270000 24.612000 2830.793000
120.330000 25.083000 2848.588000
120.390000 25.554000 2825.170000
120.450000 26.024000 2842.657000
120.510000 26.495000 2797.708000
120.580000 26.966000 2778.280000
120.640000 27.437000 2816.782900
120.710000 27.907000 2807.827100
120.780000 28.378000 2791.086000
120.850000 28.849000 2805.434100
120.920000 29.320000 2805.566000
121.000000 29.790000 2785.765200
121.070000 30.261000 2795.399000
121.150000 30.732000 2797.264000
121.230000 31.203000 2798.744000
121.310000 31.673000 2783.438000
121.400000 32.144000 2746.823000
121.480000 32.615000 2763.451000
121.570000 33.085000 2769.012000
121.660000 33.556000 2812.987000
121.750000 34.027000 2818.380000
121.850000 34.498000 2830.037000
121.940000 34.968000 2854.030000
120.460000 21.788000 2759.230000
120.510000 22.259000 2731.855000
120.560000 22.729000 2720.068800
120.620000 23.200000 2730.554000
120.670000 23.671000 2711.182000
120.730000 24.141000 2727.579400
120.790000 24.612000 2787.142000
120.850000 25.083000 2752.985000
120.910000 25.554000 2783.116000
120.970000 26.024000 2782.148000
121.040000 26.495000 2812.688000
121.100000 26.966000 2834.053000
121.170000 27.437000 2840.733000
121.240000 27.907000 2824.914000
121.310000 28.378000 2794.664000
121.390000 28.849000 2785.763100
121.460000 29.320000 2800.844500
121.540000 29.790000 2808.527000
121.620000 30.261000 2825.027000
121.700000 30.732000 2849.004000
121.780000 31.203000 2823.254000
121.860000 31.673000 2789.904000
121.950000 32.144000 2829.153000
120.960000 21.788000 2818.756000
121.020000 22.259000 2805.118000
121.070000 22.729000 2755.314000
121.130000 23.200000 2739.974000
121.180000 23.671000 2783.992000
121.240000 24.141000 2762.888000
121.300000 24.612000 2732.716000
121.370000 25.083000 2693.770000
121.430000 25.554000 2769.365000
121.500000 26.024000 2821.834000
121.560000 26.495000 2855.561000
121.630000 26.966000 2854.887000
121.700000 27.437000 2868.330000
121.770000 27.907000 2864.700000
121.850000 28.378000 2816.173000
121.920000 28.849000 2837.056000
121.470000 21.788000 2917.640000
121.520000 22.259000 2912.470000
121.580000 22.729000 2852.940000
121.640000 23.200000 2805.820000
121.700000 23.671000 2760.545000
121.760000 24.141000 2731.519000
121.820000 24.612000 2772.699000
121.880000 25.083000 2866.210000
121.950000 25.554000 2937.210000
121.970000 21.788000 2900.050000
