104.770000 21.788000 2846.995900
104.770000 22.259000 2807.206000
104.770000 22.729000 2807.297000
104.770000 23.200000 2765.256000
104.770000 23.671000 2780.261000
104.770000 24.141000 2796.874000
104.770000 24.612000 2789.483000
104.770000 25.083000 2780.273000
104.770000 25.554000 2772.166000
104.770000 26.024000 2784.300000
104.760000 26.495000 2778.676900
104.760000 26.966000 2803.322000
104.760000 27.437000 2767.955000
104.760000 27.907000 2765.863000
104.760000 28.378000 2778.137000
104.760000 28.849000 2792.002000
104.760000 29.320000 2858.608700
104.760000 29.790000 2852.093000
104.760000 30.261000 2841.547000
104.760000 30.732000 2819.633000
104.750000 31.203000 2819.779700
104.750000 31.673000 2777.401000
104.750000 32.144000 2765.715000
104.750000 32.615000 2788.243000
104.750000 33.085000 2760.509000
104.750000 33.556000 2747.606000
104.750000 34.027000 2725.844000
104.740000 34.498000 2751.227000
104.740000 34.968000 2761.156000
104.740000 35.439000 2750.685000
104.740000 35.910000 2772.445000
104.740000 36.381000 2784.399000
104.740000 36.851000 2785.827000
104.740000 37.322000 2776.212000
104.730000 37.793000 2771.450000
104.730000 38.264000 2788.578300
104.730000 38.734000 2791.896400
104.730000 39.205000 2805.106800
104.730000 39.676000 2816.471500
104.720000 40.147000 2826.654110
104.720000 40.617000 2821.170000
104.720000 41.088000 2812.603000
104.720000 41.559000 2800.939000
104.720000 42.030000 2800.427000
105.280000 21.788000 2812.945000
105.280000 22.259000 2814.456000
105.280000 22.729000 2832.627500
105.280000 23.200000 2792.396000
105.280000 23.671000 2780.345000
105.280000 24.141000 2792.497000
105.290000 24.612000 2790.840000
105.290000 25.083000 2782.303000
105.290000 25.554000 2781.164000
105.290000 26.024000 2787.618800
105.290000 26.495000 2790.817300
105.290000 26.966000 2821.073000
105.290000 27.437000 2822.293000
105.290000 27.907000 2806.438600
105.290000 28.378000 2802.756000
105.300000 28.849000 2819.638000
105.300000 29.320000 2850.490000
105.300000 29.790000 2856.254000
105.300000 30.261000 2832.497000
105.300000 30.732000 2825.061000
105.300000 31.203000 2831.848500
105.300000 31.673000 2797.396000
105.310000 32.144000 2804.812000
105.310000 32.615000 2831.128000
105.310000 33.085000 2803.301000
105.310000 33.556000 2807.388000
105.310000 34.027000 2796.127000
105.310000 34.498000 2802.144900
105.320000 34.968000 2796.167100
105.320000 35.439000 2783.934000
105.320000 35.910000 2795.337000
105.320000 36.381000 2820.786500
105.320000 36.851000 2814.826500
105.330000 37.322000 2811.304600
105.330000 37.793000 2809.701400
105.330000 38.264000 2809.584300
105.330000 38.734000 2808.208800
105.330000 39.205000 2817.967700
105.340000 39.676000 2844.625000
105.340000 40.147000 2840.321000
105.340000 40.617000 2824.381400
105.340000 41.088000 2824.840000
105.350000 41.559000 2803.982000
105.350000 42.030000 2811.769000
105.790000 21.788000 2811.503000
105.790000 22.259000 2784.447000
105.790000 22.729000 2791.399000
105.790000 23.200000 2796.511000
105.800000 23.671000 2801.568000
105.800000 24.141000 2803.700000
105.800000 24.612000 2795.934000
105.810000 25.083000 2797.978000
105.810000 25.554000 2803.919000
105.810000 26.024000 2800.340800
105.810000 26.495000 2803.092400
105.820000 26.966000 2812.083600
105.820000 27.437000 2811.713800
105.830000 27.907000 2809.272600
105.830000 28.378000 2808.982000
105.830000 28.849000 2816.588000
105.840000 29.320000 2836.698000
105.840000 29.790000 2865.180000
105.840000 30.261000 2843.493000
105.850000 30.732000 2830.615000
105.850000 31.203000 2830.253500
105.860000 31.673000 2839.543900
105.860000 32.144000 2834.344000
105.870000 32.615000 2851.432000
105.870000 33.085000 2827.216000
105.870000 33.556000 2829.512000
105.880000 34.027000 2824.724000
105.880000 34.498000 2789.598000
105.890000 34.968000 2815.510800
105.890000 35.439000 2833.381600
105.900000 35.910000 2823.927000
105.910000 36.381000 2825.111000
105.910000 36.851000 2822.516000
105.920000 37.322000 2811.506000
105.920000 37.793000 2816.845000
105.930000 38.264000 2813.538200
105.930000 38.734000 2861.408000
105.940000 39.205000 2827.003000
105.950000 39.676000 2791.948000
105.950000 40.147000 2811.799000
105.960000 40.617000 2808.781400
105.970000 41.088000 2805.489000
105.970000 41.559000 2806.965000
105.980000 42.030000 2788.732000
106.290000 21.788000 2810.810000
106.300000 22.259000 2810.839000
106.300000 22.729000 2800.407000
106.300000 23.200000 2782.275000
106.310000 23.671000 2793.441000
106.310000 24.141000 2800.031000
106.320000 24.612000 2799.405000
106.320000 25.083000 2788.981000
106.330000 25.554000 2792.930000
106.330000 26.024000 2810.689000
106.340000 26.495000 2802.172150
106.350000 26.966000 2819.159800
106.350000 27.437000 2823.022500
106.360000 27.907000 2808.572300
106.360000 28.378000 2815.971500
106.370000 28.849000 2816.681000
106.380000 29.320000 2823.045000
106.380000 29.790000 2831.909000
106.390000 30.261000 2831.656000
106.390000 30.732000 2813.037000
106.400000 31.203000 2818.678000
106.410000 31.673000 2843.741570
106.420000 32.144000 2856.256700
106.420000 32.615000 2883.806000
106.430000 33.085000 2861.740800
106.440000 33.556000 2837.210000
106.450000 34.027000 2819.482000
106.450000 34.498000 2833.187000
106.460000 34.968000 2851.763500
106.470000 35.439000 2855.686000
106.480000 35.910000 2851.050400
106.490000 36.381000 2843.374400
106.500000 36.851000 2849.574500
106.510000 37.322000 2834.501000
106.520000 37.793000 2786.918000
106.530000 38.264000 2763.069500
106.540000 38.734000 2779.948900
106.550000 39.205000 2827.099150
106.560000 39.676000 2824.061100
106.570000 40.147000 2764.719000
106.580000 40.617000 2731.293000
106.590000 41.088000 2814.429000
106.600000 41.559000 2813.060000
106.610000 42.030000 2800.886700
106.800000 21.788000 2815.135000
106.800000 22.259000 2819.504600
106.810000 22.729000 2794.675000
106.820000 23.200000 2783.238000
106.820000 23.671000 2799.913000
106.830000 24.141000 2803.617000
106.840000 24.612000 2785.049000
106.840000 25.083000 2796.852000
106.850000 25.554000 2809.798000
106.860000 26.024000 2810.548000
106.860000 26.495000 2816.797500
106.870000 26.966000 2832.816000
106.880000 27.437000 2847.598000
106.890000 27.907000 2828.984000
106.900000 28.378000 2828.590000
106.910000 28.849000 2817.655600
106.910000 29.320000 2803.587000
106.920000 29.790000 2812.295000
106.930000 30.261000 2820.101800
106.940000 30.732000 2814.413900
106.950000 31.203000 2814.644000
106.960000 31.673000 2818.210700
106.970000 32.144000 2839.214000
106.980000 32.615000 2880.257200
106.990000 33.085000 2878.337600
107.000000 33.556000 2832.688000
107.010000 34.027000 2811.369000
107.020000 34.498000 2803.312000
107.040000 34.968000 2837.010900
107.050000 35.439000 2828.639000
107.060000 35.910000 2846.083000
107.070000 36.381000 2840.903800
107.090000 36.851000 2812.812000
107.100000 37.322000 2800.452000
107.110000 37.793000 2799.163000
107.130000 38.264000 2794.937000
107.140000 38.734000 2822.697000
107.150000 39.205000 2863.713900
107.170000 39.676000 2812.493500
107.180000 40.147000 2788.284000
107.200000 40.617000 2732.532000
107.210000 41.088000 2713.654000
107.230000 41.559000 2778.324600
107.250000 42.030000 2796.266400
107.300000 21.788000 2804.328000
107.310000 22.259000 2812.143000
107.320000 22.729000 2794.698000
107.330000 23.200000 2792.086000
107.330000 23.671000 2803.317000
107.340000 24.141000 2798.581000
107.350000 24.612000 2797.313000
107.360000 25.083000 2810.988000
107.370000 25.554000 2788.786000
107.380000 26.024000 2800.687600
107.390000 26.495000 2806.319200
107.400000 26.966000 2820.406000
107.410000 27.437000 2839.211000
107.420000 27.907000 2823.791000
107.430000 28.378000 2823.099000
107.440000 28.849000 2817.894000
107.450000 29.320000 2810.893700
107.460000 29.790000 2800.833000
107.480000 30.261000 2801.118800
107.490000 30.732000 2805.609000
107.500000 31.203000 2802.307500
107.510000 31.673000 2799.045500
107.530000 32.144000 2843.256000
107.540000 32.615000 2877.500200
107.550000 33.085000 2882.374800
107.570000 33.556000 2826.652000
107.580000 34.027000 2820.506390
107.590000 34.498000 2808.475000
107.610000 34.968000 2826.459000
107.620000 35.439000 2838.454000
107.640000 35.910000 2838.538000
107.660000 36.381000 2834.139000
107.670000 36.851000 2829.951000
107.690000 37.322000 2814.552000
107.710000 37.793000 2816.488000
107.720000 38.264000 2826.487000
107.740000 38.734000 2822.689000
107.760000 39.205000 2807.210000
107.780000 39.676000 2794.304000
107.800000 40.147000 2801.048700
107.820000 40.617000 2773.103000
107.840000 41.088000 2729.799950
107.860000 41.559000 2794.393000
107.880000 42.030000 2785.271000
107.810000 21.788000 2803.411000
107.820000 22.259000 2806.708000
107.830000 22.729000 2806.261000
107.840000 23.200000 2786.761000
107.850000 23.671000 2795.972000
107.860000 24.141000 2800.004000
107.870000 24.612000 2813.349000
107.880000 25.083000 2789.498000
107.890000 25.554000 2801.621000
107.900000 26.024000 2804.688000
107.910000 26.495000 2813.671900
107.930000 26.966000 2831.419000
107.940000 27.437000 2843.586000
107.950000 27.907000 2842.612000
107.960000 28.378000 2842.898000
107.980000 28.849000 2820.682500
107.990000 29.320000 2813.407400
108.010000 29.790000 2813.159000
108.020000 30.261000 2793.385700
108.030000 30.732000 2789.490200
108.050000 31.203000 2795.801600
108.060000 31.673000 2814.318000
108.080000 32.144000 2842.249000
108.100000 32.615000 2861.896000
108.110000 33.085000 2856.884100
108.130000 33.556000 2828.855000
108.150000 34.027000 2776.706000
108.160000 34.498000 2783.934000
108.180000 34.968000 2809.665000
108.200000 35.439000 2844.277000
108.220000 35.910000 2845.470800
108.240000 36.381000 2844.251200
108.260000 36.851000 2836.536000
108.280000 37.322000 2825.972000
108.300000 37.793000 2828.892000
108.320000 38.264000 2824.405000
108.340000 38.734000 2828.561000
108.370000 39.205000 2820.151000
108.390000 39.676000 2814.188000
108.410000 40.147000 2814.326000
108.440000 40.617000 2796.826000
108.460000 41.088000 2746.813900
108.490000 41.559000 2832.724000
108.510000 42.030000 2813.643000
108.310000 21.788000 2828.724100
108.330000 22.259000 2794.307000
108.340000 22.729000 2800.187000
108.350000 23.200000 2796.178000
108.360000 23.671000 2785.386000
108.370000 24.141000 2814.301000
108.390000 24.612000 2803.282000
108.400000 25.083000 2796.078000
108.410000 25.554000 2801.259000
108.430000 26.024000 2809.206000
108.440000 26.495000 2826.034000
108.450000 26.966000 2836.129900
108.470000 27.437000 2840.825000
108.480000 27.907000 2840.935500
108.500000 28.378000 2844.837000
108.510000 28.849000 2818.979000
108.530000 29.320000 2815.769400
108.550000 29.790000 2829.811000
108.560000 30.261000 2822.743000
108.580000 30.732000 2805.819000
108.600000 31.203000 2819.700000
108.620000 31.673000 2824.181000
108.640000 32.144000 2834.709000
108.650000 32.615000 2845.645000
108.670000 33.085000 2840.208000
108.690000 33.556000 2821.248000
108.710000 34.027000 2766.931000
108.730000 34.498000 2761.238000
108.760000 34.968000 2821.813400
108.780000 35.439000 2822.540000
108.800000 35.910000 2841.133000
108.820000 36.381000 2847.083000
108.850000 36.851000 2852.050900
108.870000 37.322000 2828.394000
108.900000 37.793000 2834.417000
108.920000 38.264000 2840.881000
108.950000 38.734000 2841.955000
108.970000 39.205000 2831.736000
109.000000 39.676000 2836.696700
109.030000 40.147000 2827.202000
109.050000 40.617000 2825.759000
109.080000 41.088000 2814.584000
109.110000 41.559000 2827.266100
109.140000 42.030000 2816.578000
108.820000 21.788000 2833.589940
108.830000 22.259000 2813.787000
108.850000 22.729000 2819.161000
108.860000 23.200000 2795.984000
108.870000 23.671000 2812.152000
108.890000 24.141000 2811.254000
108.900000 24.612000 2831.687000
108.920000 25.083000 2792.249000
108.930000 25.554000 2812.716000
108.950000 26.024000 2826.678000
108.960000 26.495000 2856.900800
108.980000 26.966000 2857.193000
109.000000 27.437000 2856.190000
109.010000 27.907000 2852.848200
109.030000 28.378000 2829.425000
109.050000 28.849000 2841.819900
109.070000 29.320000 2818.039600
109.090000 29.790000 2822.596984
109.110000 30.261000 2867.877000
109.130000 30.732000 2844.098000
109.150000 31.203000 2834.443000
109.170000 31.673000 2824.667000
109.190000 32.144000 2819.794000
109.210000 32.615000 2818.349000
109.230000 33.085000 2831.016000
109.260000 33.556000 2814.588000
109.280000 34.027000 2788.338000
109.300000 34.498000 2761.514000
109.330000 34.968000 2805.775100
109.350000 35.439000 2824.238000
109.380000 35.910000 2837.387000
109.410000 36.381000 2849.468000
109.430000 36.851000 2838.934000
109.460000 37.322000 2829.422000
109.490000 37.793000 2841.449000
109.520000 38.264000 2840.569000
109.550000 38.734000 2844.315000
109.580000 39.205000 2854.263400
109.610000 39.676000 2847.425400
109.640000 40.147000 2837.806000
109.670000 40.617000 2828.576000
109.710000 41.088000 2849.587000
109.740000 41.559000 2843.940900
109.780000 42.030000 2840.042000
109.330000 21.788000 2836.308000
109.340000 22.259000 2808.818000
109.360000 22.729000 2813.412000
109.370000 23.200000 2807.565000
109.390000 23.671000 2816.120000
109.400000 24.141000 2812.640000
109.420000 24.612000 2805.513000
109.440000 25.083000 2799.141000
109.450000 25.554000 2804.994000
109.470000 26.024000 2825.487000
109.490000 26.495000 2836.578000
109.510000 26.966000 2861.838800
109.530000 27.437000 2899.909000
109.550000 27.907000 2891.371000
109.570000 28.378000 2879.328000
109.590000 28.849000 2868.476000
109.610000 29.320000 2831.974570
109.630000 29.790000 2823.247400
109.650000 30.261000 2833.958000
109.670000 30.732000 2844.122000
109.700000 31.203000 2855.907000
109.720000 31.673000 2857.235000
109.740000 32.144000 2827.937000
109.770000 32.615000 2826.777000
109.800000 33.085000 2831.622000
109.820000 33.556000 2816.231000
109.850000 34.027000 2806.221000
109.870000 34.498000 2781.753200
109.900000 34.968000 2780.237000
109.930000 35.439000 2832.242000
109.960000 35.910000 2835.995000
109.990000 36.381000 2847.775000
110.020000 36.851000 2841.258000
110.050000 37.322000 2826.717000
110.080000 37.793000 2830.125000
110.120000 38.264000 2847.247000
110.150000 38.734000 2854.729000
110.180000 39.205000 2858.443500
110.220000 39.676000 2856.254100
110.260000 40.147000 2856.533000
110.290000 40.617000 2818.070200
110.330000 41.088000 2871.131000
110.370000 41.559000 2836.870000
110.410000 42.030000 2832.510000
109.830000 21.788000 2829.861000
109.850000 22.259000 2811.241000
109.870000 22.729000 2810.030000
109.880000 23.200000 2815.468000
109.900000 23.671000 2819.314000
109.920000 24.141000 2816.758000
109.940000 24.612000 2813.409000
109.950000 25.083000 2799.418000
109.970000 25.554000 2798.988000
109.990000 26.024000 2811.545000
110.010000 26.495000 2828.750400
110.030000 26.966000 2846.405510
110.060000 27.437000 2874.605000
110.080000 27.907000 2879.584000
110.100000 28.378000 2882.022020
110.120000 28.849000 2880.062000
110.150000 29.320000 2856.901700
110.170000 29.790000 2843.564100
110.200000 30.261000 2830.512100
110.220000 30.732000 2850.348000
110.250000 31.203000 2856.938000
110.270000 31.673000 2848.091500
110.300000 32.144000 2842.247000
110.330000 32.615000 2839.100000
110.360000 33.085000 2842.572000
110.380000 33.556000 2814.023000
110.410000 34.027000 2804.022000
110.440000 34.498000 2792.711000
110.480000 34.968000 2778.178000
110.510000 35.439000 2813.054000
110.540000 35.910000 2835.983000
110.570000 36.381000 2831.895000
110.610000 36.851000 2833.626000
110.640000 37.322000 2832.121000
110.680000 37.793000 2832.731000
110.720000 38.264000 2850.526400
110.750000 38.734000 2841.849000
110.790000 39.205000 2864.915000
110.830000 39.676000 2856.003000
110.870000 40.147000 2876.320000
110.910000 40.617000 2810.150100
110.950000 41.088000 2861.908000
111.000000 41.559000 2847.064320
111.040000 42.030000 2824.710200
110.340000 21.788000 2818.911000
110.360000 22.259000 2786.863000
110.370000 22.729000 2808.094000
110.390000 23.200000 2812.957000
110.410000 23.671000 2810.796000
110.430000 24.141000 2808.289000
110.450000 24.612000 2805.678000
110.470000 25.083000 2799.207000
110.490000 25.554000 2803.856000
110.520000 26.024000 2804.235000
110.540000 26.495000 2815.197200
110.560000 26.966000 2835.367900
110.590000 27.437000 2835.578000
110.610000 27.907000 2867.160000
110.630000 28.378000 2879.575000
110.660000 28.849000 2884.526000
110.690000 29.320000 2883.480000
110.710000 29.790000 2838.648700
110.740000 30.261000 2836.631000
110.770000 30.732000 2849.144000
110.800000 31.203000 2823.717000
110.820000 31.673000 2837.861000
110.850000 32.144000 2825.949000
110.890000 32.615000 2823.660150
110.920000 33.085000 2827.756500
110.950000 33.556000 2803.473000
110.980000 34.027000 2808.496000
111.010000 34.498000 2814.512260
111.050000 34.968000 2787.030000
111.080000 35.439000 2815.241700
111.120000 35.910000 2830.647000
111.160000 36.381000 2847.822000
111.190000 36.851000 2841.201000
111.230000 37.322000 2861.171900
111.270000 37.793000 2857.747600
111.310000 38.264000 2854.258000
111.350000 38.734000 2870.171400
111.400000 39.205000 2874.560000
111.440000 39.676000 2880.912000
111.490000 40.147000 2881.349300
111.530000 40.617000 2821.493000
111.580000 41.088000 2861.088000
111.620000 41.559000 2843.102700
111.670000 42.030000 2826.957780
110.840000 21.788000 2848.094329
110.860000 22.259000 2798.676000
110.880000 22.729000 2800.214000
110.900000 23.200000 2816.716000
110.930000 23.671000 2817.002000
110.950000 24.141000 2803.994000
110.970000 24.612000 2811.405000
110.990000 25.083000 2801.172000
111.020000 25.554000 2799.921000
111.040000 26.024000 2796.067000
111.060000 26.495000 2810.696000
111.090000 26.966000 2833.575000
111.110000 27.437000 2817.623800
111.140000 27.907000 2834.831000
111.170000 28.378000 2857.416000
111.200000 28.849000 2888.879000
111.220000 29.320000 2869.532000
111.250000 29.790000 2844.959000
111.280000 30.261000 2833.050000
111.310000 30.732000 2849.467000
111.340000 31.203000 2845.249000
111.380000 31.673000 2838.970000
111.410000 32.144000 2825.448600
111.440000 32.615000 2812.545330
111.480000 33.085000 2830.563000
111.510000 33.556000 2809.908000
111.550000 34.027000 2806.869000
111.580000 34.498000 2821.915600
111.620000 34.968000 2840.673000
111.660000 35.439000 2836.157000
111.700000 35.910000 2827.029000
111.740000 36.381000 2837.679400
111.780000 36.851000 2860.334900
111.820000 37.322000 2842.827000
111.870000 37.793000 2845.005180
111.910000 38.264000 2836.216000
111.960000 38.734000 2854.950800
112.000000 39.205000 2873.060600
112.050000 39.676000 2887.317500
112.100000 40.147000 2873.918100
112.150000 40.617000 2845.485000
112.200000 41.088000 2841.266900
112.250000 41.559000 2820.761200
112.310000 42.030000 2809.765600
111.350000 21.788000 2814.962000
111.370000 22.259000 2795.810000
111.390000 22.729000 2808.783000
111.420000 23.200000 2819.877000
111.440000 23.671000 2813.935000
111.460000 24.141000 2803.673000
111.490000 24.612000 2794.909000
111.510000 25.083000 2813.411000
111.540000 25.554000 2816.779000
111.560000 26.024000 2808.489000
111.590000 26.495000 2831.409500
111.620000 26.966000 2825.515100
111.640000 27.437000 2820.008200
111.670000 27.907000 2821.967910
111.700000 28.378000 2840.993000
111.730000 28.849000 2850.909000
111.760000 29.320000 2847.723300
111.790000 29.790000 2831.767900
111.830000 30.261000 2811.154800
111.860000 30.732000 2826.312700
111.890000 31.203000 2825.704000
111.930000 31.673000 2821.427000
111.960000 32.144000 2805.672000
112.000000 32.615000 2836.676000
112.040000 33.085000 2836.975400
112.080000 33.556000 2779.186000
112.110000 34.027000 2791.483000
112.150000 34.498000 2818.979600
112.200000 34.968000 2839.833000
112.240000 35.439000 2844.903400
112.280000 35.910000 2856.996200
112.320000 36.381000 2858.544000
112.370000 36.851000 2857.718900
112.420000 37.322000 2810.815000
112.460000 37.793000 2819.106000
112.510000 38.264000 2843.624800
112.560000 38.734000 2845.975000
112.610000 39.205000 2857.229200
112.660000 39.676000 2871.221000
112.710000 40.147000 2869.204000
112.770000 40.617000 2839.999800
112.820000 41.088000 2840.027000
112.880000 41.559000 2843.453000
112.940000 42.030000 2819.871400
111.860000 21.788000 2829.687000
111.880000 22.259000 2802.171000
111.900000 22.729000 2815.470000
111.930000 23.200000 2807.975000
111.950000 23.671000 2812.215000
111.980000 24.141000 2810.430000
112.000000 24.612000 2798.156000
112.030000 25.083000 2797.738000
112.060000 25.554000 2810.326000
112.080000 26.024000 2807.649000
112.110000 26.495000 2820.633700
112.140000 26.966000 2823.063400
112.170000 27.437000 2823.115300
112.200000 27.907000 2810.192000
112.240000 28.378000 2830.890130
112.270000 28.849000 2844.959000
112.300000 29.320000 2837.650000
112.340000 29.790000 2804.157000
112.370000 30.261000 2805.010200
112.410000 30.732000 2820.447300
112.440000 31.203000 2824.020100
112.480000 31.673000 2821.420000
112.520000 32.144000 2818.645700
112.560000 32.615000 2811.770200
112.600000 33.085000 2833.518560
112.640000 33.556000 2810.383000
112.680000 34.027000 2819.062000
112.720000 34.498000 2823.048500
112.770000 34.968000 2815.725500
112.810000 35.439000 2842.047000
112.860000 35.910000 2846.201000
112.910000 36.381000 2856.648000
112.960000 36.851000 2855.275680
113.010000 37.322000 2850.507000
113.060000 37.793000 2842.878400
113.110000 38.264000 2864.678000
113.160000 38.734000 2866.940000
113.220000 39.205000 2849.590000
113.270000 39.676000 2839.554000
113.330000 40.147000 2847.285000
113.390000 40.617000 2838.155000
113.450000 41.088000 2837.256000
113.510000 41.559000 2841.643000
113.570000 42.030000 2799.151000
112.360000 21.788000 2839.927600
112.390000 22.259000 2804.393000
112.410000 22.729000 2807.919000
112.440000 23.200000 2807.956000
112.460000 23.671000 2798.475000
112.490000 24.141000 2794.835000
112.520000 24.612000 2810.129000
112.550000 25.083000 2804.845000
112.580000 25.554000 2807.776000
112.610000 26.024000 2799.094000
112.640000 26.495000 2825.743000
112.670000 26.966000 2827.154000
112.700000 27.437000 2821.386000
112.740000 27.907000 2822.783000
112.770000 28.378000 2825.647000
112.800000 28.849000 2831.715000
112.840000 29.320000 2825.249000
112.880000 29.790000 2828.416000
112.910000 30.261000 2814.367300
112.950000 30.732000 2827.348000
112.990000 31.203000 2826.833600
113.030000 31.673000 2830.504000
113.070000 32.144000 2801.831000
113.120000 32.615000 2810.016000
113.160000 33.085000 2823.315000
113.200000 33.556000 2822.002000
113.250000 34.027000 2837.258800
113.290000 34.498000 2825.521400
113.340000 34.968000 2823.269600
113.390000 35.439000 2831.296000
113.440000 35.910000 2847.678000
113.490000 36.381000 2854.568000
113.540000 36.851000 2857.240000
113.600000 37.322000 2867.659700
113.650000 37.793000 2855.213800
113.710000 38.264000 2857.279900
113.760000 38.734000 2845.918400
113.820000 39.205000 2839.733800
113.880000 39.676000 2854.272000
113.940000 40.147000 2846.335000
114.010000 40.617000 2836.211000
114.070000 41.088000 2832.351000
114.140000 41.559000 2831.636000
114.200000 42.030000 2819.057800
112.870000 21.788000 2827.729400
112.890000 22.259000 2803.868000
112.920000 22.729000 2823.843000
112.950000 23.200000 2829.191000
112.980000 23.671000 2811.368000
113.010000 24.141000 2799.078000
113.040000 24.612000 2771.108000
113.070000 25.083000 2796.644000
113.100000 25.554000 2796.778000
113.130000 26.024000 2812.704000
113.160000 26.495000 2817.121000
113.200000 26.966000 2819.732000
113.230000 27.437000 2804.538000
113.270000 27.907000 2824.705000
113.300000 28.378000 2821.341000
113.340000 28.849000 2837.575000
113.380000 29.320000 2829.441000
113.420000 29.790000 2843.989300
113.460000 30.261000 2829.552000
113.500000 30.732000 2828.485000
113.540000 31.203000 2852.207000
113.580000 31.673000 2845.587900
113.630000 32.144000 2812.793000
113.670000 32.615000 2822.732000
113.720000 33.085000 2813.539000
113.770000 33.556000 2805.752000
113.820000 34.027000 2802.388500
113.860000 34.498000 2811.081600
113.920000 34.968000 2791.015800
113.970000 35.439000 2824.240800
114.020000 35.910000 2850.862000
114.070000 36.381000 2839.750000
114.130000 36.851000 2839.898000
114.190000 37.322000 2844.044000
114.250000 37.793000 2847.017500
114.310000 38.264000 2866.656000
114.370000 38.734000 2838.250700
114.430000 39.205000 2827.381900
114.490000 39.676000 2829.082200
114.560000 40.147000 2814.627100
114.620000 40.617000 2840.517000
114.690000 41.088000 2828.594000
114.760000 41.559000 2827.116000
114.840000 42.030000 2809.126000
113.370000 21.788000 2835.193000
113.400000 22.259000 2797.147000
113.430000 22.729000 2814.682000
113.460000 23.200000 2807.036000
113.490000 23.671000 2795.854000
113.520000 24.141000 2804.475000
113.550000 24.612000 2808.910000
113.590000 25.083000 2804.004000
113.620000 25.554000 2787.581000
113.650000 26.024000 2785.071000
113.690000 26.495000 2805.233000
113.720000 26.966000 2806.157000
113.760000 27.437000 2815.246000
113.800000 27.907000 2825.628000
113.840000 28.378000 2826.654000
113.880000 28.849000 2816.280000
113.920000 29.320000 2822.081000
113.960000 29.790000 2848.169000
114.000000 30.261000 2847.393000
114.050000 30.732000 2856.956000
114.090000 31.203000 2847.598500
114.140000 31.673000 2819.404000
114.180000 32.144000 2840.743000
114.230000 32.615000 2825.467200
114.280000 33.085000 2812.745300
114.330000 33.556000 2776.405000
114.380000 34.027000 2798.662700
114.440000 34.498000 2788.976100
114.490000 34.968000 2783.808500
114.540000 35.439000 2805.693000
114.600000 35.910000 2839.256000
114.660000 36.381000 2795.800500
114.720000 36.851000 2820.160000
114.780000 37.322000 2818.848000
114.840000 37.793000 2805.515000
114.900000 38.264000 2817.937000
114.970000 38.734000 2835.368000
115.030000 39.205000 2816.516300
115.100000 39.676000 2837.363000
115.170000 40.147000 2843.341000
115.240000 40.617000 2846.107000
115.320000 41.088000 2813.030800
115.390000 41.559000 2826.897000
115.470000 42.030000 2787.694000
113.880000 21.788000 2890.402000
113.910000 22.259000 2837.440000
113.940000 22.729000 2814.691000
113.970000 23.200000 2819.450000
114.000000 23.671000 2802.472000
114.040000 24.141000 2811.554000
114.070000 24.612000 2786.458000
114.100000 25.083000 2803.101000
114.140000 25.554000 2774.308000
114.180000 26.024000 2769.279000
114.210000 26.495000 2796.286000
114.250000 26.966000 2827.305000
114.290000 27.437000 2788.502000
114.330000 27.907000 2811.738000
114.370000 28.378000 2802.481000
114.410000 28.849000 2820.968000
114.460000 29.320000 2831.550000
114.500000 29.790000 2842.803000
114.550000 30.261000 2850.392000
114.590000 30.732000 2855.411700
114.640000 31.203000 2850.832500
114.690000 31.673000 2819.904000
114.740000 32.144000 2852.324000
114.790000 32.615000 2820.195300
114.840000 33.085000 2794.266200
114.890000 33.556000 2776.130000
114.950000 34.027000 2809.167000
115.010000 34.498000 2804.329700
115.060000 34.968000 2797.924000
115.120000 35.439000 2803.578430
115.180000 35.910000 2819.242500
115.240000 36.381000 2800.938000
115.300000 36.851000 2818.283000
115.370000 37.322000 2808.014000
115.430000 37.793000 2796.737000
115.500000 38.264000 2790.723000
115.570000 38.734000 2796.140000
115.640000 39.205000 2852.934000
115.710000 39.676000 2865.195000
115.790000 40.147000 2857.792000
115.860000 40.617000 2836.486000
115.940000 41.088000 2825.487000
116.020000 41.559000 2807.602500
116.100000 42.030000 2786.161000
114.390000 21.788000 2873.861000
114.420000 22.259000 2851.738900
114.450000 22.729000 2812.050000
114.480000 23.200000 2816.666000
114.520000 23.671000 2825.761000
114.550000 24.141000 2813.936000
114.590000 24.612000 2807.389000
114.620000 25.083000 2803.724000
114.660000 25.554000 2810.211000
114.700000 26.024000 2807.446000
114.740000 26.495000 2834.579800
114.780000 26.966000 2834.052200
114.820000 27.437000 2821.407000
114.860000 27.907000 2831.673000
114.910000 28.378000 2822.567000
114.950000 28.849000 2794.224000
115.000000 29.320000 2829.890000
115.040000 29.790000 2845.214300
115.090000 30.261000 2856.008600
115.140000 30.732000 2839.231000
115.190000 31.203000 2840.860700
115.240000 31.673000 2843.935400
115.290000 32.144000 2834.447120
115.350000 32.615000 2807.894000
115.400000 33.085000 2794.996000
115.460000 33.556000 2806.691000
115.520000 34.027000 2804.633000
115.580000 34.498000 2829.265000
115.640000 34.968000 2825.543000
115.700000 35.439000 2839.326000
115.760000 35.910000 2837.598000
115.830000 36.381000 2824.403000
115.890000 36.851000 2807.562000
115.960000 37.322000 2837.771000
116.030000 37.793000 2807.629000
116.100000 38.264000 2792.648000
116.170000 38.734000 2800.216000
116.250000 39.205000 2816.521000
116.320000 39.676000 2862.511000
116.400000 40.147000 2849.717000
116.480000 40.617000 2837.731000
116.560000 41.088000 2823.080860
116.650000 41.559000 2798.383000
116.730000 42.030000 2793.363000
114.890000 21.788000 2858.768700
114.920000 22.259000 2854.824000
114.960000 22.729000 2833.166000
114.990000 23.200000 2812.905000
115.030000 23.671000 2817.618000
115.070000 24.141000 2816.047000
115.100000 24.612000 2804.381000
115.140000 25.083000 2801.639000
115.180000 25.554000 2805.982000
115.220000 26.024000 2815.602000
115.260000 26.495000 2811.327000
115.310000 26.966000 2822.046000
115.350000 27.437000 2823.735000
115.390000 27.907000 2830.674000
115.440000 28.378000 2833.425000
115.490000 28.849000 2839.620000
115.530000 29.320000 2836.035000
115.580000 29.790000 2848.021600
115.630000 30.261000 2837.297600
115.690000 30.732000 2823.318000
115.740000 31.203000 2835.880000
115.790000 31.673000 2856.751000
115.850000 32.144000 2834.138300
115.900000 32.615000 2832.978000
115.960000 33.085000 2823.729000
116.020000 33.556000 2839.425000
116.080000 34.027000 2835.309700
116.150000 34.498000 2842.325000
116.210000 34.968000 2853.505000
116.270000 35.439000 2855.475300
116.340000 35.910000 2861.209400
116.410000 36.381000 2844.023000
116.480000 36.851000 2817.366000
116.550000 37.322000 2819.068000
116.620000 37.793000 2797.661000
116.700000 38.264000 2818.906000
116.780000 38.734000 2836.900000
116.850000 39.205000 2815.083000
116.930000 39.676000 2834.870000
117.020000 40.147000 2853.066000
117.100000 40.617000 2848.821000
117.190000 41.088000 2850.794000
117.280000 41.559000 2801.718000
117.370000 42.030000 2784.080000
115.400000 21.788000 2886.359800
115.430000 22.259000 2875.180000
115.470000 22.729000 2864.260000
115.500000 23.200000 2815.397000
115.540000 23.671000 2826.097000
115.580000 24.141000 2826.255000
115.620000 24.612000 2800.040000
115.660000 25.083000 2799.717000
115.700000 25.554000 2809.782000
115.740000 26.024000 2808.334000
115.790000 26.495000 2802.852000
115.830000 26.966000 2788.200000
115.880000 27.437000 2816.746000
115.930000 27.907000 2828.425000
115.970000 28.378000 2825.839500
116.020000 28.849000 2837.830400
116.070000 29.320000 2830.369600
116.130000 29.790000 2838.522400
116.180000 30.261000 2852.754000
116.230000 30.732000 2825.684000
116.290000 31.203000 2819.731000
116.340000 31.673000 2842.918000
116.400000 32.144000 2839.873100
116.460000 32.615000 2836.261000
116.520000 33.085000 2833.352500
116.590000 33.556000 2837.451700
116.650000 34.027000 2837.338000
116.720000 34.498000 2851.065000
116.780000 34.968000 2851.666000
116.850000 35.439000 2863.307100
116.920000 35.910000 2853.596000
116.990000 36.381000 2842.833500
117.070000 36.851000 2817.149000
117.140000 37.322000 2799.383000
117.220000 37.793000 2815.557000
117.300000 38.264000 2820.428000
117.380000 38.734000 2818.542000
117.460000 39.205000 2824.629000
117.540000 39.676000 2851.003000
117.630000 40.147000 2842.340000
117.720000 40.617000 2847.664600
117.810000 41.088000 2859.753000
117.900000 41.559000 2803.190000
118.000000 42.030000 2804.949800
115.900000 21.788000 2895.756000
115.940000 22.259000 2871.635000
115.980000 22.729000 2858.751000
116.020000 23.200000 2806.836000
116.050000 23.671000 2811.203000
116.100000 24.141000 2829.386900
116.140000 24.612000 2823.166000
116.180000 25.083000 2810.205000
116.220000 25.554000 2808.121000
116.270000 26.024000 2808.538000
116.310000 26.495000 2813.839000
116.360000 26.966000 2812.201000
116.410000 27.437000 2823.700000
116.460000 27.907000 2836.162000
116.510000 28.378000 2829.410500
116.560000 28.849000 2849.951000
116.610000 29.320000 2838.780400
116.670000 29.790000 2835.044000
116.720000 30.261000 2864.719000
116.780000 30.732000 2844.127900
116.840000 31.203000 2833.550000
116.900000 31.673000 2835.988000
116.960000 32.144000 2837.978000
117.020000 32.615000 2852.259000
117.080000 33.085000 2831.206300
117.150000 33.556000 2843.345000
117.220000 34.027000 2843.666000
117.290000 34.498000 2839.183400
117.360000 34.968000 2846.430400
117.430000 35.439000 2853.890600
117.500000 35.910000 2854.604000
117.580000 36.381000 2846.557200
117.650000 36.851000 2826.318000
117.730000 37.322000 2800.395000
117.810000 37.793000 2797.882000
117.890000 38.264000 2848.285000
117.980000 38.734000 2895.690000
118.070000 39.205000 2836.141000
118.150000 39.676000 2854.620000
118.250000 40.147000 2857.228000
118.340000 40.617000 2851.557100
118.430000 41.088000 2848.297000
118.530000 41.559000 2813.364000
118.630000 42.030000 2838.048000
116.410000 21.788000 2896.742000
116.450000 22.259000 2862.285000
116.490000 22.729000 2851.100600
116.530000 23.200000 2834.656400
116.570000 23.671000 2812.243000
116.610000 24.141000 2809.942000
116.650000 24.612000 2819.236000
116.700000 25.083000 2816.992000
116.740000 25.554000 2815.071000
116.790000 26.024000 2815.993000
116.840000 26.495000 2818.407000
116.890000 26.966000 2820.410000
116.940000 27.437000 2825.504000
116.990000 27.907000 2830.533000
117.040000 28.378000 2830.668551
117.100000 28.849000 2845.472600
117.150000 29.320000 2837.387000
117.210000 29.790000 2832.233000
117.270000 30.261000 2838.337000
117.330000 30.732000 2851.728100
117.390000 31.203000 2846.140000
117.450000 31.673000 2825.056099
117.510000 32.144000 2836.673600
117.580000 32.615000 2846.511000
117.640000 33.085000 2820.615000
117.710000 33.556000 2833.384300
117.780000 34.027000 2836.579700
117.860000 34.498000 2847.500200
117.930000 34.968000 2855.177500
118.000000 35.439000 2856.932500
118.080000 35.910000 2847.700800
118.160000 36.381000 2841.057400
118.240000 36.851000 2831.673000
118.320000 37.322000 2786.861000
118.410000 37.793000 2772.127000
118.490000 38.264000 2841.470000
118.580000 38.734000 2853.635000
118.670000 39.205000 2846.132000
118.770000 39.676000 2836.382000
118.860000 40.147000 2845.716000
118.960000 40.617000 2837.082500
119.060000 41.088000 2855.223000
119.160000 41.559000 2856.765000
119.260000 42.030000 2842.753000
116.920000 21.788000 2938.765000
116.960000 22.259000 2901.459000
117.000000 22.729000 2883.697000
117.040000 23.200000 2862.806000
117.080000 23.671000 2814.556000
117.120000 24.141000 2816.879000
117.170000 24.612000 2818.663000
117.220000 25.083000 2807.233000
117.260000 25.554000 2814.729000
117.310000 26.024000 2812.727000
117.360000 26.495000 2820.246000
117.410000 26.966000 2821.535000
117.470000 27.437000 2808.770000
117.520000 27.907000 2805.558000
117.580000 28.378000 2835.185820
117.630000 28.849000 2824.162000
117.690000 29.320000 2818.115000
117.750000 29.790000 2845.851000
117.810000 30.261000 2842.738000
117.870000 30.732000 2853.580000
117.940000 31.203000 2837.656000
118.000000 31.673000 2844.742000
118.070000 32.144000 2847.125000
118.140000 32.615000 2841.715000
118.210000 33.085000 2835.966000
118.280000 33.556000 2834.446700
118.350000 34.027000 2839.842800
118.430000 34.498000 2856.255100
118.500000 34.968000 2872.900000
118.580000 35.439000 2867.050000
118.660000 35.910000 2846.953000
118.740000 36.381000 2850.482000
118.830000 36.851000 2831.703000
118.910000 37.322000 2792.995000
119.000000 37.793000 2764.311000
119.090000 38.264000 2824.425000
119.180000 38.734000 2830.078000
119.280000 39.205000 2798.083000
119.380000 39.676000 2824.775000
119.470000 40.147000 2814.263900
119.580000 40.617000 2839.258000
119.680000 41.088000 2859.202000
119.790000 41.559000 2854.583000
119.900000 42.030000 2826.880300
117.420000 21.788000 2978.775000
117.460000 22.259000 2942.446000
117.510000 22.729000 2892.952000
117.550000 23.200000 2858.437000
117.590000 23.671000 2824.673000
117.640000 24.141000 2837.917000
117.690000 24.612000 2818.262000
117.740000 25.083000 2820.309000
117.780000 25.554000 2822.343000
117.840000 26.024000 2820.936000
117.890000 26.495000 2847.533000
117.940000 26.966000 2845.605100
118.000000 27.437000 2839.975800
118.050000 27.907000 2814.494000
118.110000 28.378000 2843.059900
118.170000 28.849000 2839.213000
118.230000 29.320000 2843.909000
118.290000 29.790000 2858.866800
118.350000 30.261000 2833.796000
118.420000 30.732000 2853.222000
118.480000 31.203000 2830.023000
118.550000 31.673000 2832.836000
118.620000 32.144000 2839.611000
118.690000 32.615000 2829.417000
118.770000 33.085000 2821.242000
118.840000 33.556000 2821.328500
118.920000 34.027000 2831.178200
119.000000 34.498000 2840.533500
119.080000 34.968000 2845.044000
119.160000 35.439000 2850.934500
119.240000 35.910000 2866.140000
119.330000 36.381000 2856.993000
119.410000 36.851000 2853.314000
119.500000 37.322000 2839.434000
119.600000 37.793000 2786.823000
119.690000 38.264000 2757.430000
119.790000 38.734000 2813.403000
119.880000 39.205000 2858.533000
119.990000 39.676000 2919.378000
120.090000 40.147000 2847.230000
120.190000 40.617000 2825.996100
120.300000 41.088000 2845.160000
120.410000 41.559000 2843.588000
120.530000 42.030000 2837.422200
117.930000 21.788000 2964.910000
117.970000 22.259000 2918.488000
118.010000 22.729000 2918.601000
118.060000 23.200000 2881.926000
118.110000 23.671000 2890.386000
118.150000 24.141000 2848.422000
118.200000 24.612000 2845.276500
118.250000 25.083000 2828.668000
118.310000 25.554000 2817.759000
118.360000 26.024000 2827.960000
118.410000 26.495000 2816.437000
118.470000 26.966000 2821.966000
118.530000 27.437000 2825.201000
118.580000 27.907000 2816.994000
118.640000 28.378000 2836.131100
118.700000 28.849000 2857.064900
118.770000 29.320000 2850.057000
118.830000 29.790000 2840.811000
118.900000 30.261000 2829.315000
118.970000 30.732000 2854.151000
119.030000 31.203000 2828.492000
119.100000 31.673000 2836.093000
119.180000 32.144000 2836.920000
119.250000 32.615000 2825.498000
119.330000 33.085000 2792.354000
119.400000 33.556000 2825.080000
119.480000 34.027000 2826.607000
119.570000 34.498000 2835.922000
119.650000 34.968000 2870.037000
119.730000 35.439000 2848.458000
119.820000 35.910000 2840.371400
119.910000 36.381000 2869.717000
120.000000 36.851000 2855.704000
120.090000 37.322000 2834.417000
120.190000 37.793000 2837.889000
120.290000 38.264000 2852.874000
120.390000 38.734000 2885.504000
120.490000 39.205000 2879.784000
120.600000 39.676000 2853.200000
120.700000 40.147000 2863.980000
120.810000 40.617000 2880.916000
120.930000 41.088000 2843.408000
121.040000 41.559000 2858.900000
121.160000 42.030000 2845.115000
118.430000 21.788000 3005.160000
118.480000 22.259000 2929.516000
118.520000 22.729000 2928.531000
118.570000 23.200000 2888.109000
118.620000 23.671000 2866.528000
118.670000 24.141000 2885.302000
118.720000 24.612000 2864.819000
118.770000 25.083000 2830.944000
118.830000 25.554000 2821.248000
118.880000 26.024000 2826.831000
118.940000 26.495000 2815.939000
119.000000 26.966000 2820.710000
119.050000 27.437000 2829.043000
119.120000 27.907000 2823.103000
119.180000 28.378000 2825.442000
119.240000 28.849000 2834.025500
119.310000 29.320000 2867.235000
119.370000 29.790000 2840.710000
119.440000 30.261000 2847.413000
119.510000 30.732000 2834.241500
119.580000 31.203000 2834.098000
119.660000 31.673000 2833.652000
119.730000 32.144000 2827.473000
119.810000 32.615000 2797.596000
119.890000 33.085000 2793.142000
119.970000 33.556000 2807.066000
120.050000 34.027000 2823.358000
120.140000 34.498000 2843.489000
120.220000 34.968000 2844.911000
120.310000 35.439000 2854.711000
120.400000 35.910000 2844.561000
120.490000 36.381000 2877.951000
120.590000 36.851000 2874.873000
120.690000 37.322000 2848.195000
120.780000 37.793000 2837.331000
120.890000 38.264000 2849.107000
120.990000 38.734000 2875.515000
121.100000 39.205000 2856.855000
121.210000 39.676000 2841.873000
121.320000 40.147000 2810.317500
121.430000 40.617000 2863.343000
121.550000 41.088000 2853.211000
121.670000 41.559000 2844.345000
121.790000 42.030000 2866.483000
118.940000 21.788000 3021.340000
118.990000 22.259000 2965.907000
119.030000 22.729000 2926.111000
119.080000 23.200000 2910.747000
119.130000 23.671000 2847.710000
119.180000 24.141000 2834.821000
119.240000 24.612000 2849.466000
119.290000 25.083000 2826.164200
119.350000 25.554000 2845.850000
119.400000 26.024000 2846.809000
119.460000 26.495000 2853.107000
119.520000 26.966000 2841.199000
119.580000 27.437000 2831.565000
119.650000 27.907000 2827.666000
119.710000 28.378000 2829.804400
119.780000 28.849000 2832.459500
119.850000 29.320000 2855.129700
119.910000 29.790000 2857.095000
119.990000 30.261000 2850.082700
120.060000 30.732000 2827.942900
120.130000 31.203000 2829.634000
120.210000 31.673000 2835.270000
120.290000 32.144000 2821.837000
120.370000 32.615000 2770.799000
120.450000 33.085000 2779.045000
120.530000 33.556000 2795.747000
120.620000 34.027000 2834.972000
120.710000 34.498000 2871.407000
120.790000 34.968000 2867.866000
120.890000 35.439000 2885.189000
120.980000 35.910000 2902.075000
121.080000 36.381000 2850.261900
121.180000 36.851000 2858.346000
121.280000 37.322000 2852.817000
121.380000 37.793000 2838.098000
121.480000 38.264000 2888.380000
121.590000 38.734000 2896.714000
121.700000 39.205000 2895.775000
121.820000 39.676000 2857.885000
121.930000 40.147000 2913.140000
119.450000 21.788000 3023.860000
119.490000 22.259000 2973.650000
119.540000 22.729000 2923.720000
119.590000 23.200000 2897.844000
119.650000 23.671000 2858.656000
119.700000 24.141000 2865.995000
119.750000 24.612000 2864.108000
119.810000 25.083000 2842.841000
119.870000 25.554000 2847.180000
119.930000 26.024000 2858.140000
119.990000 26.495000 2865.662800
120.050000 26.966000 2859.677000
120.110000 27.437000 2818.856000
120.180000 27.907000 2836.299000
120.250000 28.378000 2834.758000
120.310000 28.849000 2843.005810
120.380000 29.320000 2854.880500
120.460000 29.790000 2851.812000
120.530000 30.261000 2852.744000
120.600000 30.732000 2847.070000
120.680000 31.203000 2835.502000
120.760000 31.673000 2818.368000
120.840000 32.144000 2832.009000
120.920000 32.615000 2800.371000
121.010000 33.085000 2807.284000
121.100000 33.556000 2850.699000
121.180000 34.027000 2850.149000
121.280000 34.498000 2864.057000
121.370000 34.968000 2877.801000
121.460000 35.439000 2895.292000
121.560000 35.910000 2901.254000
121.660000 36.381000 2920.327000
121.760000 36.851000 2876.535000
121.870000 37.322000 2845.015000
121.970000 37.793000 2923.640000
119.950000 21.788000 2961.830000
120.000000 22.259000 2919.010000
120.050000 22.729000 2833.200000
120.100000 23.200000 2805.641100
120.160000 23.671000 2859.440000
120.210000 24.141000 2838.653000
120.270000 24.612000 2850.991000
120.330000 25.083000 2869.412000
120.390000 25.554000 2859.419000
120.450000 26.024000 2875.435000
120.510000 26.495000 2849.848000
120.580000 26.966000 2831.426000
120.640000 27.437000 2867.414600
120.710000 27.907000 2851.040800
120.780000 28.378000 2834.512000
120.850000 28.849000 2848.710400
120.920000 29.320000 2843.112300
121.000000 29.790000 2830.071200
121.070000 30.261000 2846.522000
121.150000 30.732000 2849.754000
121.230000 31.203000 2850.862000
121.310000 31.673000 2847.735000
121.400000 32.144000 2820.651000
121.480000 32.615000 2842.410000
121.570000 33.085000 2855.541000
121.660000 33.556000 2872.810000
121.750000 34.027000 2862.379000
121.850000 34.498000 2885.019000
121.940000 34.968000 2905.060000
120.460000 21.788000 2894.044000
120.510000 22.259000 2861.435000
120.560000 22.729000 2824.515000
120.620000 23.200000 2839.868000
120.670000 23.671000 2780.327600
120.730000 24.141000 2789.492200
120.790000 24.612000 2852.489000
120.850000 25.083000 2822.813000
120.910000 25.554000 2855.210000
120.970000 26.024000 2840.419000
121.040000 26.495000 2872.227000
121.100000 26.966000 2879.137000
121.170000 27.437000 2887.106000
121.240000 27.907000 2872.061000
121.310000 28.378000 2848.934000
121.390000 28.849000 2844.581120
121.460000 29.320000 2856.553400
121.540000 29.790000 2857.973000
121.620000 30.261000 2873.711000
121.700000 30.732000 2897.381000
121.780000 31.203000 2874.090000
121.860000 31.673000 2854.290000
121.950000 32.144000 2889.197000
120.960000 21.788000 2929.873000
121.020000 22.259000 2941.811000
121.070000 22.729000 2931.573000
121.130000 23.200000 3020.900000
121.180000 23.671000 2867.674000
121.240000 24.141000 2854.450000
121.300000 24.612000 2831.682000
121.370000 25.083000 2783.944000
121.430000 25.554000 2843.100000
121.500000 26.024000 2876.933000
121.560000 26.495000 2902.810000
121.630000 26.966000 2897.696000
121.700000 27.437000 2909.040000
121.770000 27.907000 2911.410000
121.850000 28.378000 2868.853000
121.920000 28.849000 2894.506000
121.470000 21.788000 3070.990000
121.520000 22.259000 3069.430000
121.580000 22.729000 3161.880000
121.640000 23.200000 3059.830000
121.700000 23.671000 2860.504000
121.760000 24.141000 2868.012000
121.820000 24.612000 2917.730000
121.880000 25.083000 2968.180000
121.950000 25.554000 2999.090000
121.970000 21.788000 3079.910000
