104.770000 21.788000 2871.698600
104.770000 22.259000 2836.648000
104.770000 22.729000 2823.862000
104.770000 23.200000 2780.270000
104.770000 23.671000 2796.599000
104.770000 24.141000 2808.249000
104.770000 24.612000 2800.659000
104.770000 25.083000 2792.262000
104.770000 25.554000 2788.066000
104.770000 26.024000 2799.322000
104.760000 26.495000 2795.434000
104.760000 26.966000 2808.018600
104.760000 27.437000 2773.368000
104.760000 27.907000 2778.056000
104.760000 28.378000 2809.252000
104.760000 28.849000 2854.770000
104.760000 29.320000 2906.107000
104.760000 29.790000 2895.872000
104.760000 30.261000 2900.408000
104.760000 30.732000 2882.446000
104.750000 31.203000 2873.619000
104.750000 31.673000 2821.252000
104.750000 32.144000 2799.750000
104.750000 32.615000 2810.217000
104.750000 33.085000 2765.400000
104.750000 33.556000 2745.426000
104.750000 34.027000 2720.600000
104.740000 34.498000 2752.059000
104.740000 34.968000 2759.406000
104.740000 35.439000 2756.118000
104.740000 35.910000 2777.845000
104.740000 36.381000 2801.567000
104.740000 36.851000 2804.717000
104.740000 37.322000 2786.810000
104.730000 37.793000 2780.043000
104.730000 38.264000 2806.006000
104.730000 38.734000 2816.954000
104.730000 39.205000 2828.200700
104.730000 39.676000 2834.960400
104.720000 40.147000 2846.596400
104.720000 40.617000 2855.789000
104.720000 41.088000 2845.105000
104.720000 41.559000 2830.796000
104.720000 42.030000 2826.929000
105.280000 21.788000 2839.897000
105.280000 22.259000 2836.552000
105.280000 22.729000 2851.585200
105.280000 23.200000 2807.629000
105.280000 23.671000 2791.683000
105.280000 24.141000 2804.788000
105.290000 24.612000 2799.292000
105.290000 25.083000 2790.865000
105.290000 25.554000 2796.814000
105.290000 26.024000 2808.505600
105.290000 26.495000 2808.060700
105.290000 26.966000 2821.792000
105.290000 27.437000 2823.367500
105.290000 27.907000 2816.072900
105.290000 28.378000 2841.986000
105.300000 28.849000 2873.345000
105.300000 29.320000 2895.719000
105.300000 29.790000 2897.456000
105.300000 30.261000 2887.114000
105.300000 30.732000 2878.577000
105.300000 31.203000 2878.792000
105.300000 31.673000 2840.827000
105.310000 32.144000 2841.312000
105.310000 32.615000 2842.017000
105.310000 33.085000 2799.166000
105.310000 33.556000 2794.145000
105.310000 34.027000 2768.166000
105.310000 34.498000 2781.869000
105.320000 34.968000 2794.551000
105.320000 35.439000 2784.169000
105.320000 35.910000 2801.028000
105.320000 36.381000 2837.741000
105.320000 36.851000 2831.910000
105.330000 37.322000 2827.450000
105.330000 37.793000 2823.847000
105.330000 38.264000 2828.556000
105.330000 38.734000 2837.562000
105.330000 39.205000 2845.486700
105.340000 39.676000 2864.795000
105.340000 40.147000 2867.427000
105.340000 40.617000 2859.560000
105.340000 41.088000 2852.461000
105.350000 41.559000 2826.751000
105.350000 42.030000 2838.229000
105.790000 21.788000 2832.933000
105.790000 22.259000 2805.605000
105.790000 22.729000 2813.016000
105.790000 23.200000 2811.741000
105.800000 23.671000 2811.772000
105.800000 24.141000 2815.522000
105.800000 24.612000 2809.619000
105.810000 25.083000 2815.397000
105.810000 25.554000 2817.240000
105.810000 26.024000 2823.446700
105.810000 26.495000 2811.789300
105.820000 26.966000 2814.197400
105.820000 27.437000 2820.104200
105.830000 27.907000 2819.088000
105.830000 28.378000 2851.152000
105.830000 28.849000 2870.730000
105.840000 29.320000 2890.613000
105.840000 29.790000 2908.148000
105.840000 30.261000 2888.159000
105.850000 30.732000 2877.270000
105.850000 31.203000 2881.519000
105.860000 31.673000 2883.986000
105.860000 32.144000 2871.437000
105.870000 32.615000 2872.954000
105.870000 33.085000 2836.180000
105.870000 33.556000 2830.183000
105.880000 34.027000 2828.040000
105.880000 34.498000 2789.308000
105.890000 34.968000 2818.007000
105.890000 35.439000 2844.581000
105.900000 35.910000 2839.880000
105.910000 36.381000 2849.175000
105.910000 36.851000 2852.529000
105.920000 37.322000 2837.105000
105.920000 37.793000 2839.467000
105.930000 38.264000 2842.704300
105.930000 38.734000 2892.561000
105.940000 39.205000 2858.379000
105.950000 39.676000 2810.299000
105.950000 40.147000 2836.410100
105.960000 40.617000 2835.145300
105.970000 41.088000 2828.568000
105.970000 41.559000 2836.802000
105.980000 42.030000 2820.388000
106.290000 21.788000 2838.740000
106.300000 22.259000 2833.177000
106.300000 22.729000 2819.786000
106.300000 23.200000 2794.422000
106.310000 23.671000 2809.579000
106.310000 24.141000 2812.138000
106.320000 24.612000 2811.318000
106.320000 25.083000 2804.972000
106.330000 25.554000 2809.470000
106.330000 26.024000 2826.077000
106.340000 26.495000 2809.685800
106.350000 26.966000 2833.488500
106.350000 27.437000 2833.816600
106.360000 27.907000 2819.233000
106.360000 28.378000 2847.494800
106.370000 28.849000 2861.300000
106.380000 29.320000 2868.815000
106.380000 29.790000 2879.645000
106.390000 30.261000 2878.923000
106.390000 30.732000 2869.682000
106.400000 31.203000 2886.984000
106.410000 31.673000 2895.940700
106.420000 32.144000 2884.563000
106.420000 32.615000 2902.005000
106.430000 33.085000 2875.605000
106.440000 33.556000 2848.162000
106.450000 34.027000 2820.099000
106.450000 34.498000 2840.402000
106.460000 34.968000 2865.486400
106.470000 35.439000 2890.984800
106.480000 35.910000 2886.298800
106.490000 36.381000 2881.948100
106.500000 36.851000 2875.320000
106.510000 37.322000 2852.784950
106.520000 37.793000 2815.280000
106.530000 38.264000 2806.892000
106.540000 38.734000 2842.286000
106.550000 39.205000 2878.678800
106.560000 39.676000 2858.052500
106.570000 40.147000 2797.029000
106.580000 40.617000 2764.687000
106.590000 41.088000 2835.677000
106.600000 41.559000 2846.913400
106.610000 42.030000 2841.836200
106.800000 21.788000 2841.376000
106.800000 22.259000 2845.148000
106.810000 22.729000 2817.498000
106.820000 23.200000 2801.758000
106.820000 23.671000 2820.381000
106.830000 24.141000 2819.957000
106.840000 24.612000 2800.937000
106.840000 25.083000 2808.342000
106.850000 25.554000 2822.720000
106.860000 26.024000 2828.834000
106.860000 26.495000 2829.659900
106.870000 26.966000 2852.127000
106.880000 27.437000 2861.343000
106.890000 27.907000 2836.618000
106.900000 28.378000 2838.337000
106.910000 28.849000 2841.080800
106.910000 29.320000 2839.169000
106.920000 29.790000 2865.946000
106.930000 30.261000 2880.069100
106.940000 30.732000 2869.886800
106.950000 31.203000 2867.636000
106.960000 31.673000 2881.211200
106.970000 32.144000 2887.946100
106.980000 32.615000 2896.962300
106.990000 33.085000 2896.215700
107.000000 33.556000 2839.328000
107.010000 34.027000 2821.875000
107.020000 34.498000 2822.013000
107.040000 34.968000 2867.074000
107.050000 35.439000 2874.574000
107.060000 35.910000 2887.375000
107.070000 36.381000 2881.921000
107.090000 36.851000 2850.789000
107.100000 37.322000 2841.585000
107.110000 37.793000 2837.138000
107.130000 38.264000 2835.356000
107.140000 38.734000 2862.050000
107.150000 39.205000 2898.096680
107.170000 39.676000 2839.590000
107.180000 40.147000 2806.642700
107.200000 40.617000 2762.842900
107.210000 41.088000 2747.535000
107.230000 41.559000 2811.127300
107.250000 42.030000 2835.007800
107.300000 21.788000 2832.135000
107.310000 22.259000 2832.492000
107.320000 22.729000 2819.225000
107.330000 23.200000 2811.953000
107.330000 23.671000 2819.454000
107.340000 24.141000 2807.930000
107.350000 24.612000 2803.041000
107.360000 25.083000 2821.568000
107.370000 25.554000 2809.295000
107.380000 26.024000 2811.892000
107.390000 26.495000 2815.814400
107.400000 26.966000 2832.917000
107.410000 27.437000 2847.834000
107.420000 27.907000 2825.701000
107.430000 28.378000 2827.508000
107.440000 28.849000 2828.207400
107.450000 29.320000 2833.783700
107.460000 29.790000 2841.859000
107.480000 30.261000 2851.999000
107.490000 30.732000 2864.494000
107.500000 31.203000 2859.836300
107.510000 31.673000 2851.988900
107.530000 32.144000 2871.704800
107.540000 32.615000 2892.154200
107.550000 33.085000 2893.130800
107.570000 33.556000 2829.441000
107.580000 34.027000 2825.839100
107.590000 34.498000 2825.489000
107.610000 34.968000 2855.160000
107.620000 35.439000 2882.470000
107.640000 35.910000 2880.307000
107.660000 36.381000 2866.564000
107.670000 36.851000 2866.668000
107.690000 37.322000 2852.297000
107.710000 37.793000 2851.550000
107.720000 38.264000 2858.306000
107.740000 38.734000 2859.983000
107.760000 39.205000 2834.811000
107.780000 39.676000 2822.026000
107.800000 40.147000 2833.797400
107.820000 40.617000 2797.837000
107.840000 41.088000 2767.670000
107.860000 41.559000 2835.975000
107.880000 42.030000 2839.401000
107.810000 21.788000 2825.237000
107.820000 22.259000 2832.532000
107.830000 22.729000 2827.149000
107.840000 23.200000 2808.383000
107.850000 23.671000 2811.564000
107.860000 24.141000 2812.949000
107.870000 24.612000 2828.761000
107.880000 25.083000 2808.506000
107.890000 25.554000 2815.952000
107.900000 26.024000 2819.522000
107.910000 26.495000 2829.958300
107.930000 26.966000 2844.757000
107.940000 27.437000 2849.675000
107.950000 27.907000 2851.712000
107.960000 28.378000 2850.495000
107.980000 28.849000 2829.585600
107.990000 29.320000 2823.634850
108.010000 29.790000 2834.711800
108.020000 30.261000 2842.434400
108.030000 30.732000 2851.088000
108.050000 31.203000 2847.629900
108.060000 31.673000 2846.049000
108.080000 32.144000 2862.194000
108.100000 32.615000 2880.318000
108.110000 33.085000 2868.487000
108.130000 33.556000 2828.358000
108.150000 34.027000 2795.774000
108.160000 34.498000 2811.680000
108.180000 34.968000 2837.087000
108.200000 35.439000 2874.347000
108.220000 35.910000 2879.774000
108.240000 36.381000 2874.831400
108.260000 36.851000 2868.082000
108.280000 37.322000 2853.838000
108.300000 37.793000 2859.770000
108.320000 38.264000 2864.965000
108.340000 38.734000 2868.256000
108.370000 39.205000 2858.145000
108.390000 39.676000 2859.102000
108.410000 40.147000 2853.838000
108.440000 40.617000 2830.208000
108.460000 41.088000 2790.870080
108.490000 41.559000 2876.945000
108.510000 42.030000 2864.012000
108.310000 21.788000 2849.796800
108.330000 22.259000 2819.552000
108.340000 22.729000 2826.136000
108.350000 23.200000 2819.074000
108.360000 23.671000 2803.041000
108.370000 24.141000 2831.805000
108.390000 24.612000 2825.345000
108.400000 25.083000 2815.959000
108.410000 25.554000 2820.925000
108.430000 26.024000 2818.612000
108.440000 26.495000 2836.726000
108.450000 26.966000 2848.626600
108.470000 27.437000 2856.110000
108.480000 27.907000 2853.196300
108.500000 28.378000 2856.423400
108.510000 28.849000 2827.319000
108.530000 29.320000 2825.910800
108.550000 29.790000 2847.404000
108.560000 30.261000 2855.255000
108.580000 30.732000 2848.877700
108.600000 31.203000 2865.613000
108.620000 31.673000 2851.029000
108.640000 32.144000 2855.248000
108.650000 32.615000 2863.398000
108.670000 33.085000 2852.844800
108.690000 33.556000 2829.893000
108.710000 34.027000 2810.820000
108.730000 34.498000 2799.380000
108.760000 34.968000 2844.529000
108.780000 35.439000 2840.576000
108.800000 35.910000 2870.495000
108.820000 36.381000 2873.811000
108.850000 36.851000 2881.514100
108.870000 37.322000 2858.035000
108.900000 37.793000 2863.642000
108.920000 38.264000 2876.267000
108.950000 38.734000 2879.506000
108.970000 39.205000 2869.066000
109.000000 39.676000 2875.722600
109.030000 40.147000 2862.862000
109.050000 40.617000 2858.979000
109.080000 41.088000 2851.403000
109.110000 41.559000 2869.966700
109.140000 42.030000 2861.916000
108.820000 21.788000 2860.624025
108.830000 22.259000 2841.716000
108.850000 22.729000 2843.554000
108.860000 23.200000 2819.753000
108.870000 23.671000 2834.085000
108.890000 24.141000 2827.887000
108.900000 24.612000 2847.254000
108.920000 25.083000 2813.606000
108.930000 25.554000 2827.700000
108.950000 26.024000 2837.266000
108.960000 26.495000 2869.048100
108.980000 26.966000 2871.649000
109.000000 27.437000 2869.509000
109.010000 27.907000 2863.142100
109.030000 28.378000 2843.985000
109.050000 28.849000 2852.687300
109.070000 29.320000 2829.859900
109.090000 29.790000 2837.364600
109.110000 30.261000 2887.124000
109.130000 30.732000 2876.772000
109.150000 31.203000 2872.770000
109.170000 31.673000 2851.562000
109.190000 32.144000 2842.898000
109.210000 32.615000 2839.565000
109.230000 33.085000 2847.030100
109.260000 33.556000 2837.183000
109.280000 34.027000 2832.250000
109.300000 34.498000 2800.308000
109.330000 34.968000 2834.181000
109.350000 35.439000 2847.253000
109.380000 35.910000 2862.196000
109.410000 36.381000 2876.048000
109.430000 36.851000 2861.352000
109.460000 37.322000 2855.856000
109.490000 37.793000 2870.374000
109.520000 38.264000 2874.347000
109.550000 38.734000 2873.963000
109.580000 39.205000 2884.423000
109.610000 39.676000 2877.109900
109.640000 40.147000 2866.843000
109.670000 40.617000 2861.485000
109.710000 41.088000 2876.444000
109.740000 41.559000 2875.173400
109.780000 42.030000 2869.962000
109.330000 21.788000 2859.241000
109.340000 22.259000 2830.970000
109.360000 22.729000 2834.371000
109.370000 23.200000 2827.212000
109.390000 23.671000 2840.161000
109.400000 24.141000 2834.779000
109.420000 24.612000 2828.624000
109.440000 25.083000 2815.294000
109.450000 25.554000 2817.786000
109.470000 26.024000 2838.086000
109.490000 26.495000 2852.234000
109.510000 26.966000 2877.345900
109.530000 27.437000 2919.438000
109.550000 27.907000 2907.578000
109.570000 28.378000 2891.899000
109.590000 28.849000 2883.640000
109.610000 29.320000 2850.624900
109.630000 29.790000 2837.053100
109.650000 30.261000 2848.887000
109.670000 30.732000 2872.315000
109.700000 31.203000 2885.164000
109.720000 31.673000 2876.460000
109.740000 32.144000 2847.627000
109.770000 32.615000 2842.947000
109.800000 33.085000 2848.396000
109.820000 33.556000 2837.173000
109.850000 34.027000 2832.085000
109.870000 34.498000 2817.730200
109.900000 34.968000 2817.934000
109.930000 35.439000 2856.904000
109.960000 35.910000 2855.597000
109.990000 36.381000 2875.548000
110.020000 36.851000 2867.434000
110.050000 37.322000 2850.039000
110.080000 37.793000 2860.116000
110.120000 38.264000 2877.127000
110.150000 38.734000 2884.966000
110.180000 39.205000 2889.210000
110.220000 39.676000 2890.765200
110.260000 40.147000 2888.322000
110.290000 40.617000 2849.714300
110.330000 41.088000 2893.305000
110.370000 41.559000 2855.946000
110.410000 42.030000 2848.579000
109.830000 21.788000 2850.215000
109.850000 22.259000 2829.175000
109.870000 22.729000 2829.369000
109.880000 23.200000 2836.698000
109.900000 23.671000 2837.230000
109.920000 24.141000 2842.208000
109.940000 24.612000 2833.304000
109.950000 25.083000 2811.512000
109.970000 25.554000 2812.708000
109.990000 26.024000 2824.476000
110.010000 26.495000 2841.083000
110.030000 26.966000 2861.752800
110.060000 27.437000 2892.326000
110.080000 27.907000 2902.835000
110.100000 28.378000 2900.958500
110.120000 28.849000 2899.759000
110.150000 29.320000 2877.503000
110.170000 29.790000 2859.883000
110.200000 30.261000 2841.347900
110.220000 30.732000 2874.628000
110.250000 31.203000 2879.465600
110.270000 31.673000 2865.230000
110.300000 32.144000 2861.628000
110.330000 32.615000 2855.966000
110.360000 33.085000 2854.410000
110.380000 33.556000 2823.630000
110.410000 34.027000 2824.951000
110.440000 34.498000 2829.601500
110.480000 34.968000 2816.804000
110.510000 35.439000 2839.443000
110.540000 35.910000 2853.795000
110.570000 36.381000 2854.623000
110.610000 36.851000 2858.668000
110.640000 37.322000 2853.067000
110.680000 37.793000 2852.874000
110.720000 38.264000 2873.960000
110.750000 38.734000 2874.005000
110.790000 39.205000 2899.068000
110.830000 39.676000 2889.984000
110.870000 40.147000 2904.379000
110.910000 40.617000 2842.565700
110.950000 41.088000 2891.030000
111.000000 41.559000 2860.209300
111.040000 42.030000 2838.974200
110.340000 21.788000 2844.708000
110.360000 22.259000 2813.390000
110.370000 22.729000 2828.627000
110.390000 23.200000 2831.720000
110.410000 23.671000 2834.157000
110.430000 24.141000 2824.955000
110.450000 24.612000 2827.095000
110.470000 25.083000 2820.763000
110.490000 25.554000 2821.488000
110.520000 26.024000 2820.987000
110.540000 26.495000 2832.190400
110.560000 26.966000 2848.213200
110.590000 27.437000 2848.163600
110.610000 27.907000 2881.256000
110.630000 28.378000 2897.924000
110.660000 28.849000 2900.273000
110.690000 29.320000 2909.910000
110.710000 29.790000 2856.593700
110.740000 30.261000 2849.812000
110.770000 30.732000 2864.004000
110.800000 31.203000 2841.967000
110.820000 31.673000 2854.416000
110.850000 32.144000 2840.769000
110.890000 32.615000 2843.937130
110.920000 33.085000 2841.252000
110.950000 33.556000 2818.107000
110.980000 34.027000 2827.673000
111.010000 34.498000 2839.768790
111.050000 34.968000 2820.928200
111.080000 35.439000 2853.343500
111.120000 35.910000 2847.660000
111.160000 36.381000 2868.562000
111.190000 36.851000 2862.324000
111.230000 37.322000 2880.538800
111.270000 37.793000 2874.392700
111.310000 38.264000 2877.607000
111.350000 38.734000 2900.253400
111.400000 39.205000 2899.061000
111.440000 39.676000 2900.462000
111.490000 40.147000 2902.708600
111.530000 40.617000 2845.142000
111.580000 41.088000 2879.106000
111.620000 41.559000 2857.633600
111.670000 42.030000 2838.337270
110.840000 21.788000 2875.527900
110.860000 22.259000 2826.611000
110.880000 22.729000 2826.252000
110.900000 23.200000 2838.917000
110.930000 23.671000 2842.244000
110.950000 24.141000 2830.089000
110.970000 24.612000 2825.037000
110.990000 25.083000 2816.978000
111.020000 25.554000 2821.457000
111.040000 26.024000 2818.218000
111.060000 26.495000 2830.606000
111.090000 26.966000 2854.665000
111.110000 27.437000 2833.921300
111.140000 27.907000 2856.873000
111.170000 28.378000 2871.817000
111.200000 28.849000 2899.294000
111.220000 29.320000 2892.261000
111.250000 29.790000 2865.660000
111.280000 30.261000 2857.144000
111.310000 30.732000 2870.496000
111.340000 31.203000 2860.185000
111.380000 31.673000 2849.476000
111.410000 32.144000 2839.689700
111.440000 32.615000 2831.645800
111.480000 33.085000 2843.830900
111.510000 33.556000 2821.700000
111.550000 34.027000 2823.806000
111.580000 34.498000 2843.565600
111.620000 34.968000 2862.204000
111.660000 35.439000 2862.588000
111.700000 35.910000 2849.689000
111.740000 36.381000 2854.538000
111.780000 36.851000 2883.415400
111.820000 37.322000 2864.330000
111.870000 37.793000 2874.384500
111.910000 38.264000 2860.409000
111.960000 38.734000 2877.497900
112.000000 39.205000 2891.227650
112.050000 39.676000 2897.791800
112.100000 40.147000 2884.663300
112.150000 40.617000 2853.481000
112.200000 41.088000 2857.584100
112.250000 41.559000 2833.120900
112.310000 42.030000 2822.001600
111.350000 21.788000 2838.758000
111.370000 22.259000 2811.367000
111.390000 22.729000 2831.848000
111.420000 23.200000 2845.998000
111.440000 23.671000 2847.887000
111.460000 24.141000 2825.269000
111.490000 24.612000 2814.418000
111.510000 25.083000 2823.676000
111.540000 25.554000 2832.381000
111.560000 26.024000 2829.948000
111.590000 26.495000 2860.295500
111.620000 26.966000 2850.598100
111.640000 27.437000 2842.996400
111.670000 27.907000 2852.307670
111.700000 28.378000 2856.609000
111.730000 28.849000 2868.135000
111.760000 29.320000 2873.145700
111.790000 29.790000 2862.256700
111.830000 30.261000 2848.574000
111.860000 30.732000 2870.837800
111.890000 31.203000 2861.365000
111.930000 31.673000 2841.655000
111.960000 32.144000 2830.192000
112.000000 32.615000 2865.603000
112.040000 33.085000 2857.947500
112.080000 33.556000 2798.193000
112.110000 34.027000 2815.548000
112.150000 34.498000 2850.928000
112.200000 34.968000 2864.958000
112.240000 35.439000 2866.437800
112.280000 35.910000 2876.904800
112.320000 36.381000 2877.485600
112.370000 36.851000 2876.906700
112.420000 37.322000 2855.137000
112.460000 37.793000 2865.006000
112.510000 38.264000 2875.020900
112.560000 38.734000 2871.819100
112.610000 39.205000 2876.147600
112.660000 39.676000 2887.474000
112.710000 40.147000 2877.097000
112.770000 40.617000 2850.863100
112.820000 41.088000 2859.312000
112.880000 41.559000 2856.683000
112.940000 42.030000 2828.961000
111.860000 21.788000 2853.579100
111.880000 22.259000 2825.466000
111.900000 22.729000 2829.747000
111.930000 23.200000 2840.074000
111.950000 23.671000 2840.476000
111.980000 24.141000 2829.694000
112.000000 24.612000 2821.189000
112.030000 25.083000 2813.277000
112.060000 25.554000 2825.736000
112.080000 26.024000 2830.026000
112.110000 26.495000 2845.121000
112.140000 26.966000 2849.689200
112.170000 27.437000 2850.763700
112.200000 27.907000 2846.938000
112.240000 28.378000 2852.415300
112.270000 28.849000 2873.412900
112.300000 29.320000 2870.719000
112.340000 29.790000 2839.510000
112.370000 30.261000 2864.254100
112.410000 30.732000 2875.721000
112.440000 31.203000 2855.411000
112.480000 31.673000 2845.773000
112.520000 32.144000 2846.603900
112.560000 32.615000 2843.565800
112.600000 33.085000 2860.166300
112.640000 33.556000 2834.578000
112.680000 34.027000 2845.539500
112.720000 34.498000 2858.696900
112.770000 34.968000 2850.524500
112.810000 35.439000 2871.029000
112.860000 35.910000 2875.324000
112.910000 36.381000 2879.751000
112.960000 36.851000 2875.377500
113.010000 37.322000 2877.841000
113.060000 37.793000 2873.499900
113.110000 38.264000 2891.321000
113.160000 38.734000 2887.095000
113.220000 39.205000 2864.430000
113.270000 39.676000 2858.979000
113.330000 40.147000 2865.327000
113.390000 40.617000 2855.907000
113.450000 41.088000 2848.435000
113.510000 41.559000 2853.922000
113.570000 42.030000 2810.490700
112.360000 21.788000 2859.496300
112.390000 22.259000 2824.343000
112.410000 22.729000 2831.879000
112.440000 23.200000 2839.073000
112.460000 23.671000 2822.040000
112.490000 24.141000 2813.529000
112.520000 24.612000 2827.592000
112.550000 25.083000 2821.051000
112.580000 25.554000 2825.858000
112.610000 26.024000 2824.852000
112.640000 26.495000 2859.510000
112.670000 26.966000 2859.296100
112.700000 27.437000 2858.085000
112.740000 27.907000 2858.350000
112.770000 28.378000 2857.901000
112.800000 28.849000 2869.755000
112.840000 29.320000 2868.205000
112.880000 29.790000 2877.988000
112.910000 30.261000 2869.633700
112.950000 30.732000 2868.291000
112.990000 31.203000 2855.802400
113.030000 31.673000 2851.223000
113.070000 32.144000 2819.011000
113.120000 32.615000 2835.246000
113.160000 33.085000 2852.203000
113.200000 33.556000 2852.842000
113.250000 34.027000 2875.085300
113.290000 34.498000 2865.474000
113.340000 34.968000 2862.128300
113.390000 35.439000 2861.909000
113.440000 35.910000 2870.584000
113.490000 36.381000 2886.463000
113.540000 36.851000 2889.325500
113.600000 37.322000 2897.255990
113.650000 37.793000 2876.945000
113.710000 38.264000 2871.535800
113.760000 38.734000 2857.852010
113.820000 39.205000 2854.804700
113.880000 39.676000 2873.717000
113.940000 40.147000 2868.550000
114.010000 40.617000 2846.683000
114.070000 41.088000 2843.388000
114.140000 41.559000 2838.106900
114.200000 42.030000 2833.210900
112.870000 21.788000 2849.822600
112.890000 22.259000 2829.815000
112.920000 22.729000 2854.300000
112.950000 23.200000 2851.703000
112.980000 23.671000 2836.598000
113.010000 24.141000 2823.784000
113.040000 24.612000 2794.321000
113.070000 25.083000 2816.877000
113.100000 25.554000 2816.951000
113.130000 26.024000 2827.019000
113.160000 26.495000 2850.041000
113.200000 26.966000 2852.645000
113.230000 27.437000 2837.703000
113.270000 27.907000 2848.710000
113.300000 28.378000 2851.290000
113.340000 28.849000 2869.888000
113.380000 29.320000 2862.423000
113.420000 29.790000 2883.688300
113.460000 30.261000 2868.640000
113.500000 30.732000 2863.218000
113.540000 31.203000 2887.500000
113.580000 31.673000 2871.867000
113.630000 32.144000 2840.263000
113.670000 32.615000 2850.914000
113.720000 33.085000 2846.579000
113.770000 33.556000 2841.532000
113.820000 34.027000 2848.091900
113.860000 34.498000 2858.603800
113.920000 34.968000 2841.553700
113.970000 35.439000 2872.420600
114.020000 35.910000 2895.217000
114.070000 36.381000 2863.420000
114.130000 36.851000 2869.475000
114.190000 37.322000 2868.781000
114.250000 37.793000 2867.505820
114.310000 38.264000 2889.863000
114.370000 38.734000 2863.970600
114.430000 39.205000 2850.202300
114.490000 39.676000 2848.111100
114.560000 40.147000 2835.130300
114.620000 40.617000 2853.487000
114.690000 41.088000 2844.304000
114.760000 41.559000 2845.655000
114.840000 42.030000 2828.645000
113.370000 21.788000 2869.361000
113.400000 22.259000 2828.076000
113.430000 22.729000 2844.671000
113.460000 23.200000 2839.124000
113.490000 23.671000 2825.527000
113.520000 24.141000 2827.220000
113.550000 24.612000 2840.139000
113.590000 25.083000 2831.429000
113.620000 25.554000 2799.307000
113.650000 26.024000 2803.132000
113.690000 26.495000 2832.928000
113.720000 26.966000 2832.972000
113.760000 27.437000 2839.713000
113.800000 27.907000 2845.958000
113.840000 28.378000 2852.155000
113.880000 28.849000 2848.900000
113.920000 29.320000 2851.297000
113.960000 29.790000 2876.282000
114.000000 30.261000 2872.830000
114.050000 30.732000 2888.270000
114.090000 31.203000 2877.803900
114.140000 31.673000 2846.052000
114.180000 32.144000 2862.712000
114.230000 32.615000 2850.430400
114.280000 33.085000 2849.473300
114.330000 33.556000 2830.859700
114.380000 34.027000 2869.905000
114.440000 34.498000 2872.484700
114.490000 34.968000 2856.184000
114.540000 35.439000 2859.860000
114.600000 35.910000 2886.403000
114.660000 36.381000 2846.059000
114.720000 36.851000 2870.353000
114.780000 37.322000 2855.483000
114.840000 37.793000 2846.687000
114.900000 38.264000 2857.856000
114.970000 38.734000 2875.105000
115.030000 39.205000 2840.569330
115.100000 39.676000 2853.806000
115.170000 40.147000 2860.959000
115.240000 40.617000 2865.127000
115.320000 41.088000 2828.398200
115.390000 41.559000 2843.490000
115.470000 42.030000 2796.868000
113.880000 21.788000 2944.874000
113.910000 22.259000 2888.467000
113.940000 22.729000 2837.802000
113.970000 23.200000 2845.085000
114.000000 23.671000 2824.687000
114.040000 24.141000 2835.828000
114.070000 24.612000 2809.220000
114.100000 25.083000 2822.759000
114.140000 25.554000 2795.136000
114.180000 26.024000 2794.178000
114.210000 26.495000 2817.675000
114.250000 26.966000 2850.087000
114.290000 27.437000 2819.326000
114.330000 27.907000 2834.019000
114.370000 28.378000 2826.621000
114.410000 28.849000 2842.985000
114.460000 29.320000 2852.576800
114.500000 29.790000 2860.774000
114.550000 30.261000 2871.735000
114.590000 30.732000 2881.446500
114.640000 31.203000 2871.060000
114.690000 31.673000 2841.030000
114.740000 32.144000 2877.003000
114.790000 32.615000 2855.476900
114.840000 33.085000 2839.548200
114.890000 33.556000 2849.081000
114.950000 34.027000 2874.845400
115.010000 34.498000 2869.248500
115.060000 34.968000 2858.383000
115.120000 35.439000 2862.177622
115.180000 35.910000 2879.180400
115.240000 36.381000 2860.287000
115.300000 36.851000 2867.687000
115.370000 37.322000 2850.983000
115.430000 37.793000 2855.442000
115.500000 38.264000 2858.710000
115.570000 38.734000 2845.253000
115.640000 39.205000 2888.047000
115.710000 39.676000 2892.136000
115.790000 40.147000 2884.030000
115.860000 40.617000 2853.119000
115.940000 41.088000 2837.365000
116.020000 41.559000 2817.118100
116.100000 42.030000 2800.389000
114.390000 21.788000 2973.453000
114.420000 22.259000 2936.213400
114.450000 22.729000 2836.484000
114.480000 23.200000 2840.116000
114.520000 23.671000 2850.486000
114.550000 24.141000 2834.231000
114.590000 24.612000 2829.101000
114.620000 25.083000 2825.522000
114.660000 25.554000 2831.473000
114.700000 26.024000 2831.985000
114.740000 26.495000 2856.283400
114.780000 26.966000 2862.651900
114.820000 27.437000 2845.398000
114.860000 27.907000 2855.415000
114.910000 28.378000 2845.066000
114.950000 28.849000 2817.600000
115.000000 29.320000 2856.879000
115.040000 29.790000 2865.382700
115.090000 30.261000 2875.356500
115.140000 30.732000 2854.397000
115.190000 31.203000 2861.423900
115.240000 31.673000 2864.954600
115.290000 32.144000 2864.196700
115.350000 32.615000 2854.216000
115.400000 33.085000 2842.628100
115.460000 33.556000 2868.920000
115.520000 34.027000 2867.040400
115.580000 34.498000 2889.510000
115.640000 34.968000 2890.139000
115.700000 35.439000 2900.260000
115.760000 35.910000 2899.812000
115.830000 36.381000 2880.479000
115.890000 36.851000 2863.826000
115.960000 37.322000 2884.563000
116.030000 37.793000 2862.670000
116.100000 38.264000 2848.860000
116.170000 38.734000 2855.416000
116.250000 39.205000 2871.009000
116.320000 39.676000 2907.262000
116.400000 40.147000 2867.953000
116.480000 40.617000 2852.646000
116.560000 41.088000 2834.721300
116.650000 41.559000 2809.941000
116.730000 42.030000 2810.995000
114.890000 21.788000 2965.679500
114.920000 22.259000 2950.261000
114.960000 22.729000 2885.775000
114.990000 23.200000 2841.303000
115.030000 23.671000 2843.664000
115.070000 24.141000 2834.181000
115.100000 24.612000 2827.669000
115.140000 25.083000 2817.095000
115.180000 25.554000 2828.704000
115.220000 26.024000 2838.552000
115.260000 26.495000 2834.828000
115.310000 26.966000 2848.842000
115.350000 27.437000 2851.089000
115.390000 27.907000 2858.998000
115.440000 28.378000 2859.224000
115.490000 28.849000 2862.381000
115.530000 29.320000 2858.114000
115.580000 29.790000 2870.935900
115.630000 30.261000 2860.617000
115.690000 30.732000 2844.907000
115.740000 31.203000 2855.634600
115.790000 31.673000 2874.332000
115.850000 32.144000 2868.189200
115.900000 32.615000 2879.585000
115.960000 33.085000 2868.480600
116.020000 33.556000 2887.713700
116.080000 34.027000 2887.181900
116.150000 34.498000 2894.196000
116.210000 34.968000 2911.625000
116.270000 35.439000 2912.207800
116.340000 35.910000 2927.494000
116.410000 36.381000 2915.733000
116.480000 36.851000 2889.864000
116.550000 37.322000 2872.547000
116.620000 37.793000 2857.126000
116.700000 38.264000 2876.417000
116.780000 38.734000 2892.015000
116.850000 39.205000 2876.021000
116.930000 39.676000 2888.322000
117.020000 40.147000 2875.427000
117.100000 40.617000 2863.619000
117.190000 41.088000 2864.923000
117.280000 41.559000 2819.845000
117.370000 42.030000 2803.785000
115.400000 21.788000 3005.294900
115.430000 22.259000 2981.569000
115.470000 22.729000 2912.603000
115.500000 23.200000 2840.260000
115.540000 23.671000 2849.418000
115.580000 24.141000 2849.291000
115.620000 24.612000 2825.483000
115.660000 25.083000 2825.710000
115.700000 25.554000 2832.543000
115.740000 26.024000 2834.927000
115.790000 26.495000 2825.171000
115.830000 26.966000 2814.633000
115.880000 27.437000 2843.570000
115.930000 27.907000 2854.606000
115.970000 28.378000 2849.958800
116.020000 28.849000 2863.906000
116.070000 29.320000 2864.197800
116.130000 29.790000 2871.858700
116.180000 30.261000 2884.755000
116.230000 30.732000 2851.186000
116.290000 31.203000 2841.893200
116.340000 31.673000 2862.718000
116.400000 32.144000 2869.730900
116.460000 32.615000 2864.839400
116.520000 33.085000 2867.140300
116.590000 33.556000 2863.855100
116.650000 34.027000 2872.186600
116.720000 34.498000 2887.762000
116.780000 34.968000 2892.710000
116.850000 35.439000 2901.381300
116.920000 35.910000 2899.733000
116.990000 36.381000 2897.240200
117.070000 36.851000 2870.560000
117.140000 37.322000 2862.708000
117.220000 37.793000 2896.791000
117.300000 38.264000 2881.551000
117.380000 38.734000 2885.289000
117.460000 39.205000 2892.130000
117.540000 39.676000 2905.581000
117.630000 40.147000 2876.501000
117.720000 40.617000 2864.505000
117.810000 41.088000 2876.750000
117.900000 41.559000 2821.102000
118.000000 42.030000 2816.706280
115.900000 21.788000 2982.061000
115.940000 22.259000 2957.588200
115.980000 22.729000 2901.580000
116.020000 23.200000 2843.217000
116.050000 23.671000 2849.798000
116.100000 24.141000 2850.762000
116.140000 24.612000 2845.331000
116.180000 25.083000 2829.042000
116.220000 25.554000 2828.249000
116.270000 26.024000 2834.065000
116.310000 26.495000 2837.464000
116.360000 26.966000 2830.878000
116.410000 27.437000 2845.445000
116.460000 27.907000 2864.447300
116.510000 28.378000 2853.219100
116.560000 28.849000 2882.006000
116.610000 29.320000 2863.326300
116.670000 29.790000 2867.262400
116.720000 30.261000 2894.334000
116.780000 30.732000 2870.619700
116.840000 31.203000 2855.013900
116.900000 31.673000 2867.776000
116.960000 32.144000 2874.554000
117.020000 32.615000 2878.301000
117.080000 33.085000 2857.265000
117.150000 33.556000 2866.580000
117.220000 34.027000 2872.540000
117.290000 34.498000 2867.379900
117.360000 34.968000 2872.454750
117.430000 35.439000 2884.550600
117.500000 35.910000 2890.769800
117.580000 36.381000 2887.517500
117.650000 36.851000 2873.814000
117.730000 37.322000 2864.469000
117.810000 37.793000 2863.895000
117.890000 38.264000 2917.008000
117.980000 38.734000 2962.891000
118.070000 39.205000 2890.639000
118.150000 39.676000 2918.152000
118.250000 40.147000 2907.514000
118.340000 40.617000 2880.754700
118.430000 41.088000 2869.766200
118.530000 41.559000 2832.214000
118.630000 42.030000 2854.037000
116.410000 21.788000 2988.613000
116.450000 22.259000 2940.464000
116.490000 22.729000 2902.832100
116.530000 23.200000 2879.589000
116.570000 23.671000 2850.071000
116.610000 24.141000 2834.321000
116.650000 24.612000 2839.343000
116.700000 25.083000 2838.508000
116.740000 25.554000 2835.551000
116.790000 26.024000 2840.613000
116.840000 26.495000 2842.693000
116.890000 26.966000 2842.170800
116.940000 27.437000 2847.638000
116.990000 27.907000 2856.000000
117.040000 28.378000 2853.015010
117.100000 28.849000 2870.552400
117.150000 29.320000 2861.218000
117.210000 29.790000 2852.114000
117.270000 30.261000 2861.163000
117.330000 30.732000 2878.980300
117.390000 31.203000 2881.414000
117.450000 31.673000 2864.228700
117.510000 32.144000 2874.199100
117.580000 32.615000 2881.048000
117.640000 33.085000 2851.792600
117.710000 33.556000 2866.173000
117.780000 34.027000 2868.377000
117.860000 34.498000 2877.643000
117.930000 34.968000 2879.685860
118.000000 35.439000 2889.198100
118.080000 35.910000 2888.853900
118.160000 36.381000 2896.628790
118.240000 36.851000 2878.077000
118.320000 37.322000 2841.569000
118.410000 37.793000 2834.082000
118.490000 38.264000 2931.376000
118.580000 38.734000 2958.430000
118.670000 39.205000 2940.893000
118.770000 39.676000 2900.886000
118.860000 40.147000 2899.637000
118.960000 40.617000 2874.522000
119.060000 41.088000 2880.032000
119.160000 41.559000 2885.142000
119.260000 42.030000 2874.568000
116.920000 21.788000 2993.446000
116.960000 22.259000 2963.879000
117.000000 22.729000 2936.539000
117.040000 23.200000 2905.370000
117.080000 23.671000 2845.574000
117.120000 24.141000 2845.644000
117.170000 24.612000 2839.265000
117.220000 25.083000 2829.528000
117.260000 25.554000 2839.818000
117.310000 26.024000 2835.265000
117.360000 26.495000 2837.596000
117.410000 26.966000 2838.991000
117.470000 27.437000 2828.361000
117.520000 27.907000 2829.809000
117.580000 28.378000 2855.974840
117.630000 28.849000 2848.693000
117.690000 29.320000 2840.639000
117.750000 29.790000 2863.971000
117.810000 30.261000 2861.556000
117.870000 30.732000 2878.157000
117.940000 31.203000 2878.849000
118.000000 31.673000 2884.837000
118.070000 32.144000 2884.154000
118.140000 32.615000 2879.617000
118.210000 33.085000 2878.202000
118.280000 33.556000 2870.461000
118.350000 34.027000 2869.585600
118.430000 34.498000 2886.419100
118.500000 34.968000 2903.548000
118.580000 35.439000 2898.608000
118.660000 35.910000 2872.654100
118.740000 36.381000 2889.998000
118.830000 36.851000 2885.770000
118.910000 37.322000 2863.185000
119.000000 37.793000 2822.105000
119.090000 38.264000 2919.738000
119.180000 38.734000 2940.008000
119.280000 39.205000 2869.903000
119.380000 39.676000 2896.304000
119.470000 40.147000 2876.434600
119.580000 40.617000 2892.381000
119.680000 41.088000 2892.864000
119.790000 41.559000 2883.910000
119.900000 42.030000 2855.546600
117.420000 21.788000 3018.280000
117.460000 22.259000 2989.852000
117.510000 22.729000 2946.464000
117.550000 23.200000 2888.067000
117.590000 23.671000 2842.292000
117.640000 24.141000 2866.836000
117.690000 24.612000 2842.431000
117.740000 25.083000 2845.091000
117.780000 25.554000 2844.208000
117.840000 26.024000 2839.460000
117.890000 26.495000 2863.909100
117.940000 26.966000 2860.163200
118.000000 27.437000 2854.404100
118.050000 27.907000 2830.666000
118.110000 28.378000 2864.310300
118.170000 28.849000 2858.843000
118.230000 29.320000 2866.360000
118.290000 29.790000 2877.359300
118.350000 30.261000 2848.699000
118.420000 30.732000 2880.131000
118.480000 31.203000 2868.597000
118.550000 31.673000 2871.993000
118.620000 32.144000 2876.851000
118.690000 32.615000 2880.331000
118.770000 33.085000 2867.044000
118.840000 33.556000 2855.970000
118.920000 34.027000 2866.376200
119.000000 34.498000 2874.931800
119.080000 34.968000 2874.837000
119.160000 35.439000 2874.460000
119.240000 35.910000 2905.176000
119.330000 36.381000 2894.945000
119.410000 36.851000 2900.572000
119.500000 37.322000 2886.610000
119.600000 37.793000 2829.559000
119.690000 38.264000 2820.013000
119.790000 38.734000 2897.217000
119.880000 39.205000 2970.979000
119.990000 39.676000 3046.343000
120.090000 40.147000 2930.292000
120.190000 40.617000 2890.839400
120.300000 41.088000 2887.004000
120.410000 41.559000 2876.350000
120.530000 42.030000 2867.425000
117.930000 21.788000 3039.480000
117.970000 22.259000 2996.387000
118.010000 22.729000 2979.070000
118.060000 23.200000 2925.090000
118.110000 23.671000 2922.382000
118.150000 24.141000 2881.446000
118.200000 24.612000 2876.330000
118.250000 25.083000 2853.453000
118.310000 25.554000 2838.820000
118.360000 26.024000 2844.592000
118.410000 26.495000 2834.816000
118.470000 26.966000 2842.708000
118.530000 27.437000 2840.290000
118.580000 27.907000 2833.743000
118.640000 28.378000 2856.255900
118.700000 28.849000 2878.077600
118.770000 29.320000 2869.942000
118.830000 29.790000 2859.893000
118.900000 30.261000 2847.421000
118.970000 30.732000 2881.973000
119.030000 31.203000 2863.801000
119.100000 31.673000 2875.321000
119.180000 32.144000 2879.764000
119.250000 32.615000 2883.011000
119.330000 33.085000 2847.687000
119.400000 33.556000 2872.947000
119.480000 34.027000 2868.446000
119.570000 34.498000 2877.926000
119.650000 34.968000 2897.078000
119.730000 35.439000 2876.466000
119.820000 35.910000 2867.981000
119.910000 36.381000 2891.561000
120.000000 36.851000 2881.088000
120.090000 37.322000 2877.387000
120.190000 37.793000 2898.205000
120.290000 38.264000 2931.747000
120.390000 38.734000 2976.300000
120.490000 39.205000 2999.573000
120.600000 39.676000 3000.841000
120.700000 40.147000 2993.298000
120.810000 40.617000 2977.530000
120.930000 41.088000 2897.778000
121.040000 41.559000 2888.802000
121.160000 42.030000 2872.888000
118.430000 21.788000 3116.670000
118.480000 22.259000 3037.041000
118.520000 22.729000 3002.040000
118.570000 23.200000 2948.575000
118.620000 23.671000 2929.636000
118.670000 24.141000 2951.950000
118.720000 24.612000 2914.623000
118.770000 25.083000 2865.902000
118.830000 25.554000 2848.118000
118.880000 26.024000 2853.871000
118.940000 26.495000 2840.169000
119.000000 26.966000 2850.412000
119.050000 27.437000 2851.758000
119.120000 27.907000 2840.787000
119.180000 28.378000 2844.151000
119.240000 28.849000 2855.826900
119.310000 29.320000 2889.739000
119.370000 29.790000 2858.733000
119.440000 30.261000 2863.273900
119.510000 30.732000 2857.451300
119.580000 31.203000 2863.135000
119.660000 31.673000 2867.321000
119.730000 32.144000 2874.314000
119.810000 32.615000 2860.563000
119.890000 33.085000 2865.301000
119.970000 33.556000 2862.083000
120.050000 34.027000 2869.842000
120.140000 34.498000 2887.704000
120.220000 34.968000 2876.896000
120.310000 35.439000 2879.972000
120.400000 35.910000 2875.655000
120.490000 36.381000 2901.688000
120.590000 36.851000 2902.185000
120.690000 37.322000 2877.722000
120.780000 37.793000 2885.549000
120.890000 38.264000 2925.912000
120.990000 38.734000 2967.850000
121.100000 39.205000 2962.130000
121.210000 39.676000 2949.177000
121.320000 40.147000 2938.494000
121.430000 40.617000 2931.774000
121.550000 41.088000 2897.577000
121.670000 41.559000 2880.743000
121.790000 42.030000 2892.987000
118.940000 21.788000 3078.830000
118.990000 22.259000 3033.740000
119.030000 22.729000 2976.221000
119.080000 23.200000 2973.760000
119.130000 23.671000 2927.772000
119.180000 24.141000 2926.643000
119.240000 24.612000 2928.065000
119.290000 25.083000 2866.281850
119.350000 25.554000 2873.911000
119.400000 26.024000 2876.818000
119.460000 26.495000 2877.687000
119.520000 26.966000 2871.128000
119.580000 27.437000 2848.020000
119.650000 27.907000 2856.109000
119.710000 28.378000 2852.585800
119.780000 28.849000 2856.829000
119.850000 29.320000 2879.741100
119.910000 29.790000 2878.309000
119.990000 30.261000 2875.934500
120.060000 30.732000 2858.107400
120.130000 31.203000 2866.348000
120.210000 31.673000 2880.038000
120.290000 32.144000 2873.703000
120.370000 32.615000 2842.417000
120.450000 33.085000 2845.745000
120.530000 33.556000 2849.982000
120.620000 34.027000 2886.255000
120.710000 34.498000 2913.799000
120.790000 34.968000 2907.020000
120.890000 35.439000 2926.276000
120.980000 35.910000 2941.082000
121.080000 36.381000 2884.243000
121.180000 36.851000 2891.764000
121.280000 37.322000 2883.681000
121.380000 37.793000 2888.689000
121.480000 38.264000 2932.335000
121.590000 38.734000 2940.008000
121.700000 39.205000 2949.913000
121.820000 39.676000 2934.325000
121.930000 40.147000 2963.380000
119.450000 21.788000 3092.100000
119.490000 22.259000 3051.740000
119.540000 22.729000 2980.020000
119.590000 23.200000 2965.850000
119.650000 23.671000 2952.503000
119.700000 24.141000 2980.066000
119.750000 24.612000 2960.452000
119.810000 25.083000 2892.165000
119.870000 25.554000 2886.198000
119.930000 26.024000 2900.077000
119.990000 26.495000 2895.694000
120.050000 26.966000 2894.234000
120.110000 27.437000 2849.265000
120.180000 27.907000 2856.840000
120.250000 28.378000 2854.720000
120.310000 28.849000 2865.399200
120.380000 29.320000 2876.939000
120.460000 29.790000 2879.821000
120.530000 30.261000 2890.243000
120.600000 30.732000 2894.706000
120.680000 31.203000 2881.616000
120.760000 31.673000 2857.158000
120.840000 32.144000 2887.454000
120.920000 32.615000 2871.092000
121.010000 33.085000 2880.696000
121.100000 33.556000 2891.475000
121.180000 34.027000 2892.845000
121.280000 34.498000 2913.526000
121.370000 34.968000 2925.146000
121.460000 35.439000 2932.740000
121.560000 35.910000 2943.239000
121.660000 36.381000 2959.590000
121.760000 36.851000 2911.450000
121.870000 37.322000 2879.200000
121.970000 37.793000 2951.270000
119.950000 21.788000 3032.640000
120.000000 22.259000 2985.790000
120.050000 22.729000 2890.473000
120.100000 23.200000 2872.274000
120.160000 23.671000 2943.358000
120.210000 24.141000 2944.197000
120.270000 24.612000 2957.650000
120.330000 25.083000 2973.127000
120.390000 25.554000 2957.243000
120.450000 26.024000 2975.510000
120.510000 26.495000 2923.651000
120.580000 26.966000 2864.781000
120.640000 27.437000 2901.524200
120.710000 27.907000 2878.864630
120.780000 28.378000 2859.915000
120.850000 28.849000 2872.269430
120.920000 29.320000 2868.393510
121.000000 29.790000 2863.310250
121.070000 30.261000 2882.195000
121.150000 30.732000 2887.532000
121.230000 31.203000 2885.932000
121.310000 31.673000 2895.018000
121.400000 32.144000 2879.023000
121.480000 32.615000 2906.576000
121.570000 33.085000 2923.227000
121.660000 33.556000 2920.320000
121.750000 34.027000 2914.330000
121.850000 34.498000 2933.290000
121.940000 34.968000 2950.470000
120.460000 21.788000 2947.600000
120.510000 22.259000 2909.364000
120.560000 22.729000 2888.462000
120.620000 23.200000 2905.640000
120.670000 23.671000 2848.264800
120.730000 24.141000 2884.153000
120.790000 24.612000 2957.332000
120.850000 25.083000 2923.535000
120.910000 25.554000 2927.802000
120.970000 26.024000 2899.799000
121.040000 26.495000 2920.506000
121.100000 26.966000 2913.036000
121.170000 27.437000 2920.619000
121.240000 27.907000 2905.412000
121.310000 28.378000 2887.723000
121.390000 28.849000 2884.133100
121.460000 29.320000 2888.896300
121.540000 29.790000 2891.266000
121.620000 30.261000 2908.606000
121.700000 30.732000 2929.520000
121.780000 31.203000 2911.135000
121.860000 31.673000 2897.380000
121.950000 32.144000 2937.518000
120.960000 21.788000 3034.407000
121.020000 22.259000 3055.350000
121.070000 22.729000 3088.240000
121.130000 23.200000 3122.600000
121.180000 23.671000 2990.505000
121.240000 24.141000 2927.546000
121.300000 24.612000 2918.802000
121.370000 25.083000 2858.609000
121.430000 25.554000 2903.673000
121.500000 26.024000 2941.821000
121.560000 26.495000 2962.610000
121.630000 26.966000 2956.840000
121.700000 27.437000 2973.720000
121.770000 27.907000 2960.210000
121.850000 28.378000 2907.952000
121.920000 28.849000 2927.891000
121.470000 21.788000 3222.080000
121.520000 22.259000 3272.130000
121.580000 22.729000 3258.249000
121.640000 23.200000 3273.160000
121.700000 23.671000 3003.527000
121.760000 24.141000 2927.164000
121.820000 24.612000 2979.950000
121.880000 25.083000 3030.430000
121.950000 25.554000 3085.330000
121.970000 21.788000 3296.900000
