104.770000 21.788000 2901.206800
104.770000 22.259000 2867.621000
104.770000 22.729000 2851.973000
104.770000 23.200000 2802.085000
104.770000 23.671000 2802.143000
104.770000 24.141000 2818.847000
104.770000 24.612000 2815.014000
104.770000 25.083000 2813.280000
104.770000 25.554000 2802.974000
104.770000 26.024000 2816.727000
104.760000 26.495000 2807.046000
104.760000 26.966000 2810.411210
104.760000 27.437000 2784.748000
104.760000 27.907000 2800.207000
104.760000 28.378000 2834.953000
104.760000 28.849000 2888.001000
104.760000 29.320000 2931.243000
104.760000 29.790000 2916.550000
104.760000 30.261000 2928.563000
104.760000 30.732000 2917.312000
104.750000 31.203000 2900.427000
104.750000 31.673000 2850.636000
104.750000 32.144000 2815.340000
104.750000 32.615000 2823.200000
104.750000 33.085000 2772.950000
104.750000 33.556000 2737.093000
104.750000 34.027000 2720.500000
104.740000 34.498000 2747.322000
104.740000 34.968000 2763.909000
104.740000 35.439000 2756.684000
104.740000 35.910000 2783.246000
104.740000 36.381000 2807.512000
104.740000 36.851000 2811.946000
104.740000 37.322000 2801.011000
104.730000 37.793000 2786.847000
104.730000 38.264000 2817.122000
104.730000 38.734000 2832.162000
104.730000 39.205000 2841.213000
104.730000 39.676000 2848.628900
104.720000 40.147000 2858.650000
104.720000 40.617000 2875.277000
104.720000 41.088000 2868.998000
104.720000 41.559000 2853.513000
104.720000 42.030000 2846.842000
105.280000 21.788000 2874.480000
105.280000 22.259000 2868.350000
105.280000 22.729000 2875.374400
105.280000 23.200000 2827.444000
105.280000 23.671000 2808.135000
105.280000 24.141000 2818.286000
105.290000 24.612000 2817.863000
105.290000 25.083000 2806.338000
105.290000 25.554000 2813.132000
105.290000 26.024000 2829.653000
105.290000 26.495000 2815.941300
105.290000 26.966000 2828.158300
105.290000 27.437000 2829.819000
105.290000 27.907000 2826.349000
105.290000 28.378000 2864.420000
105.300000 28.849000 2901.436000
105.300000 29.320000 2922.127000
105.300000 29.790000 2920.685000
105.300000 30.261000 2913.530000
105.300000 30.732000 2904.247000
105.300000 31.203000 2903.291000
105.300000 31.673000 2865.328000
105.310000 32.144000 2854.603000
105.310000 32.615000 2849.353000
105.310000 33.085000 2793.054000
105.310000 33.556000 2771.804000
105.310000 34.027000 2739.640000
105.310000 34.498000 2761.831000
105.320000 34.968000 2788.326000
105.320000 35.439000 2778.764000
105.320000 35.910000 2797.095000
105.320000 36.381000 2838.482000
105.320000 36.851000 2835.580000
105.330000 37.322000 2825.185000
105.330000 37.793000 2830.653000
105.330000 38.264000 2845.866000
105.330000 38.734000 2850.165000
105.330000 39.205000 2854.221800
105.340000 39.676000 2871.127000
105.340000 40.147000 2872.703100
105.340000 40.617000 2872.805000
105.340000 41.088000 2863.999000
105.350000 41.559000 2838.677000
105.350000 42.030000 2852.999000
105.790000 21.788000 2868.642000
105.790000 22.259000 2839.196000
105.790000 22.729000 2839.433000
105.790000 23.200000 2831.670000
105.800000 23.671000 2831.152000
105.800000 24.141000 2836.640000
105.800000 24.612000 2826.195000
105.810000 25.083000 2828.132000
105.810000 25.554000 2837.350000
105.810000 26.024000 2846.495000
105.810000 26.495000 2822.715500
105.820000 26.966000 2817.594300
105.820000 27.437000 2817.805000
105.830000 27.907000 2835.122000
105.830000 28.378000 2877.771000
105.830000 28.849000 2906.782000
105.840000 29.320000 2915.187000
105.840000 29.790000 2930.314000
105.840000 30.261000 2909.739000
105.850000 30.732000 2898.469000
105.850000 31.203000 2903.698000
105.860000 31.673000 2909.025000
105.860000 32.144000 2886.704000
105.870000 32.615000 2877.640000
105.870000 33.085000 2833.532000
105.870000 33.556000 2829.443000
105.880000 34.027000 2818.325000
105.880000 34.498000 2788.043000
105.890000 34.968000 2818.720000
105.890000 35.439000 2846.637000
105.900000 35.910000 2850.640000
105.910000 36.381000 2861.469000
105.910000 36.851000 2864.968000
105.920000 37.322000 2845.708000
105.920000 37.793000 2851.310000
105.930000 38.264000 2858.862000
105.930000 38.734000 2909.368000
105.940000 39.205000 2863.767800
105.950000 39.676000 2824.328000
105.950000 40.147000 2845.573200
105.960000 40.617000 2852.911000
105.970000 41.088000 2847.384000
105.970000 41.559000 2850.583000
105.980000 42.030000 2840.910000
106.290000 21.788000 2874.124000
106.300000 22.259000 2870.449000
106.300000 22.729000 2848.435000
106.300000 23.200000 2829.915000
106.310000 23.671000 2833.078000
106.310000 24.141000 2832.299000
106.320000 24.612000 2826.055000
106.320000 25.083000 2824.464000
106.330000 25.554000 2829.729000
106.330000 26.024000 2843.931000
106.340000 26.495000 2820.103200
106.350000 26.966000 2840.349480
106.350000 27.437000 2836.029000
106.360000 27.907000 2832.487000
106.360000 28.378000 2868.892000
106.370000 28.849000 2894.513000
106.380000 29.320000 2894.846000
106.380000 29.790000 2907.034000
106.390000 30.261000 2901.517000
106.390000 30.732000 2899.586000
106.400000 31.203000 2925.331000
106.410000 31.673000 2924.935000
106.420000 32.144000 2898.176000
106.420000 32.615000 2905.958000
106.430000 33.085000 2875.606000
106.440000 33.556000 2839.010000
106.450000 34.027000 2821.549000
106.450000 34.498000 2839.655000
106.460000 34.968000 2872.285700
106.470000 35.439000 2905.878200
106.480000 35.910000 2899.872000
106.490000 36.381000 2902.532000
106.500000 36.851000 2884.871000
106.510000 37.322000 2862.587700
106.520000 37.793000 2831.591000
106.530000 38.264000 2846.143000
106.540000 38.734000 2889.853000
106.550000 39.205000 2907.728000
106.560000 39.676000 2872.180000
106.570000 40.147000 2819.999000
106.580000 40.617000 2789.778000
106.590000 41.088000 2855.708000
106.600000 41.559000 2867.951000
106.610000 42.030000 2877.561300
106.800000 21.788000 2878.228000
106.800000 22.259000 2880.523000
106.810000 22.729000 2850.674000
106.820000 23.200000 2836.007000
106.820000 23.671000 2848.361000
106.830000 24.141000 2841.273000
106.840000 24.612000 2816.950000
106.840000 25.083000 2826.974000
106.850000 25.554000 2839.769000
106.860000 26.024000 2847.170000
106.860000 26.495000 2843.382000
106.870000 26.966000 2866.932000
106.880000 27.437000 2873.832000
106.890000 27.907000 2848.387400
106.900000 28.378000 2856.561000
106.910000 28.849000 2861.056790
106.910000 29.320000 2864.469000
106.920000 29.790000 2895.597000
106.930000 30.261000 2909.510000
106.940000 30.732000 2902.936000
106.950000 31.203000 2902.268000
106.960000 31.673000 2919.403700
106.970000 32.144000 2914.147100
106.980000 32.615000 2899.575000
106.990000 33.085000 2898.396000
107.000000 33.556000 2837.387000
107.010000 34.027000 2825.794000
107.020000 34.498000 2832.066000
107.040000 34.968000 2880.800000
107.050000 35.439000 2906.447000
107.060000 35.910000 2908.501000
107.070000 36.381000 2907.780000
107.090000 36.851000 2872.763000
107.100000 37.322000 2859.963000
107.110000 37.793000 2856.129000
107.130000 38.264000 2857.856000
107.140000 38.734000 2879.187000
107.150000 39.205000 2911.754700
107.170000 39.676000 2854.596000
107.180000 40.147000 2829.839330
107.200000 40.617000 2799.183900
107.210000 41.088000 2789.065000
107.230000 41.559000 2833.725000
107.250000 42.030000 2868.087800
107.300000 21.788000 2861.215000
107.310000 22.259000 2868.359000
107.320000 22.729000 2857.287000
107.330000 23.200000 2845.867000
107.330000 23.671000 2844.922000
107.340000 24.141000 2826.783000
107.350000 24.612000 2820.908000
107.360000 25.083000 2838.726000
107.370000 25.554000 2832.316000
107.380000 26.024000 2831.636000
107.390000 26.495000 2828.189883
107.400000 26.966000 2843.913000
107.410000 27.437000 2859.989000
107.420000 27.907000 2837.370000
107.430000 28.378000 2836.524200
107.440000 28.849000 2837.182600
107.450000 29.320000 2852.856400
107.460000 29.790000 2875.456100
107.480000 30.261000 2894.054900
107.490000 30.732000 2910.423500
107.500000 31.203000 2905.898590
107.510000 31.673000 2890.173300
107.530000 32.144000 2892.733000
107.540000 32.615000 2897.313600
107.550000 33.085000 2894.837000
107.570000 33.556000 2827.089000
107.580000 34.027000 2832.332000
107.590000 34.498000 2840.046000
107.610000 34.968000 2872.489000
107.620000 35.439000 2901.826000
107.640000 35.910000 2897.683000
107.660000 36.381000 2886.080000
107.670000 36.851000 2882.807000
107.690000 37.322000 2866.957000
107.710000 37.793000 2865.397000
107.720000 38.264000 2881.974000
107.740000 38.734000 2879.798000
107.760000 39.205000 2854.291000
107.780000 39.676000 2840.436000
107.800000 40.147000 2859.976750
107.820000 40.617000 2833.986000
107.840000 41.088000 2805.593100
107.860000 41.559000 2873.611000
107.880000 42.030000 2881.154000
107.810000 21.788000 2867.338000
107.820000 22.259000 2869.105000
107.830000 22.729000 2863.220000
107.840000 23.200000 2851.560000
107.850000 23.671000 2841.468000
107.860000 24.141000 2838.707000
107.870000 24.612000 2853.035000
107.880000 25.083000 2834.730000
107.890000 25.554000 2843.560000
107.900000 26.024000 2838.342000
107.910000 26.495000 2849.376200
107.930000 26.966000 2856.031000
107.940000 27.437000 2865.049000
107.950000 27.907000 2861.416000
107.960000 28.378000 2860.465000
107.980000 28.849000 2843.375100
107.990000 29.320000 2838.063000
108.010000 29.790000 2856.631500
108.020000 30.261000 2882.806800
108.030000 30.732000 2900.206300
108.050000 31.203000 2888.635100
108.060000 31.673000 2871.336000
108.080000 32.144000 2877.082000
108.100000 32.615000 2889.433300
108.110000 33.085000 2873.173000
108.130000 33.556000 2833.081000
108.150000 34.027000 2816.977000
108.160000 34.498000 2832.133000
108.180000 34.968000 2851.179000
108.200000 35.439000 2889.868000
108.220000 35.910000 2903.221000
108.240000 36.381000 2892.196000
108.260000 36.851000 2883.257000
108.280000 37.322000 2867.780000
108.300000 37.793000 2872.832000
108.320000 38.264000 2882.523000
108.340000 38.734000 2882.172000
108.370000 39.205000 2880.563000
108.390000 39.676000 2888.396000
108.410000 40.147000 2882.873700
108.440000 40.617000 2858.202000
108.460000 41.088000 2832.990100
108.490000 41.559000 2908.033000
108.510000 42.030000 2896.833000
108.310000 21.788000 2882.431500
108.330000 22.259000 2857.095000
108.340000 22.729000 2875.110000
108.350000 23.200000 2858.274000
108.360000 23.671000 2828.365000
108.370000 24.141000 2856.558000
108.390000 24.612000 2858.876000
108.400000 25.083000 2846.365000
108.410000 25.554000 2845.831000
108.430000 26.024000 2835.427000
108.440000 26.495000 2851.787000
108.450000 26.966000 2859.548500
108.470000 27.437000 2873.583000
108.480000 27.907000 2868.739300
108.500000 28.378000 2866.997300
108.510000 28.849000 2838.758200
108.530000 29.320000 2834.928100
108.550000 29.790000 2859.212000
108.560000 30.261000 2884.070000
108.580000 30.732000 2885.252700
108.600000 31.203000 2896.728000
108.620000 31.673000 2877.675000
108.640000 32.144000 2871.853000
108.650000 32.615000 2875.344000
108.670000 33.085000 2862.656400
108.690000 33.556000 2841.031000
108.710000 34.027000 2846.648000
108.730000 34.498000 2835.473000
108.760000 34.968000 2855.926000
108.780000 35.439000 2853.282000
108.800000 35.910000 2885.300000
108.820000 36.381000 2887.006000
108.850000 36.851000 2894.023100
108.870000 37.322000 2880.399000
108.900000 37.793000 2881.979000
108.920000 38.264000 2888.721000
108.950000 38.734000 2896.014000
108.970000 39.205000 2887.714000
109.000000 39.676000 2898.170880
109.030000 40.147000 2884.551000
109.050000 40.617000 2882.275000
109.080000 41.088000 2875.624000
109.110000 41.559000 2899.538600
109.140000 42.030000 2893.106000
108.820000 21.788000 2905.700570
108.830000 22.259000 2885.346000
108.850000 22.729000 2886.922000
108.860000 23.200000 2858.846000
108.870000 23.671000 2856.729000
108.890000 24.141000 2855.761000
108.900000 24.612000 2873.541000
108.920000 25.083000 2837.333000
108.930000 25.554000 2844.107000
108.950000 26.024000 2856.258000
108.960000 26.495000 2877.743200
108.980000 26.966000 2879.403000
109.000000 27.437000 2876.366500
109.010000 27.907000 2878.680700
109.030000 28.378000 2859.410000
109.050000 28.849000 2866.051200
109.070000 29.320000 2842.094800
109.090000 29.790000 2847.675390
109.110000 30.261000 2899.982000
109.130000 30.732000 2904.626000
109.150000 31.203000 2905.038000
109.170000 31.673000 2872.009000
109.190000 32.144000 2867.177000
109.210000 32.615000 2856.329000
109.230000 33.085000 2862.724100
109.260000 33.556000 2853.727000
109.280000 34.027000 2861.853000
109.300000 34.498000 2837.767000
109.330000 34.968000 2854.470000
109.350000 35.439000 2854.066000
109.380000 35.910000 2877.147000
109.410000 36.381000 2887.716000
109.430000 36.851000 2871.151000
109.460000 37.322000 2873.985000
109.490000 37.793000 2892.546000
109.520000 38.264000 2888.074000
109.550000 38.734000 2889.499000
109.580000 39.205000 2901.183600
109.610000 39.676000 2895.829900
109.640000 40.147000 2884.302000
109.670000 40.617000 2886.196000
109.710000 41.088000 2892.714000
109.740000 41.559000 2893.708000
109.780000 42.030000 2887.630000
109.330000 21.788000 2899.402000
109.340000 22.259000 2875.559000
109.360000 22.729000 2872.061000
109.370000 23.200000 2863.056000
109.390000 23.671000 2873.710000
109.400000 24.141000 2879.974000
109.420000 24.612000 2862.213000
109.440000 25.083000 2839.416000
109.450000 25.554000 2845.040000
109.470000 26.024000 2854.494000
109.490000 26.495000 2866.334000
109.510000 26.966000 2889.887000
109.530000 27.437000 2929.744000
109.550000 27.907000 2915.159000
109.570000 28.378000 2905.547000
109.590000 28.849000 2892.781300
109.610000 29.320000 2866.823600
109.630000 29.790000 2848.597500
109.650000 30.261000 2864.649000
109.670000 30.732000 2892.674000
109.700000 31.203000 2907.833000
109.720000 31.673000 2891.639000
109.740000 32.144000 2867.447000
109.770000 32.615000 2857.412000
109.800000 33.085000 2859.891000
109.820000 33.556000 2848.617000
109.850000 34.027000 2855.382000
109.870000 34.498000 2856.764600
109.900000 34.968000 2853.393000
109.930000 35.439000 2873.289000
109.960000 35.910000 2871.247000
109.990000 36.381000 2895.352000
110.020000 36.851000 2879.956000
110.050000 37.322000 2867.108000
110.080000 37.793000 2877.613000
110.120000 38.264000 2895.561000
110.150000 38.734000 2904.574000
110.180000 39.205000 2904.544000
110.220000 39.676000 2908.088800
110.260000 40.147000 2910.478000
110.290000 40.617000 2870.881050
110.330000 41.088000 2905.038000
110.370000 41.559000 2870.794000
110.410000 42.030000 2860.741000
109.830000 21.788000 2883.434000
109.850000 22.259000 2861.234000
109.870000 22.729000 2866.642000
109.880000 23.200000 2873.454000
109.900000 23.671000 2869.649000
109.920000 24.141000 2883.221000
109.940000 24.612000 2870.979000
109.950000 25.083000 2842.617000
109.970000 25.554000 2838.462000
109.990000 26.024000 2848.326000
110.010000 26.495000 2858.983000
110.030000 26.966000 2879.283600
110.060000 27.437000 2905.213000
110.080000 27.907000 2916.887000
110.100000 28.378000 2916.823700
110.120000 28.849000 2915.269000
110.150000 29.320000 2890.388500
110.170000 29.790000 2870.738800
110.200000 30.261000 2856.889400
110.220000 30.732000 2890.262000
110.250000 31.203000 2890.787200
110.270000 31.673000 2876.532100
110.300000 32.144000 2872.775000
110.330000 32.615000 2870.536000
110.360000 33.085000 2864.415600
110.380000 33.556000 2837.770000
110.410000 34.027000 2845.342000
110.440000 34.498000 2863.584000
110.480000 34.968000 2857.621000
110.510000 35.439000 2858.315000
110.540000 35.910000 2869.193000
110.570000 36.381000 2864.728000
110.610000 36.851000 2873.719000
110.640000 37.322000 2866.581000
110.680000 37.793000 2871.139000
110.720000 38.264000 2897.760000
110.750000 38.734000 2889.799000
110.790000 39.205000 2915.108000
110.830000 39.676000 2915.749000
110.870000 40.147000 2923.079000
110.910000 40.617000 2869.227500
110.950000 41.088000 2904.054000
111.000000 41.559000 2872.174000
111.040000 42.030000 2849.482500
110.340000 21.788000 2884.063000
110.360000 22.259000 2850.671000
110.370000 22.729000 2865.904000
110.390000 23.200000 2868.204000
110.410000 23.671000 2877.566000
110.430000 24.141000 2863.485000
110.450000 24.612000 2863.151000
110.470000 25.083000 2856.418000
110.490000 25.554000 2846.888000
110.520000 26.024000 2844.195000
110.540000 26.495000 2855.533000
110.560000 26.966000 2866.659400
110.590000 27.437000 2866.604500
110.610000 27.907000 2895.845000
110.630000 28.378000 2911.866000
110.660000 28.849000 2913.897000
110.690000 29.320000 2923.103000
110.710000 29.790000 2870.778800
110.740000 30.261000 2864.952000
110.770000 30.732000 2881.492000
110.800000 31.203000 2851.934000
110.820000 31.673000 2869.781000
110.850000 32.144000 2854.449000
110.890000 32.615000 2862.165900
110.920000 33.085000 2854.527100
110.950000 33.556000 2832.938000
110.980000 34.027000 2845.103000
111.010000 34.498000 2861.847200
111.050000 34.968000 2853.760700
111.080000 35.439000 2880.414100
111.120000 35.910000 2865.726000
111.160000 36.381000 2876.742000
111.190000 36.851000 2877.983000
111.230000 37.322000 2893.453100
111.270000 37.793000 2888.019400
111.310000 38.264000 2894.630000
111.350000 38.734000 2918.182000
111.400000 39.205000 2912.718000
111.440000 39.676000 2912.521000
111.490000 40.147000 2913.623700
111.530000 40.617000 2859.539600
111.580000 41.088000 2896.817000
111.620000 41.559000 2866.596800
111.670000 42.030000 2846.295500
110.840000 21.788000 2919.110100
110.860000 22.259000 2870.761000
110.880000 22.729000 2865.953000
110.900000 23.200000 2884.067000
110.930000 23.671000 2883.991000
110.950000 24.141000 2870.605000
110.970000 24.612000 2853.715000
110.990000 25.083000 2845.205000
111.020000 25.554000 2853.982000
111.040000 26.024000 2850.032000
111.060000 26.495000 2858.996000
111.090000 26.966000 2879.328000
111.110000 27.437000 2854.143100
111.140000 27.907000 2882.300000
111.170000 28.378000 2891.094000
111.200000 28.849000 2905.896000
111.220000 29.320000 2910.534000
111.250000 29.790000 2889.239000
111.280000 30.261000 2886.263000
111.310000 30.732000 2897.909000
111.340000 31.203000 2877.430000
111.380000 31.673000 2866.660000
111.410000 32.144000 2859.346300
111.440000 32.615000 2854.160181
111.480000 33.085000 2860.609900
111.510000 33.556000 2836.401000
111.550000 34.027000 2841.745000
111.580000 34.498000 2858.849100
111.620000 34.968000 2880.063000
111.660000 35.439000 2885.899000
111.700000 35.910000 2865.225000
111.740000 36.381000 2874.075000
111.780000 36.851000 2899.585800
111.820000 37.322000 2884.266000
111.870000 37.793000 2898.270930
111.910000 38.264000 2881.656000
111.960000 38.734000 2893.086300
112.000000 39.205000 2902.371090
112.050000 39.676000 2904.411500
112.100000 40.147000 2891.933100
112.150000 40.617000 2862.940000
112.200000 41.088000 2868.834600
112.250000 41.559000 2843.566300
112.310000 42.030000 2835.248800
111.350000 21.788000 2874.255000
111.370000 22.259000 2845.713000
111.390000 22.729000 2872.544000
111.420000 23.200000 2885.058000
111.440000 23.671000 2896.037000
111.460000 24.141000 2860.308000
111.490000 24.612000 2846.173000
111.510000 25.083000 2843.548000
111.540000 25.554000 2854.328000
111.560000 26.024000 2859.122000
111.590000 26.495000 2894.648600
111.620000 26.966000 2875.138700
111.640000 27.437000 2875.285000
111.670000 27.907000 2886.709820
111.700000 28.378000 2879.058000
111.730000 28.849000 2888.000000
111.760000 29.320000 2907.836800
111.790000 29.790000 2900.486200
111.830000 30.261000 2893.948700
111.860000 30.732000 2915.188800
111.890000 31.203000 2890.707000
111.930000 31.673000 2867.194000
111.960000 32.144000 2860.211000
112.000000 32.615000 2896.484000
112.040000 33.085000 2879.407100
112.080000 33.556000 2820.285000
112.110000 34.027000 2844.558000
112.150000 34.498000 2884.147600
112.200000 34.968000 2892.351000
112.240000 35.439000 2883.833900
112.280000 35.910000 2891.321500
112.320000 36.381000 2891.656900
112.370000 36.851000 2889.214000
112.420000 37.322000 2890.316300
112.460000 37.793000 2899.688000
112.510000 38.264000 2899.019800
112.560000 38.734000 2886.602500
112.610000 39.205000 2889.406200
112.660000 39.676000 2893.165000
112.710000 40.147000 2888.104000
112.770000 40.617000 2860.819000
112.820000 41.088000 2871.589000
112.880000 41.559000 2867.900000
112.940000 42.030000 2837.957300
111.860000 21.788000 2892.284000
111.880000 22.259000 2865.270000
111.900000 22.729000 2868.648000
111.930000 23.200000 2878.805000
111.950000 23.671000 2880.158000
111.980000 24.141000 2865.383000
112.000000 24.612000 2854.514000
112.030000 25.083000 2841.079000
112.060000 25.554000 2851.154000
112.080000 26.024000 2867.420000
112.110000 26.495000 2884.931500
112.140000 26.966000 2888.861000
112.170000 27.437000 2886.945200
112.200000 27.907000 2889.055000
112.240000 28.378000 2883.890900
112.270000 28.849000 2910.573000
112.300000 29.320000 2907.904000
112.340000 29.790000 2885.967000
112.370000 30.261000 2926.062200
112.410000 30.732000 2926.129000
112.440000 31.203000 2890.675200
112.480000 31.673000 2876.007000
112.520000 32.144000 2876.848600
112.560000 32.615000 2873.473000
112.600000 33.085000 2886.792100
112.640000 33.556000 2860.643000
112.680000 34.027000 2882.053000
112.720000 34.498000 2893.255900
112.770000 34.968000 2887.218100
112.810000 35.439000 2894.851000
112.860000 35.910000 2892.232000
112.910000 36.381000 2897.929000
112.960000 36.851000 2890.793200
113.010000 37.322000 2899.085000
113.060000 37.793000 2894.918700
113.110000 38.264000 2908.734000
113.160000 38.734000 2904.177000
113.220000 39.205000 2877.500000
113.270000 39.676000 2869.107000
113.330000 40.147000 2879.819000
113.390000 40.617000 2869.016000
113.450000 41.088000 2863.175000
113.510000 41.559000 2863.820000
113.570000 42.030000 2824.425300
112.360000 21.788000 2891.473100
112.390000 22.259000 2861.114000
112.410000 22.729000 2873.586000
112.440000 23.200000 2884.568000
112.460000 23.671000 2860.689000
112.490000 24.141000 2861.284000
112.520000 24.612000 2861.140000
112.550000 25.083000 2847.138000
112.580000 25.554000 2850.443000
112.610000 26.024000 2860.170000
112.640000 26.495000 2893.795000
112.670000 26.966000 2901.273000
112.700000 27.437000 2911.682000
112.740000 27.907000 2898.798000
112.770000 28.378000 2897.362000
112.800000 28.849000 2912.196000
112.840000 29.320000 2906.620000
112.880000 29.790000 2927.069000
112.910000 30.261000 2919.648500
112.950000 30.732000 2914.962000
112.990000 31.203000 2888.018600
113.030000 31.673000 2875.454000
113.070000 32.144000 2847.766000
113.120000 32.615000 2872.126000
113.160000 33.085000 2886.584000
113.200000 33.556000 2888.072000
113.250000 34.027000 2908.371000
113.290000 34.498000 2898.012000
113.340000 34.968000 2898.682200
113.390000 35.439000 2890.007000
113.440000 35.910000 2891.184000
113.490000 36.381000 2905.544000
113.540000 36.851000 2907.587000
113.600000 37.322000 2909.535200
113.650000 37.793000 2887.917800
113.710000 38.264000 2888.167200
113.760000 38.734000 2868.171090
113.820000 39.205000 2871.366000
113.880000 39.676000 2886.935000
113.940000 40.147000 2884.937000
114.010000 40.617000 2862.464000
114.070000 41.088000 2853.860000
114.140000 41.559000 2852.175000
114.200000 42.030000 2850.561000
112.870000 21.788000 2891.311000
112.890000 22.259000 2873.144000
112.920000 22.729000 2903.614000
112.950000 23.200000 2897.833000
112.980000 23.671000 2877.308000
113.010000 24.141000 2867.718000
113.040000 24.612000 2831.136000
113.070000 25.083000 2847.743000
113.100000 25.554000 2847.724000
113.130000 26.024000 2857.245000
113.160000 26.495000 2880.777000
113.200000 26.966000 2899.164000
113.230000 27.437000 2885.137000
113.270000 27.907000 2884.323000
113.300000 28.378000 2877.811000
113.340000 28.849000 2905.851000
113.380000 29.320000 2902.570000
113.420000 29.790000 2920.550800
113.460000 30.261000 2912.921000
113.500000 30.732000 2901.282000
113.540000 31.203000 2918.595000
113.580000 31.673000 2897.808300
113.630000 32.144000 2871.247000
113.670000 32.615000 2886.889000
113.720000 33.085000 2883.746000
113.770000 33.556000 2878.839000
113.820000 34.027000 2886.724900
113.860000 34.498000 2905.062300
113.920000 34.968000 2897.697900
113.970000 35.439000 2918.919000
114.020000 35.910000 2924.010000
114.070000 36.381000 2879.492000
114.130000 36.851000 2892.469000
114.190000 37.322000 2892.945000
114.250000 37.793000 2885.218940
114.310000 38.264000 2917.785000
114.370000 38.734000 2890.433220
114.430000 39.205000 2870.404700
114.490000 39.676000 2865.990700
114.560000 40.147000 2852.597000
114.620000 40.617000 2864.969000
114.690000 41.088000 2857.546000
114.760000 41.559000 2857.792000
114.840000 42.030000 2843.049700
113.370000 21.788000 2922.224000
113.400000 22.259000 2885.404000
113.430000 22.729000 2894.157000
113.460000 23.200000 2891.035000
113.490000 23.671000 2880.016000
113.520000 24.141000 2865.572000
113.550000 24.612000 2873.348000
113.590000 25.083000 2863.764000
113.620000 25.554000 2829.504000
113.650000 26.024000 2825.767000
113.690000 26.495000 2856.925000
113.720000 26.966000 2868.683000
113.760000 27.437000 2876.001000
113.800000 27.907000 2879.343000
113.840000 28.378000 2889.001000
113.880000 28.849000 2886.475000
113.920000 29.320000 2878.570000
113.960000 29.790000 2904.158000
114.000000 30.261000 2906.972000
114.050000 30.732000 2919.489000
114.090000 31.203000 2899.849700
114.140000 31.673000 2865.764000
114.180000 32.144000 2885.504000
114.230000 32.615000 2885.193600
114.280000 33.085000 2889.328100
114.330000 33.556000 2893.340400
114.380000 34.027000 2930.474600
114.440000 34.498000 2943.667800
114.490000 34.968000 2927.720800
114.540000 35.439000 2913.417000
114.600000 35.910000 2926.743000
114.660000 36.381000 2889.976000
114.720000 36.851000 2918.766000
114.780000 37.322000 2892.711000
114.840000 37.793000 2891.578000
114.900000 38.264000 2902.319000
114.970000 38.734000 2912.963000
115.030000 39.205000 2870.148500
115.100000 39.676000 2872.759000
115.170000 40.147000 2881.659000
115.240000 40.617000 2884.416000
115.320000 41.088000 2840.524900
115.390000 41.559000 2858.394000
115.470000 42.030000 2808.973000
113.880000 21.788000 2973.446000
113.910000 22.259000 2925.076000
113.940000 22.729000 2883.248000
113.970000 23.200000 2881.175000
114.000000 23.671000 2861.932000
114.040000 24.141000 2866.447000
114.070000 24.612000 2845.124000
114.100000 25.083000 2856.185000
114.140000 25.554000 2830.687000
114.180000 26.024000 2823.219000
114.210000 26.495000 2850.763000
114.250000 26.966000 2883.969000
114.290000 27.437000 2858.407000
114.330000 27.907000 2868.359000
114.370000 28.378000 2865.145000
114.410000 28.849000 2877.290000
114.460000 29.320000 2880.558800
114.500000 29.790000 2887.349000
114.550000 30.261000 2896.643000
114.590000 30.732000 2905.433400
114.640000 31.203000 2893.393000
114.690000 31.673000 2866.837000
114.740000 32.144000 2908.509000
114.790000 32.615000 2895.514900
114.840000 33.085000 2888.394600
114.890000 33.556000 2926.141000
114.950000 34.027000 2932.152500
115.010000 34.498000 2928.771600
115.060000 34.968000 2916.223000
115.120000 35.439000 2917.721300
115.180000 35.910000 2929.991900
115.240000 36.381000 2918.186000
115.300000 36.851000 2913.576000
115.370000 37.322000 2905.473000
115.430000 37.793000 2921.082000
115.500000 38.264000 2931.243000
115.570000 38.734000 2902.598000
115.640000 39.205000 2922.997000
115.710000 39.676000 2913.265000
115.790000 40.147000 2900.428000
115.860000 40.617000 2870.977000
115.940000 41.088000 2850.817000
116.020000 41.559000 2827.827900
116.100000 42.030000 2817.752000
114.390000 21.788000 2990.903400
114.420000 22.259000 2959.409200
114.450000 22.729000 2874.662000
114.480000 23.200000 2879.360000
114.520000 23.671000 2883.761000
114.550000 24.141000 2869.014000
114.590000 24.612000 2864.483000
114.620000 25.083000 2867.454000
114.660000 25.554000 2866.858000
114.700000 26.024000 2867.744000
114.740000 26.495000 2891.224000
114.780000 26.966000 2905.571500
114.820000 27.437000 2884.977000
114.860000 27.907000 2886.882000
114.910000 28.378000 2878.934000
114.950000 28.849000 2848.123000
115.000000 29.320000 2885.391000
115.040000 29.790000 2892.310900
115.090000 30.261000 2894.952900
115.140000 30.732000 2874.393000
115.190000 31.203000 2886.471900
115.240000 31.673000 2890.486700
115.290000 32.144000 2898.386180
115.350000 32.615000 2895.042000
115.400000 33.085000 2889.533000
115.460000 33.556000 2920.150000
115.520000 34.027000 2918.453600
115.580000 34.498000 2938.599000
115.640000 34.968000 2944.191000
115.700000 35.439000 2951.944000
115.760000 35.910000 2949.400000
115.830000 36.381000 2932.106000
115.890000 36.851000 2927.218000
115.960000 37.322000 2938.632000
116.030000 37.793000 2932.324000
116.100000 38.264000 2923.864000
116.170000 38.734000 2928.027000
116.250000 39.205000 2921.336000
116.320000 39.676000 2948.834000
116.400000 40.147000 2893.184000
116.480000 40.617000 2872.427000
116.560000 41.088000 2847.719600
116.650000 41.559000 2829.348000
116.730000 42.030000 2828.646000
114.890000 21.788000 2980.593700
114.920000 22.259000 2966.103000
114.960000 22.729000 2906.894000
114.990000 23.200000 2879.900000
115.030000 23.671000 2870.311000
115.070000 24.141000 2868.780000
115.100000 24.612000 2861.263000
115.140000 25.083000 2856.751000
115.180000 25.554000 2866.731000
115.220000 26.024000 2871.890000
115.260000 26.495000 2869.030000
115.310000 26.966000 2883.150000
115.350000 27.437000 2887.709000
115.390000 27.907000 2895.447000
115.440000 28.378000 2890.176000
115.490000 28.849000 2888.338000
115.530000 29.320000 2886.046000
115.580000 29.790000 2897.434100
115.630000 30.261000 2884.428700
115.690000 30.732000 2871.129000
115.740000 31.203000 2875.574300
115.790000 31.673000 2894.197000
115.850000 32.144000 2899.320000
115.900000 32.615000 2910.632000
115.960000 33.085000 2904.459100
116.020000 33.556000 2922.994900
116.080000 34.027000 2928.574800
116.150000 34.498000 2940.194000
116.210000 34.968000 2953.043000
116.270000 35.439000 2955.633000
116.340000 35.910000 2966.279820
116.410000 36.381000 2968.616000
116.480000 36.851000 2960.569000
116.550000 37.322000 2942.351000
116.620000 37.793000 2930.765000
116.700000 38.264000 2946.165000
116.780000 38.734000 2956.506000
116.850000 39.205000 2941.490000
116.930000 39.676000 2942.120000
117.020000 40.147000 2902.459000
117.100000 40.617000 2880.574000
117.190000 41.088000 2882.575000
117.280000 41.559000 2840.009000
117.370000 42.030000 2826.917000
115.400000 21.788000 3005.860220
115.430000 22.259000 2977.254000
115.470000 22.729000 2931.763000
115.500000 23.200000 2877.512000
115.540000 23.671000 2880.682000
115.580000 24.141000 2879.506000
115.620000 24.612000 2862.632000
115.660000 25.083000 2865.931000
115.700000 25.554000 2869.619000
115.740000 26.024000 2867.524000
115.790000 26.495000 2855.120000
115.830000 26.966000 2849.609000
115.880000 27.437000 2878.436000
115.930000 27.907000 2894.432000
115.970000 28.378000 2889.368100
116.020000 28.849000 2897.864800
116.070000 29.320000 2902.610900
116.130000 29.790000 2908.907900
116.180000 30.261000 2915.220000
116.230000 30.732000 2878.448000
116.290000 31.203000 2858.394400
116.340000 31.673000 2886.442000
116.400000 32.144000 2900.288400
116.460000 32.615000 2899.280900
116.520000 33.085000 2897.407700
116.590000 33.556000 2889.532000
116.650000 34.027000 2900.590700
116.720000 34.498000 2916.697000
116.780000 34.968000 2924.747000
116.850000 35.439000 2932.269700
116.920000 35.910000 2932.214700
116.990000 36.381000 2938.950400
117.070000 36.851000 2927.562000
117.140000 37.322000 2938.050000
117.220000 37.793000 2967.346000
117.300000 38.264000 2949.547000
117.380000 38.734000 2952.252000
117.460000 39.205000 2959.076000
117.540000 39.676000 2958.447000
117.630000 40.147000 2912.930000
117.720000 40.617000 2887.457000
117.810000 41.088000 2893.213000
117.900000 41.559000 2844.777000
118.000000 42.030000 2840.618400
115.900000 21.788000 2988.916000
115.940000 22.259000 2955.520000
115.980000 22.729000 2921.348000
116.020000 23.200000 2884.595000
116.050000 23.671000 2895.220000
116.100000 24.141000 2883.262300
116.140000 24.612000 2879.080000
116.180000 25.083000 2857.961000
116.220000 25.554000 2862.702000
116.270000 26.024000 2868.154000
116.310000 26.495000 2870.315000
116.360000 26.966000 2861.634000
116.410000 27.437000 2874.454000
116.460000 27.907000 2895.023000
116.510000 28.378000 2895.628330
116.560000 28.849000 2913.854000
116.610000 29.320000 2896.506000
116.670000 29.790000 2899.601500
116.720000 30.261000 2918.100000
116.780000 30.732000 2896.373700
116.840000 31.203000 2885.408000
116.900000 31.673000 2904.825000
116.960000 32.144000 2911.393000
117.020000 32.615000 2908.547000
117.080000 33.085000 2889.554700
117.150000 33.556000 2895.189000
117.220000 34.027000 2906.623000
117.290000 34.498000 2896.053500
117.360000 34.968000 2902.019200
117.430000 35.439000 2913.545100
117.500000 35.910000 2925.863000
117.580000 36.381000 2926.935230
117.650000 36.851000 2924.001000
117.730000 37.322000 2937.741000
117.810000 37.793000 2936.063000
117.890000 38.264000 2971.871000
117.980000 38.734000 2980.866000
118.070000 39.205000 2936.885000
118.150000 39.676000 2983.115000
118.250000 40.147000 2948.639000
118.340000 40.617000 2901.518800
118.430000 41.088000 2887.181900
118.530000 41.559000 2849.029000
118.630000 42.030000 2871.220000
116.410000 21.788000 3003.638000
116.450000 22.259000 2969.103000
116.490000 22.729000 2942.671300
116.530000 23.200000 2930.839340
116.570000 23.671000 2900.885000
116.610000 24.141000 2866.445000
116.650000 24.612000 2872.758000
116.700000 25.083000 2869.201000
116.740000 25.554000 2868.290000
116.790000 26.024000 2871.340000
116.840000 26.495000 2869.721000
116.890000 26.966000 2871.713000
116.940000 27.437000 2870.611000
116.990000 27.907000 2890.583000
117.040000 28.378000 2889.180370
117.100000 28.849000 2902.888600
117.150000 29.320000 2891.782000
117.210000 29.790000 2875.838000
117.270000 30.261000 2884.905000
117.330000 30.732000 2906.372100
117.390000 31.203000 2918.271000
117.450000 31.673000 2902.490800
117.510000 32.144000 2910.326900
117.580000 32.615000 2917.390000
117.640000 33.085000 2891.627500
117.710000 33.556000 2908.851000
117.780000 34.027000 2907.420000
117.860000 34.498000 2907.804000
117.930000 34.968000 2905.519000
118.000000 35.439000 2920.432200
118.080000 35.910000 2922.388990
118.160000 36.381000 2931.873300
118.240000 36.851000 2926.382000
118.320000 37.322000 2916.474000
118.410000 37.793000 2929.206000
118.490000 38.264000 2996.527000
118.580000 38.734000 3020.780000
118.670000 39.205000 3026.924000
118.770000 39.676000 2968.934000
118.860000 40.147000 2953.626000
118.960000 40.617000 2913.105000
119.060000 41.088000 2901.466000
119.160000 41.559000 2904.695000
119.260000 42.030000 2900.547000
116.920000 21.788000 3055.337000
116.960000 22.259000 3033.380000
117.000000 22.729000 3011.311000
117.040000 23.200000 2966.088000
117.080000 23.671000 2886.425000
117.120000 24.141000 2884.209000
117.170000 24.612000 2876.105000
117.220000 25.083000 2861.806000
117.260000 25.554000 2869.484000
117.310000 26.024000 2860.369000
117.360000 26.495000 2868.655000
117.410000 26.966000 2865.478000
117.470000 27.437000 2853.761000
117.520000 27.907000 2864.111000
117.580000 28.378000 2887.687210
117.630000 28.849000 2884.638000
117.690000 29.320000 2874.676000
117.750000 29.790000 2888.198000
117.810000 30.261000 2885.070000
117.870000 30.732000 2903.614000
117.940000 31.203000 2918.507000
118.000000 31.673000 2922.048000
118.070000 32.144000 2921.423000
118.140000 32.615000 2920.547000
118.210000 33.085000 2922.850000
118.280000 33.556000 2912.580000
118.350000 34.027000 2909.365000
118.430000 34.498000 2919.664700
118.500000 34.968000 2927.527000
118.580000 35.439000 2928.380000
118.660000 35.910000 2896.406100
118.740000 36.381000 2928.251000
118.830000 36.851000 2946.599000
118.910000 37.322000 2940.861000
119.000000 37.793000 2920.729000
119.090000 38.264000 3000.203000
119.180000 38.734000 3031.337000
119.280000 39.205000 2956.602000
119.380000 39.676000 2973.089000
119.470000 40.147000 2938.748200
119.580000 40.617000 2932.658000
119.680000 41.088000 2922.154000
119.790000 41.559000 2911.109000
119.900000 42.030000 2881.271600
117.420000 21.788000 3092.740000
117.460000 22.259000 3072.303000
117.510000 22.729000 3041.243000
117.550000 23.200000 2940.322000
117.590000 23.671000 2873.720300
117.640000 24.141000 2898.100700
117.690000 24.612000 2878.778000
117.740000 25.083000 2876.257000
117.780000 25.554000 2867.142000
117.840000 26.024000 2863.144000
117.890000 26.495000 2885.889300
117.940000 26.966000 2885.387700
118.000000 27.437000 2885.287500
118.050000 27.907000 2861.735000
118.110000 28.378000 2891.551200
118.170000 28.849000 2890.708000
118.230000 29.320000 2892.802000
118.290000 29.790000 2896.184000
118.350000 30.261000 2874.974000
118.420000 30.732000 2911.724000
118.480000 31.203000 2919.708000
118.550000 31.673000 2924.999000
118.620000 32.144000 2925.103000
118.690000 32.615000 2933.812000
118.770000 33.085000 2931.543000
118.840000 33.556000 2900.780000
118.920000 34.027000 2907.053000
119.000000 34.498000 2908.087500
119.080000 34.968000 2907.100700
119.160000 35.439000 2897.425850
119.240000 35.910000 2935.466000
119.330000 36.381000 2932.274000
119.410000 36.851000 2947.331000
119.500000 37.322000 2965.976000
119.600000 37.793000 2907.034000
119.690000 38.264000 2876.981000
119.790000 38.734000 2964.601000
119.880000 39.205000 3056.990000
119.990000 39.676000 3123.528000
120.090000 40.147000 2975.879000
120.190000 40.617000 2934.915000
120.300000 41.088000 2925.818000
120.410000 41.559000 2905.508000
120.530000 42.030000 2889.486000
117.930000 21.788000 3100.610000
117.970000 22.259000 3073.211000
118.010000 22.729000 3080.880000
118.060000 23.200000 2999.649000
118.110000 23.671000 2962.299000
118.150000 24.141000 2915.520000
118.200000 24.612000 2908.794000
118.250000 25.083000 2887.932000
118.310000 25.554000 2866.549000
118.360000 26.024000 2863.921000
118.410000 26.495000 2861.134000
118.470000 26.966000 2869.584000
118.530000 27.437000 2866.539000
118.580000 27.907000 2862.222000
118.640000 28.378000 2886.985800
118.700000 28.849000 2903.744600
118.770000 29.320000 2891.606000
118.830000 29.790000 2883.075000
118.900000 30.261000 2867.934000
118.970000 30.732000 2908.814000
119.030000 31.203000 2904.513000
119.100000 31.673000 2917.499000
119.180000 32.144000 2927.245000
119.250000 32.615000 2935.830000
119.330000 33.085000 2919.340000
119.400000 33.556000 2921.087000
119.480000 34.027000 2923.051000
119.570000 34.498000 2931.150000
119.650000 34.968000 2929.527000
119.730000 35.439000 2901.122000
119.820000 35.910000 2897.392000
119.910000 36.381000 2922.300000
120.000000 36.851000 2913.576000
120.090000 37.322000 2930.502000
120.190000 37.793000 2924.248000
120.290000 38.264000 2948.440000
120.390000 38.734000 3004.137000
120.490000 39.205000 3047.171000
120.600000 39.676000 3029.318000
120.700000 40.147000 3017.181000
120.810000 40.617000 3019.172000
120.930000 41.088000 2944.506000
121.040000 41.559000 2923.843000
121.160000 42.030000 2907.953000
118.430000 21.788000 3357.990000
118.480000 22.259000 3241.721000
118.520000 22.729000 3080.170000
118.570000 23.200000 3018.342000
118.620000 23.671000 2979.274000
118.670000 24.141000 2977.870000
118.720000 24.612000 2934.698000
118.770000 25.083000 2914.823000
118.830000 25.554000 2878.743000
118.880000 26.024000 2880.838000
118.940000 26.495000 2872.042000
119.000000 26.966000 2881.448000
119.050000 27.437000 2887.782000
119.120000 27.907000 2862.652000
119.180000 28.378000 2869.746000
119.240000 28.849000 2886.942700
119.310000 29.320000 2919.005000
119.370000 29.790000 2883.776000
119.440000 30.261000 2885.686700
119.510000 30.732000 2886.979000
119.580000 31.203000 2903.207000
119.660000 31.673000 2914.511000
119.730000 32.144000 2919.670000
119.810000 32.615000 2926.981000
119.890000 33.085000 2940.033000
119.970000 33.556000 2924.931000
120.050000 34.027000 2924.405000
120.140000 34.498000 2938.521000
120.220000 34.968000 2917.214000
120.310000 35.439000 2916.634000
120.400000 35.910000 2909.588000
120.490000 36.381000 2940.366000
120.590000 36.851000 2933.012000
120.690000 37.322000 2910.899000
120.780000 37.793000 2907.040000
120.890000 38.264000 2935.478000
120.990000 38.734000 2991.360000
121.100000 39.205000 2990.385000
121.210000 39.676000 2983.112000
121.320000 40.147000 2963.000000
121.430000 40.617000 2996.548000
121.550000 41.088000 2958.160000
121.670000 41.559000 2919.493000
121.790000 42.030000 2932.062000
118.940000 21.788000 3274.000000
118.990000 22.259000 3166.550000
119.030000 22.729000 3041.730000
119.080000 23.200000 3036.440000
119.130000 23.671000 2956.195000
119.180000 24.141000 2939.839000
119.240000 24.612000 2949.034000
119.290000 25.083000 2898.413100
119.350000 25.554000 2912.813000
119.400000 26.024000 2913.499000
119.460000 26.495000 2909.376000
119.520000 26.966000 2902.324000
119.580000 27.437000 2876.697000
119.650000 27.907000 2887.718000
119.710000 28.378000 2879.930400
119.780000 28.849000 2888.740700
119.850000 29.320000 2905.548300
119.910000 29.790000 2905.492000
119.990000 30.261000 2905.121000
120.060000 30.732000 2893.650000
120.130000 31.203000 2917.298000
120.210000 31.673000 2923.962000
120.290000 32.144000 2929.042000
120.370000 32.615000 2926.042000
120.450000 33.085000 2924.998000
120.530000 33.556000 2910.901000
120.620000 34.027000 2932.991000
120.710000 34.498000 2964.581000
120.790000 34.968000 2956.876000
120.890000 35.439000 2972.100000
120.980000 35.910000 2978.171000
121.080000 36.381000 2926.052000
121.180000 36.851000 2928.328000
121.280000 37.322000 2919.401000
121.380000 37.793000 2918.780000
121.480000 38.264000 2976.980000
121.590000 38.734000 2984.463000
121.700000 39.205000 3003.407000
121.820000 39.676000 2968.997000
121.930000 40.147000 3009.090000
119.450000 21.788000 3115.000000
119.490000 22.259000 3096.410000
119.540000 22.729000 3049.810000
119.590000 23.200000 3007.740000
119.650000 23.671000 2971.906000
119.700000 24.141000 2994.980000
119.750000 24.612000 2975.477000
119.810000 25.083000 2916.685000
119.870000 25.554000 2912.248000
119.930000 26.024000 2931.350000
119.990000 26.495000 2929.484200
120.050000 26.966000 2926.298000
120.110000 27.437000 2887.710000
120.180000 27.907000 2886.058000
120.250000 28.378000 2886.109000
120.310000 28.849000 2895.922800
120.380000 29.320000 2905.541000
120.460000 29.790000 2908.961400
120.530000 30.261000 2931.019000
120.600000 30.732000 2945.471000
120.680000 31.203000 2924.981000
120.760000 31.673000 2902.845000
120.840000 32.144000 2949.322000
120.920000 32.615000 2948.617000
121.010000 33.085000 2945.729000
121.100000 33.556000 2952.912000
121.180000 34.027000 2938.657000
121.280000 34.498000 2964.368000
121.370000 34.968000 2975.372000
121.460000 35.439000 2974.030000
121.560000 35.910000 2984.503000
121.660000 36.381000 2998.870000
121.760000 36.851000 2950.504000
121.870000 37.322000 2916.773000
121.970000 37.793000 2989.940000
119.950000 21.788000 3092.050000
120.000000 22.259000 3051.990000
120.050000 22.729000 2930.339000
120.100000 23.200000 2889.614000
120.160000 23.671000 2973.791000
120.210000 24.141000 2995.156000
120.270000 24.612000 2976.185000
120.330000 25.083000 2986.350000
120.390000 25.554000 2970.360000
120.450000 26.024000 2992.620000
120.510000 26.495000 2939.575000
120.580000 26.966000 2904.719000
120.640000 27.437000 2940.528000
120.710000 27.907000 2908.756620
120.780000 28.378000 2896.415000
120.850000 28.849000 2905.028600
120.920000 29.320000 2900.679040
121.000000 29.790000 2905.610800
121.070000 30.261000 2924.161000
121.150000 30.732000 2932.139000
121.230000 31.203000 2927.915000
121.310000 31.673000 2943.268000
121.400000 32.144000 2932.556000
121.480000 32.615000 2974.405000
121.570000 33.085000 2991.838000
121.660000 33.556000 2981.770000
121.750000 34.027000 2972.430000
121.850000 34.498000 2993.030000
121.940000 34.968000 3006.660000
120.460000 21.788000 3030.044000
120.510000 22.259000 3000.150000
120.560000 22.729000 2953.456000
120.620000 23.200000 3037.983000
120.670000 23.671000 2933.862000
120.730000 24.141000 2953.806000
120.790000 24.612000 3011.096000
120.850000 25.083000 2995.565000
120.910000 25.554000 2999.370000
120.970000 26.024000 2981.573000
121.040000 26.495000 2994.739000
121.100000 26.966000 2956.451000
121.170000 27.437000 2965.687000
121.240000 27.907000 2947.752000
121.310000 28.378000 2935.568000
121.390000 28.849000 2931.265300
121.460000 29.320000 2928.493000
121.540000 29.790000 2930.595000
121.620000 30.261000 2948.081000
121.700000 30.732000 2971.039000
121.780000 31.203000 2958.621000
121.860000 31.673000 2943.723000
121.950000 32.144000 2988.876000
120.960000 21.788000 3066.806000
121.020000 22.259000 3125.400000
121.070000 22.729000 3180.314000
121.130000 23.200000 3281.160000
121.180000 23.671000 3136.430000
121.240000 24.141000 3000.370000
121.300000 24.612000 2995.367000
121.370000 25.083000 3077.892000
121.430000 25.554000 3219.646000
121.500000 26.024000 3122.120000
121.560000 26.495000 3017.490000
121.630000 26.966000 2994.210000
121.700000 27.437000 3003.930000
121.770000 27.907000 2988.770000
121.850000 28.378000 2946.079000
121.920000 28.849000 2960.918000
121.470000 21.788000 3336.780000
121.520000 22.259000 3230.009000
121.580000 22.729000 3279.270000
121.640000 23.200000 3275.132000
121.700000 23.671000 3187.387000
121.760000 24.141000 2996.836000
121.820000 24.612000 3134.670000
121.880000 25.083000 3278.960000
121.950000 25.554000 3215.960000
121.970000 21.788000 3266.761000
