104.770000 21.788000 2951.460900
104.770000 22.259000 2918.446000
104.770000 22.729000 2893.790000
104.770000 23.200000 2835.439000
104.770000 23.671000 2831.622000
104.770000 24.141000 2844.374000
104.770000 24.612000 2841.120000
104.770000 25.083000 2845.198000
104.770000 25.554000 2834.186000
104.770000 26.024000 2842.003000
104.760000 26.495000 2827.657000
104.760000 26.966000 2823.327400
104.760000 27.437000 2794.557000
104.760000 27.907000 2827.434000
104.760000 28.378000 2870.873000
104.760000 28.849000 2921.840000
104.760000 29.320000 2955.531000
104.760000 29.790000 2932.735000
104.760000 30.261000 2948.651000
104.760000 30.732000 2937.278000
104.750000 31.203000 2925.104000
104.750000 31.673000 2875.649000
104.750000 32.144000 2832.040000
104.750000 32.615000 2835.290000
104.750000 33.085000 2779.990000
104.750000 33.556000 2745.820000
104.750000 34.027000 2735.670000
104.740000 34.498000 2759.635000
104.740000 34.968000 2776.710000
104.740000 35.439000 2774.482000
104.740000 35.910000 2791.374000
104.740000 36.381000 2816.877000
104.740000 36.851000 2815.923000
104.740000 37.322000 2814.271000
104.730000 37.793000 2804.258000
104.730000 38.264000 2831.598000
104.730000 38.734000 2846.709000
104.730000 39.205000 2855.723000
104.730000 39.676000 2857.316000
104.720000 40.147000 2868.762000
104.720000 40.617000 2893.150000
104.720000 41.088000 2890.606000
104.720000 41.559000 2872.582000
104.720000 42.030000 2870.846000
105.280000 21.788000 2927.190000
105.280000 22.259000 2921.256000
105.280000 22.729000 2918.949200
105.280000 23.200000 2860.602000
105.280000 23.671000 2831.297000
105.280000 24.141000 2840.651000
105.290000 24.612000 2850.532000
105.290000 25.083000 2836.491000
105.290000 25.554000 2841.050000
105.290000 26.024000 2856.981000
105.290000 26.495000 2836.714700
105.290000 26.966000 2834.605000
105.290000 27.437000 2834.678400
105.290000 27.907000 2852.225000
105.290000 28.378000 2890.019000
105.300000 28.849000 2930.773000
105.300000 29.320000 2945.014000
105.300000 29.790000 2933.471000
105.300000 30.261000 2928.426000
105.300000 30.732000 2924.517000
105.300000 31.203000 2913.632000
105.300000 31.673000 2889.289000
105.310000 32.144000 2869.491000
105.310000 32.615000 2854.815000
105.310000 33.085000 2791.592000
105.310000 33.556000 2761.160000
105.310000 34.027000 2730.670000
105.310000 34.498000 2758.032000
105.320000 34.968000 2797.051000
105.320000 35.439000 2779.573000
105.320000 35.910000 2807.372000
105.320000 36.381000 2840.137000
105.320000 36.851000 2837.424000
105.330000 37.322000 2829.250000
105.330000 37.793000 2834.091000
105.330000 38.264000 2861.524000
105.330000 38.734000 2864.592000
105.330000 39.205000 2867.638600
105.340000 39.676000 2872.782000
105.340000 40.147000 2875.776900
105.340000 40.617000 2882.122000
105.340000 41.088000 2877.676000
105.350000 41.559000 2852.606000
105.350000 42.030000 2874.414000
105.790000 21.788000 2923.042000
105.790000 22.259000 2894.115000
105.790000 22.729000 2882.621000
105.790000 23.200000 2865.050000
105.800000 23.671000 2864.840000
105.800000 24.141000 2876.195000
105.800000 24.612000 2864.650000
105.810000 25.083000 2851.167000
105.810000 25.554000 2864.487000
105.810000 26.024000 2878.537000
105.810000 26.495000 2838.484300
105.820000 26.966000 2826.900600
105.820000 27.437000 2827.769000
105.830000 27.907000 2857.005000
105.830000 28.378000 2908.317000
105.830000 28.849000 2933.365000
105.840000 29.320000 2941.528000
105.840000 29.790000 2946.381000
105.840000 30.261000 2918.959000
105.850000 30.732000 2903.519000
105.850000 31.203000 2919.533000
105.860000 31.673000 2921.130000
105.860000 32.144000 2895.990000
105.870000 32.615000 2881.986000
105.870000 33.085000 2845.090000
105.870000 33.556000 2824.129000
105.880000 34.027000 2819.291000
105.880000 34.498000 2797.707000
105.890000 34.968000 2823.648000
105.890000 35.439000 2849.544000
105.900000 35.910000 2855.048000
105.910000 36.381000 2868.332000
105.910000 36.851000 2874.093000
105.920000 37.322000 2857.645000
105.920000 37.793000 2866.867000
105.930000 38.264000 2875.929000
105.930000 38.734000 2920.349000
105.940000 39.205000 2874.025000
105.950000 39.676000 2834.132000
105.950000 40.147000 2861.875000
105.960000 40.617000 2870.275000
105.970000 41.088000 2866.340000
105.970000 41.559000 2868.544000
105.980000 42.030000 2870.558000
106.290000 21.788000 2932.034000
106.300000 22.259000 2928.764000
106.300000 22.729000 2898.584000
106.300000 23.200000 2878.659000
106.310000 23.671000 2886.480000
106.310000 24.141000 2875.121000
106.320000 24.612000 2856.444000
106.320000 25.083000 2858.092000
106.330000 25.554000 2863.114000
106.330000 26.024000 2872.848000
106.340000 26.495000 2836.746800
106.350000 26.966000 2851.872700
106.350000 27.437000 2846.889000
106.360000 27.907000 2851.945000
106.360000 28.378000 2899.106000
106.370000 28.849000 2922.828000
106.380000 29.320000 2921.070000
106.380000 29.790000 2925.691000
106.390000 30.261000 2921.473000
106.390000 30.732000 2920.253000
106.400000 31.203000 2948.892000
106.410000 31.673000 2941.460000
106.420000 32.144000 2914.769000
106.420000 32.615000 2905.169000
106.430000 33.085000 2877.360000
106.440000 33.556000 2840.426000
106.450000 34.027000 2827.709000
106.450000 34.498000 2843.275000
106.460000 34.968000 2872.827000
106.470000 35.439000 2914.208000
106.480000 35.910000 2910.318000
106.490000 36.381000 2909.845000
106.500000 36.851000 2891.259000
106.510000 37.322000 2871.965000
106.520000 37.793000 2849.250000
106.530000 38.264000 2887.851000
106.540000 38.734000 2930.646000
106.550000 39.205000 2926.278000
106.560000 39.676000 2889.422000
106.570000 40.147000 2847.859000
106.580000 40.617000 2829.916000
106.590000 41.088000 2882.307800
106.600000 41.559000 2887.699000
106.610000 42.030000 2903.043100
106.800000 21.788000 2940.523000
106.800000 22.259000 2942.080000
106.810000 22.729000 2914.003000
106.820000 23.200000 2901.756000
106.820000 23.671000 2901.322000
106.830000 24.141000 2885.469000
106.840000 24.612000 2860.888000
106.840000 25.083000 2856.669000
106.850000 25.554000 2867.715000
106.860000 26.024000 2874.826000
106.860000 26.495000 2865.377860
106.870000 26.966000 2880.948000
106.880000 27.437000 2881.444000
106.890000 27.907000 2862.767000
106.900000 28.378000 2878.201800
106.910000 28.849000 2893.059800
106.910000 29.320000 2895.051000
106.920000 29.790000 2921.333000
106.930000 30.261000 2935.727000
106.940000 30.732000 2925.844000
106.950000 31.203000 2922.752000
106.960000 31.673000 2945.841000
106.970000 32.144000 2934.007000
106.980000 32.615000 2903.243000
106.990000 33.085000 2901.640000
107.000000 33.556000 2841.533000
107.010000 34.027000 2840.359000
107.020000 34.498000 2847.802000
107.040000 34.968000 2900.417000
107.050000 35.439000 2931.765000
107.060000 35.910000 2922.553000
107.070000 36.381000 2920.683000
107.090000 36.851000 2891.016000
107.100000 37.322000 2870.724000
107.110000 37.793000 2873.984000
107.130000 38.264000 2873.417000
107.140000 38.734000 2893.868000
107.150000 39.205000 2921.178000
107.170000 39.676000 2872.019000
107.180000 40.147000 2857.104700
107.200000 40.617000 2842.086000
107.210000 41.088000 2833.383000
107.230000 41.559000 2869.460000
107.250000 42.030000 2896.016000
107.300000 21.788000 2923.251000
107.310000 22.259000 2930.609000
107.320000 22.729000 2927.284000
107.330000 23.200000 2910.747000
107.330000 23.671000 2897.681000
107.340000 24.141000 2865.673000
107.350000 24.612000 2859.435000
107.360000 25.083000 2877.639000
107.370000 25.554000 2878.379000
107.380000 26.024000 2869.476000
107.390000 26.495000 2851.458900
107.400000 26.966000 2860.626000
107.410000 27.437000 2880.348000
107.420000 27.907000 2852.636000
107.430000 28.378000 2855.881800
107.440000 28.849000 2863.176600
107.450000 29.320000 2881.361400
107.460000 29.790000 2910.744000
107.480000 30.261000 2935.527700
107.490000 30.732000 2947.842700
107.500000 31.203000 2935.622000
107.510000 31.673000 2925.444000
107.530000 32.144000 2913.386700
107.540000 32.615000 2896.914000
107.550000 33.085000 2903.300000
107.570000 33.556000 2830.295000
107.580000 34.027000 2848.506000
107.590000 34.498000 2860.155000
107.610000 34.968000 2883.686000
107.620000 35.439000 2910.760000
107.640000 35.910000 2910.362000
107.660000 36.381000 2900.028000
107.670000 36.851000 2892.189000
107.690000 37.322000 2877.704000
107.710000 37.793000 2882.512000
107.720000 38.264000 2892.733000
107.740000 38.734000 2894.893000
107.760000 39.205000 2871.263000
107.780000 39.676000 2860.925000
107.800000 40.147000 2887.691200
107.820000 40.617000 2868.759000
107.840000 41.088000 2851.168000
107.860000 41.559000 2913.326000
107.880000 42.030000 2914.597000
107.810000 21.788000 2957.637000
107.820000 22.259000 2966.376000
107.830000 22.729000 2968.820000
107.840000 23.200000 2970.912000
107.850000 23.671000 2895.328000
107.860000 24.141000 2883.016000
107.870000 24.612000 2897.308000
107.880000 25.083000 2887.947000
107.890000 25.554000 2890.693000
107.900000 26.024000 2870.463000
107.910000 26.495000 2881.612900
107.930000 26.966000 2878.473000
107.940000 27.437000 2885.976000
107.950000 27.907000 2878.687000
107.960000 28.378000 2878.714000
107.980000 28.849000 2867.774600
107.990000 29.320000 2863.682700
108.010000 29.790000 2888.194000
108.020000 30.261000 2926.598300
108.030000 30.732000 2945.547900
108.050000 31.203000 2925.765300
108.060000 31.673000 2904.240700
108.080000 32.144000 2890.994500
108.100000 32.615000 2901.372900
108.110000 33.085000 2879.849000
108.130000 33.556000 2833.573000
108.150000 34.027000 2846.564000
108.160000 34.498000 2848.679000
108.180000 34.968000 2863.805000
108.200000 35.439000 2896.934000
108.220000 35.910000 2918.952000
108.240000 36.381000 2908.120000
108.260000 36.851000 2895.615000
108.280000 37.322000 2883.231000
108.300000 37.793000 2885.306000
108.320000 38.264000 2889.920000
108.340000 38.734000 2892.264000
108.370000 39.205000 2901.070000
108.390000 39.676000 2908.699000
108.410000 40.147000 2909.794800
108.440000 40.617000 2890.835000
108.460000 41.088000 2874.276000
108.490000 41.559000 2934.250000
108.510000 42.030000 2925.983000
108.310000 21.788000 2969.353800
108.330000 22.259000 2948.121000
108.340000 22.729000 3008.820000
108.350000 23.200000 2955.204000
108.360000 23.671000 2885.624000
108.370000 24.141000 2902.652000
108.390000 24.612000 2915.013000
108.400000 25.083000 2892.434000
108.410000 25.554000 2883.269000
108.430000 26.024000 2863.818000
108.440000 26.495000 2875.227000
108.450000 26.966000 2879.935200
108.470000 27.437000 2890.908000
108.480000 27.907000 2890.069000
108.500000 28.378000 2885.992000
108.510000 28.849000 2859.269900
108.530000 29.320000 2853.195258
108.550000 29.790000 2884.342000
108.560000 30.261000 2914.945000
108.580000 30.732000 2927.031200
108.600000 31.203000 2932.301000
108.620000 31.673000 2905.153000
108.640000 32.144000 2892.960000
108.650000 32.615000 2896.925000
108.670000 33.085000 2872.832000
108.690000 33.556000 2853.105000
108.710000 34.027000 2877.651000
108.730000 34.498000 2874.087000
108.760000 34.968000 2873.936000
108.780000 35.439000 2868.108000
108.800000 35.910000 2900.924000
108.820000 36.381000 2897.515000
108.850000 36.851000 2909.593000
108.870000 37.322000 2902.249000
108.900000 37.793000 2901.399000
108.920000 38.264000 2903.650000
108.950000 38.734000 2908.509000
108.970000 39.205000 2904.877000
109.000000 39.676000 2912.741400
109.030000 40.147000 2904.324000
109.050000 40.617000 2905.446000
109.080000 41.088000 2898.445000
109.110000 41.559000 2926.264450
109.140000 42.030000 2919.818000
108.820000 21.788000 3020.887800
108.830000 22.259000 2997.069000
108.850000 22.729000 2982.126000
108.860000 23.200000 2951.720000
108.870000 23.671000 2920.079000
108.890000 24.141000 2906.474000
108.900000 24.612000 2921.794000
108.920000 25.083000 2891.823000
108.930000 25.554000 2878.583000
108.950000 26.024000 2887.265000
108.960000 26.495000 2900.063699
108.980000 26.966000 2897.628000
109.000000 27.437000 2892.130200
109.010000 27.907000 2897.385500
109.030000 28.378000 2878.089000
109.050000 28.849000 2882.008700
109.070000 29.320000 2859.180500
109.090000 29.790000 2865.262420
109.110000 30.261000 2925.323000
109.130000 30.732000 2935.299000
109.150000 31.203000 2931.756000
109.170000 31.673000 2901.208000
109.190000 32.144000 2891.007000
109.210000 32.615000 2882.489000
109.230000 33.085000 2880.092300
109.260000 33.556000 2870.083000
109.280000 34.027000 2888.015000
109.300000 34.498000 2888.493000
109.330000 34.968000 2884.057000
109.350000 35.439000 2867.574000
109.380000 35.910000 2891.948000
109.410000 36.381000 2899.430000
109.430000 36.851000 2889.882000
109.460000 37.322000 2900.865000
109.490000 37.793000 2913.762000
109.520000 38.264000 2900.939000
109.550000 38.734000 2897.953000
109.580000 39.205000 2916.546600
109.610000 39.676000 2908.527960
109.640000 40.147000 2905.576000
109.670000 40.617000 2901.471000
109.710000 41.088000 2906.615000
109.740000 41.559000 2909.834300
109.780000 42.030000 2906.413000
109.330000 21.788000 3012.413000
109.340000 22.259000 2982.133000
109.360000 22.729000 2979.386000
109.370000 23.200000 2955.650000
109.390000 23.671000 2937.685000
109.400000 24.141000 2942.990000
109.420000 24.612000 2922.270000
109.440000 25.083000 2892.750000
109.450000 25.554000 2893.381000
109.470000 26.024000 2889.082000
109.490000 26.495000 2891.205000
109.510000 26.966000 2909.021200
109.530000 27.437000 2944.037000
109.550000 27.907000 2934.121000
109.570000 28.378000 2926.019000
109.590000 28.849000 2910.719700
109.610000 29.320000 2886.640970
109.630000 29.790000 2869.246400
109.650000 30.261000 2885.156000
109.670000 30.732000 2916.974000
109.700000 31.203000 2922.503000
109.720000 31.673000 2905.138000
109.740000 32.144000 2888.490000
109.770000 32.615000 2881.229000
109.800000 33.085000 2874.498200
109.820000 33.556000 2868.035000
109.850000 34.027000 2882.415000
109.870000 34.498000 2909.175000
109.900000 34.968000 2900.844000
109.930000 35.439000 2888.946000
109.960000 35.910000 2888.148000
109.990000 36.381000 2908.416000
110.020000 36.851000 2895.768000
110.050000 37.322000 2881.474000
110.080000 37.793000 2899.224000
110.120000 38.264000 2910.611000
110.150000 38.734000 2923.171000
110.180000 39.205000 2921.454000
110.220000 39.676000 2926.362600
110.260000 40.147000 2929.161000
110.290000 40.617000 2898.307900
110.330000 41.088000 2917.896000
110.370000 41.559000 2882.950000
110.410000 42.030000 2880.004000
109.830000 21.788000 2998.571000
109.850000 22.259000 2965.174000
109.870000 22.729000 2950.049000
109.880000 23.200000 2945.602000
109.900000 23.671000 2932.596000
109.920000 24.141000 2937.348000
109.940000 24.612000 2937.587000
109.950000 25.083000 2908.419000
109.970000 25.554000 2885.217000
109.990000 26.024000 2888.388000
110.010000 26.495000 2894.401400
110.030000 26.966000 2904.545900
110.060000 27.437000 2927.654000
110.080000 27.907000 2936.250000
110.100000 28.378000 2935.215900
110.120000 28.849000 2937.577000
110.150000 29.320000 2912.636500
110.170000 29.790000 2886.051000
110.200000 30.261000 2884.463100
110.220000 30.732000 2910.891000
110.250000 31.203000 2905.208200
110.270000 31.673000 2889.915000
110.300000 32.144000 2895.097000
110.330000 32.615000 2894.640000
110.360000 33.085000 2881.242700
110.380000 33.556000 2859.514000
110.410000 34.027000 2873.591000
110.440000 34.498000 2905.542000
110.480000 34.968000 2912.969000
110.510000 35.439000 2884.047000
110.540000 35.910000 2889.041000
110.570000 36.381000 2883.801000
110.610000 36.851000 2894.988000
110.640000 37.322000 2881.046000
110.680000 37.793000 2891.088000
110.720000 38.264000 2922.671000
110.750000 38.734000 2911.081000
110.790000 39.205000 2932.777000
110.830000 39.676000 2933.965000
110.870000 40.147000 2939.234000
110.910000 40.617000 2899.978200
110.950000 41.088000 2920.766000
111.000000 41.559000 2890.689400
111.040000 42.030000 2867.728600
110.340000 21.788000 3006.532000
110.360000 22.259000 2971.983000
110.370000 22.729000 2945.091000
110.390000 23.200000 2938.612000
110.410000 23.671000 2957.825000
110.430000 24.141000 2913.108000
110.450000 24.612000 2923.247000
110.470000 25.083000 2914.504000
110.490000 25.554000 2893.489000
110.520000 26.024000 2888.150000
110.540000 26.495000 2903.038300
110.560000 26.966000 2904.976900
110.590000 27.437000 2900.100300
110.610000 27.907000 2922.177000
110.630000 28.378000 2929.885000
110.660000 28.849000 2934.009000
110.690000 29.320000 2938.593000
110.710000 29.790000 2894.495000
110.740000 30.261000 2894.891000
110.770000 30.732000 2905.231000
110.800000 31.203000 2869.916000
110.820000 31.673000 2888.213000
110.850000 32.144000 2883.824000
110.890000 32.615000 2894.255730
110.920000 33.085000 2879.225500
110.950000 33.556000 2855.158000
110.980000 34.027000 2870.862000
111.010000 34.498000 2899.396600
111.050000 34.968000 2901.747400
111.080000 35.439000 2913.890000
111.120000 35.910000 2888.162000
111.160000 36.381000 2891.405000
111.190000 36.851000 2898.131000
111.230000 37.322000 2908.901000
111.270000 37.793000 2904.591100
111.310000 38.264000 2913.053000
111.350000 38.734000 2930.635000
111.400000 39.205000 2929.623000
111.440000 39.676000 2923.026000
111.490000 40.147000 2924.777900
111.530000 40.617000 2878.988300
111.580000 41.088000 2909.951000
111.620000 41.559000 2881.473600
111.670000 42.030000 2861.868170
110.840000 21.788000 3040.842000
110.860000 22.259000 2979.472000
110.880000 22.729000 2932.849000
110.900000 23.200000 2969.756000
110.930000 23.671000 2949.951000
110.950000 24.141000 2944.617000
110.970000 24.612000 2911.946000
110.990000 25.083000 2895.277000
111.020000 25.554000 2907.593000
111.040000 26.024000 2895.191000
111.060000 26.495000 2910.519000
111.090000 26.966000 2926.966000
111.110000 27.437000 2889.394900
111.140000 27.907000 2925.598000
111.170000 28.378000 2916.281000
111.200000 28.849000 2932.949000
111.220000 29.320000 2940.488000
111.250000 29.790000 2932.199000
111.280000 30.261000 2932.602000
111.310000 30.732000 2937.014000
111.340000 31.203000 2909.532000
111.380000 31.673000 2891.818000
111.410000 32.144000 2896.562200
111.440000 32.615000 2898.467300
111.480000 33.085000 2899.259700
111.510000 33.556000 2870.378000
111.550000 34.027000 2869.469000
111.580000 34.498000 2886.484800
111.620000 34.968000 2909.892000
111.660000 35.439000 2919.537000
111.700000 35.910000 2889.713000
111.740000 36.381000 2902.474000
111.780000 36.851000 2923.036930
111.820000 37.322000 2907.803000
111.870000 37.793000 2917.719700
111.910000 38.264000 2900.331000
111.960000 38.734000 2906.749400
112.000000 39.205000 2914.801710
112.050000 39.676000 2910.010900
112.100000 40.147000 2898.765400
112.150000 40.617000 2875.279000
112.200000 41.088000 2878.396100
112.250000 41.559000 2863.411700
112.310000 42.030000 2856.780500
111.350000 21.788000 2946.947000
111.370000 22.259000 2922.442000
111.390000 22.729000 2939.515000
111.420000 23.200000 2952.438000
111.440000 23.671000 2971.128000
111.460000 24.141000 2941.805000
111.490000 24.612000 2911.102000
111.510000 25.083000 2891.660000
111.540000 25.554000 2896.117000
111.560000 26.024000 2919.067000
111.590000 26.495000 2947.170500
111.620000 26.966000 2922.588400
111.640000 27.437000 2927.580400
111.670000 27.907000 2938.740650
111.700000 28.378000 2919.277000
111.730000 28.849000 2928.308000
111.760000 29.320000 2959.447000
111.790000 29.790000 2962.220000
111.830000 30.261000 2967.389000
111.860000 30.732000 2973.860600
111.890000 31.203000 2933.642000
111.930000 31.673000 2910.378000
111.960000 32.144000 2912.666000
112.000000 32.615000 2946.933000
112.040000 33.085000 2913.958200
112.080000 33.556000 2862.230000
112.110000 34.027000 2891.239000
112.150000 34.498000 2922.895000
112.200000 34.968000 2924.758100
112.240000 35.439000 2908.430100
112.280000 35.910000 2915.850600
112.320000 36.381000 2912.577130
112.370000 36.851000 2913.413800
112.420000 37.322000 2921.753000
112.460000 37.793000 2932.326000
112.510000 38.264000 2922.402800
112.560000 38.734000 2902.097000
112.610000 39.205000 2901.693400
112.660000 39.676000 2907.369000
112.710000 40.147000 2893.853000
112.770000 40.617000 2871.066000
112.820000 41.088000 2887.925000
112.880000 41.559000 2883.347000
112.940000 42.030000 2855.671900
111.860000 21.788000 2969.352000
111.880000 22.259000 2942.443000
111.900000 22.729000 2954.166000
111.930000 23.200000 2980.205000
111.950000 23.671000 2962.389000
111.980000 24.141000 2946.272000
112.000000 24.612000 2920.670000
112.030000 25.083000 2894.113000
112.060000 25.554000 2904.332000
112.080000 26.024000 2920.648000
112.110000 26.495000 2948.175000
112.140000 26.966000 2950.552900
112.170000 27.437000 2950.950100
112.200000 27.907000 2951.181000
112.240000 28.378000 2936.246400
112.270000 28.849000 2970.944800
112.300000 29.320000 2968.689000
112.340000 29.790000 2955.726000
112.370000 30.261000 3004.987100
112.410000 30.732000 2988.298000
112.440000 31.203000 2939.944700
112.480000 31.673000 2922.658000
112.520000 32.144000 2933.059100
112.560000 32.615000 2923.733000
112.600000 33.085000 2930.774100
112.640000 33.556000 2904.761000
112.680000 34.027000 2937.404300
112.720000 34.498000 2943.138600
112.770000 34.968000 2936.263000
112.810000 35.439000 2922.877000
112.860000 35.910000 2909.890000
112.910000 36.381000 2911.182000
112.960000 36.851000 2904.887000
113.010000 37.322000 2919.132000
113.060000 37.793000 2920.212000
113.110000 38.264000 2924.340000
113.160000 38.734000 2919.752000
113.220000 39.205000 2888.813000
113.270000 39.676000 2887.279000
113.330000 40.147000 2894.682000
113.390000 40.617000 2889.794000
113.450000 41.088000 2882.341000
113.510000 41.559000 2875.740000
113.570000 42.030000 2853.113400
112.360000 21.788000 3019.455100
112.390000 22.259000 2992.870000
112.410000 22.729000 3007.586000
112.440000 23.200000 3024.741000
112.460000 23.671000 2974.917000
112.490000 24.141000 2940.948000
112.520000 24.612000 2931.427000
112.550000 25.083000 2903.649000
112.580000 25.554000 2915.946000
112.610000 26.024000 2918.387000
112.640000 26.495000 2950.774000
112.670000 26.966000 2977.608000
112.700000 27.437000 2984.004000
112.740000 27.907000 2967.349000
112.770000 28.378000 2960.883000
112.800000 28.849000 2975.134000
112.840000 29.320000 2959.545000
112.880000 29.790000 2988.206000
112.910000 30.261000 2982.681800
112.950000 30.732000 2981.375000
112.990000 31.203000 2941.965900
113.030000 31.673000 2922.114000
113.070000 32.144000 2902.988000
113.120000 32.615000 2935.475000
113.160000 33.085000 2936.862000
113.200000 33.556000 2935.651000
113.250000 34.027000 2955.629390
113.290000 34.498000 2945.269000
113.340000 34.968000 2950.819800
113.390000 35.439000 2921.889000
113.440000 35.910000 2920.746000
113.490000 36.381000 2928.246000
113.540000 36.851000 2926.488000
113.600000 37.322000 2923.461610
113.650000 37.793000 2906.036200
113.710000 38.264000 2911.696900
113.760000 38.734000 2884.691600
113.820000 39.205000 2892.192000
113.880000 39.676000 2906.288000
113.940000 40.147000 2907.379000
114.010000 40.617000 2884.059000
114.070000 41.088000 2870.555000
114.140000 41.559000 2871.330000
114.200000 42.030000 2871.425900
112.870000 21.788000 3053.607000
112.890000 22.259000 3036.507000
112.920000 22.729000 3073.850000
112.950000 23.200000 3073.404000
112.980000 23.671000 3019.877000
113.010000 24.141000 2976.935000
113.040000 24.612000 2905.290000
113.070000 25.083000 2921.797000
113.100000 25.554000 2945.335000
113.130000 26.024000 2911.213000
113.160000 26.495000 2932.268000
113.200000 26.966000 2966.082000
113.230000 27.437000 2960.338000
113.270000 27.907000 2946.802000
113.300000 28.378000 2937.418000
113.340000 28.849000 2954.385000
113.380000 29.320000 2954.608000
113.420000 29.790000 2969.219800
113.460000 30.261000 2975.041000
113.500000 30.732000 2968.784000
113.540000 31.203000 2958.471000
113.580000 31.673000 2928.793000
113.630000 32.144000 2917.633000
113.670000 32.615000 2943.724000
113.720000 33.085000 2934.314000
113.770000 33.556000 2934.813000
113.820000 34.027000 2948.179200
113.860000 34.498000 2971.923600
113.920000 34.968000 2980.928000
113.970000 35.439000 2980.717000
114.020000 35.910000 2950.459000
114.070000 36.381000 2903.586000
114.130000 36.851000 2919.346000
114.190000 37.322000 2923.705600
114.250000 37.793000 2916.268460
114.310000 38.264000 2949.140000
114.370000 38.734000 2925.300780
114.430000 39.205000 2899.668500
114.490000 39.676000 2890.854000
114.560000 40.147000 2874.237000
114.620000 40.617000 2888.890000
114.690000 41.088000 2874.580000
114.760000 41.559000 2880.702000
114.840000 42.030000 2861.497700
113.370000 21.788000 3087.462000
113.400000 22.259000 3053.074000
113.430000 22.729000 3078.539000
113.460000 23.200000 3066.083000
113.490000 23.671000 2992.656000
113.520000 24.141000 2942.420000
113.550000 24.612000 2937.347000
113.590000 25.083000 2970.740000
113.620000 25.554000 2925.329000
113.650000 26.024000 2886.316000
113.690000 26.495000 2911.480000
113.720000 26.966000 2932.134000
113.760000 27.437000 2945.076000
113.800000 27.907000 2953.923000
113.840000 28.378000 2953.372000
113.880000 28.849000 2934.611000
113.920000 29.320000 2921.132000
113.960000 29.790000 2943.403000
114.000000 30.261000 2951.672000
114.050000 30.732000 2957.531000
114.090000 31.203000 2936.765500
114.140000 31.673000 2906.023000
114.180000 32.144000 2926.014000
114.230000 32.615000 2948.657400
114.280000 33.085000 2946.854700
114.330000 33.556000 2989.871700
114.380000 34.027000 2997.187300
114.440000 34.498000 3020.460400
114.490000 34.968000 3017.681200
114.540000 35.439000 2983.099000
114.600000 35.910000 2972.733000
114.660000 36.381000 2957.469000
114.720000 36.851000 2981.050000
114.780000 37.322000 2951.624000
114.840000 37.793000 2964.654000
114.900000 38.264000 2968.044000
114.970000 38.734000 2965.952000
115.030000 39.205000 2905.916700
115.100000 39.676000 2893.019000
115.170000 40.147000 2905.070000
115.240000 40.617000 2908.560000
115.320000 41.088000 2862.228082
115.390000 41.559000 2885.943000
115.470000 42.030000 2833.587000
113.880000 21.788000 3112.281000
113.910000 22.259000 3070.831000
113.940000 22.729000 3021.286000
113.970000 23.200000 2989.003000
114.000000 23.671000 2935.631000
114.040000 24.141000 2930.610000
114.070000 24.612000 2923.041000
114.100000 25.083000 2957.382000
114.140000 25.554000 2926.760000
114.180000 26.024000 2895.254000
114.210000 26.495000 2920.589000
114.250000 26.966000 2955.256000
114.290000 27.437000 2937.941000
114.330000 27.907000 2945.871000
114.370000 28.378000 2932.454000
114.410000 28.849000 2928.280000
114.460000 29.320000 2924.001800
114.500000 29.790000 2930.585000
114.550000 30.261000 2939.212000
114.590000 30.732000 2943.152500
114.640000 31.203000 2929.426000
114.690000 31.673000 2907.758000
114.740000 32.144000 2961.119700
114.790000 32.615000 2957.796000
114.840000 33.085000 2965.978900
114.890000 33.556000 3036.707000
114.950000 34.027000 3003.694800
115.010000 34.498000 2998.795300
115.060000 34.968000 2993.814000
115.120000 35.439000 2980.890000
115.180000 35.910000 2984.993000
115.240000 36.381000 2987.570000
115.300000 36.851000 2989.092000
115.370000 37.322000 2987.198000
115.430000 37.793000 3007.796000
115.500000 38.264000 3027.466000
115.570000 38.734000 2986.995000
115.640000 39.205000 2973.340000
115.710000 39.676000 2938.860000
115.790000 40.147000 2920.447000
115.860000 40.617000 2892.227000
115.940000 41.088000 2868.247000
116.020000 41.559000 2857.998100
116.100000 42.030000 2845.355000
114.390000 21.788000 3124.455500
114.420000 22.259000 3087.024000
114.450000 22.729000 2981.230000
114.480000 23.200000 2950.047000
114.520000 23.671000 2945.216000
114.550000 24.141000 2933.242000
114.590000 24.612000 2931.058000
114.620000 25.083000 2950.505000
114.660000 25.554000 2980.038000
114.700000 26.024000 2985.217000
114.740000 26.495000 2967.532000
114.780000 26.966000 2986.529600
114.820000 27.437000 2964.861000
114.860000 27.907000 2948.376000
114.910000 28.378000 2942.276000
114.950000 28.849000 2901.305000
115.000000 29.320000 2933.153000
115.040000 29.790000 2936.317700
115.090000 30.261000 2928.331300
115.140000 30.732000 2904.686000
115.190000 31.203000 2920.061100
115.240000 31.673000 2931.467000
115.290000 32.144000 2955.076290
115.350000 32.615000 2951.278000
115.400000 33.085000 2957.607000
115.460000 33.556000 2988.375000
115.520000 34.027000 2969.139400
115.580000 34.498000 2985.003000
115.640000 34.968000 2994.613000
115.700000 35.439000 3000.852000
115.760000 35.910000 2995.128000
115.830000 36.381000 2989.458000
115.890000 36.851000 3004.602000
115.960000 37.322000 3025.874000
116.030000 37.793000 3024.954000
116.100000 38.264000 3031.077000
116.170000 38.734000 3017.321000
116.250000 39.205000 2984.558000
116.320000 39.676000 3001.118000
116.400000 40.147000 2931.189000
116.480000 40.617000 2902.350000
116.560000 41.088000 2873.282500
116.650000 41.559000 2860.172000
116.730000 42.030000 2862.051700
114.890000 21.788000 3113.316700
114.920000 22.259000 3088.204000
114.960000 22.729000 2997.689000
114.990000 23.200000 2952.427000
115.030000 23.671000 2929.965000
115.070000 24.141000 2926.986000
115.100000 24.612000 2927.467000
115.140000 25.083000 2944.080000
115.180000 25.554000 2977.425000
115.220000 26.024000 2973.486000
115.260000 26.495000 2937.043000
115.310000 26.966000 2957.670000
115.350000 27.437000 2957.056000
115.390000 27.907000 2961.360000
115.440000 28.378000 2948.474000
115.490000 28.849000 2936.314000
115.530000 29.320000 2934.315000
115.580000 29.790000 2940.955900
115.630000 30.261000 2920.384500
115.690000 30.732000 2900.600000
115.740000 31.203000 2905.883100
115.790000 31.673000 2931.968000
115.850000 32.144000 2946.196530
115.900000 32.615000 2953.800000
115.960000 33.085000 2951.911900
116.020000 33.556000 2956.544400
116.080000 34.027000 2968.832200
116.150000 34.498000 2982.153000
116.210000 34.968000 2992.753000
116.270000 35.439000 2993.974000
116.340000 35.910000 2992.211100
116.410000 36.381000 3014.467000
116.480000 36.851000 3025.702000
116.550000 37.322000 3025.267000
116.620000 37.793000 3032.329000
116.700000 38.264000 3040.841000
116.780000 38.734000 3036.802000
116.850000 39.205000 3006.018000
116.930000 39.676000 3002.150000
117.020000 40.147000 2940.513000
117.100000 40.617000 2910.265000
117.190000 41.088000 2910.307000
117.280000 41.559000 2877.232000
117.370000 42.030000 2865.769000
115.400000 21.788000 3132.943800
115.430000 22.259000 3097.280000
115.470000 22.729000 3029.387000
115.500000 23.200000 2955.039000
115.540000 23.671000 2931.837000
115.580000 24.141000 2941.273000
115.620000 24.612000 2937.920000
115.660000 25.083000 2926.506000
115.700000 25.554000 2941.177000
115.740000 26.024000 2925.027000
115.790000 26.495000 2916.852000
115.830000 26.966000 2915.814000
115.880000 27.437000 2945.475000
115.930000 27.907000 2961.603000
115.970000 28.378000 2967.834500
116.020000 28.849000 2964.419170
116.070000 29.320000 2957.781800
116.130000 29.790000 2965.915100
116.180000 30.261000 2962.306000
116.230000 30.732000 2907.136900
116.290000 31.203000 2892.545100
116.340000 31.673000 2933.156000
116.400000 32.144000 2946.000800
116.460000 32.615000 2946.461300
116.520000 33.085000 2942.343600
116.590000 33.556000 2929.587900
116.650000 34.027000 2935.800100
116.720000 34.498000 2958.621000
116.780000 34.968000 2967.288000
116.850000 35.439000 2963.564800
116.920000 35.910000 2966.722200
116.990000 36.381000 2981.571770
117.070000 36.851000 3007.878000
117.140000 37.322000 3030.896000
117.220000 37.793000 3059.707000
117.300000 38.264000 3026.651000
117.380000 38.734000 3034.147000
117.460000 39.205000 3043.796000
117.540000 39.676000 3012.533000
117.630000 40.147000 2957.696000
117.720000 40.617000 2916.813000
117.810000 41.088000 2919.992000
117.900000 41.559000 2879.054000
118.000000 42.030000 2873.110800
115.900000 21.788000 3113.439000
115.940000 22.259000 3079.423000
115.980000 22.729000 3025.718000
116.020000 23.200000 2970.886000
116.050000 23.671000 2961.712000
116.100000 24.141000 2943.544300
116.140000 24.612000 2944.475000
116.180000 25.083000 2918.941000
116.220000 25.554000 2924.974000
116.270000 26.024000 2924.648000
116.310000 26.495000 2919.694000
116.360000 26.966000 2922.663000
116.410000 27.437000 2922.483000
116.460000 27.907000 2948.293000
116.510000 28.378000 2968.691400
116.560000 28.849000 2974.041000
116.610000 29.320000 2948.741800
116.670000 29.790000 2956.592100
116.720000 30.261000 2956.754000
116.780000 30.732000 2931.383300
116.840000 31.203000 2927.855000
116.900000 31.673000 2955.560000
116.960000 32.144000 2959.226000
117.020000 32.615000 2960.665000
117.080000 33.085000 2936.329800
117.150000 33.556000 2941.767000
117.220000 34.027000 2957.523000
117.290000 34.498000 2940.941000
117.360000 34.968000 2940.233300
117.430000 35.439000 2953.757200
117.500000 35.910000 2969.788800
117.580000 36.381000 2971.040200
117.650000 36.851000 2998.753000
117.730000 37.322000 3035.850000
117.810000 37.793000 3038.548000
117.890000 38.264000 3078.005000
117.980000 38.734000 3102.088000
118.070000 39.205000 3039.738000
118.150000 39.676000 3042.354000
118.250000 40.147000 2989.495000
118.340000 40.617000 2930.910000
118.430000 41.088000 2911.700000
118.530000 41.559000 2879.914200
118.630000 42.030000 2893.364000
116.410000 21.788000 3127.844000
116.450000 22.259000 3094.585000
116.490000 22.729000 3051.298800
116.530000 23.200000 3027.326000
116.570000 23.671000 3006.186000
116.610000 24.141000 2944.428000
116.650000 24.612000 2932.454000
116.700000 25.083000 2920.153000
116.740000 25.554000 2919.887000
116.790000 26.024000 2923.082000
116.840000 26.495000 2920.211000
116.890000 26.966000 2934.055000
116.940000 27.437000 2924.419000
116.990000 27.907000 2945.555000
117.040000 28.378000 2958.203746
117.100000 28.849000 2957.673300
117.150000 29.320000 2943.691200
117.210000 29.790000 2924.530000
117.270000 30.261000 2927.330000
117.330000 30.732000 2941.443600
117.390000 31.203000 2970.293000
117.450000 31.673000 2955.043200
117.510000 32.144000 2963.799800
117.580000 32.615000 2968.354000
117.640000 33.085000 2948.559800
117.710000 33.556000 2973.313000
117.780000 34.027000 2965.332000
117.860000 34.498000 2955.577000
117.930000 34.968000 2942.371900
118.000000 35.439000 2959.949800
118.080000 35.910000 2955.741700
118.160000 36.381000 2968.556100
118.240000 36.851000 2990.620000
118.320000 37.322000 3028.219000
118.410000 37.793000 3063.280000
118.490000 38.264000 3153.489000
118.580000 38.734000 3142.864000
118.670000 39.205000 3148.995000
118.770000 39.676000 3039.000000
118.860000 40.147000 3017.968000
118.960000 40.617000 2953.200000
119.060000 41.088000 2929.792000
119.160000 41.559000 2928.863000
119.260000 42.030000 2935.845000
116.920000 21.788000 3149.425000
116.960000 22.259000 3119.253000
117.000000 22.729000 3108.193000
117.040000 23.200000 3080.456000
117.080000 23.671000 3027.878000
117.120000 24.141000 2977.175000
117.170000 24.612000 2930.317000
117.220000 25.083000 2916.574000
117.260000 25.554000 2919.137000
117.310000 26.024000 2909.807000
117.360000 26.495000 2926.001000
117.410000 26.966000 2924.932000
117.470000 27.437000 2907.312000
117.520000 27.907000 2922.822000
117.580000 28.378000 2939.362800
117.630000 28.849000 2941.655000
117.690000 29.320000 2928.621000
117.750000 29.790000 2928.377000
117.810000 30.261000 2919.340100
117.870000 30.732000 2946.311000
117.940000 31.203000 2971.413000
118.000000 31.673000 2973.168000
118.070000 32.144000 2973.570000
118.140000 32.615000 2982.376000
118.210000 33.085000 2989.530000
118.280000 33.556000 2976.873000
118.350000 34.027000 2966.405000
118.430000 34.498000 2963.628400
118.500000 34.968000 2969.910000
118.580000 35.439000 2967.800000
118.660000 35.910000 2930.161600
118.740000 36.381000 2976.744000
118.830000 36.851000 3018.237000
118.910000 37.322000 3038.770000
119.000000 37.793000 3112.041000
119.090000 38.264000 3234.886000
119.180000 38.734000 3351.502000
119.280000 39.205000 3159.911000
119.380000 39.676000 3059.128000
119.470000 40.147000 3006.552000
119.580000 40.617000 2981.413000
119.680000 41.088000 2962.360000
119.790000 41.559000 2940.912000
119.900000 42.030000 2919.695500
117.420000 21.788000 3124.930000
117.460000 22.259000 3123.213000
117.510000 22.729000 3116.709000
117.550000 23.200000 3060.548000
117.590000 23.671000 3002.091830
117.640000 24.141000 2981.156300
117.690000 24.612000 2938.668000
117.740000 25.083000 2932.900000
117.780000 25.554000 2913.961000
117.840000 26.024000 2911.743000
117.890000 26.495000 2927.545800
117.940000 26.966000 2934.273500
118.000000 27.437000 2939.769000
118.050000 27.907000 2913.275000
118.110000 28.378000 2938.100600
118.170000 28.849000 2942.736000
118.230000 29.320000 2941.107000
118.290000 29.790000 2934.860300
118.350000 30.261000 2914.913000
118.420000 30.732000 2964.565000
118.480000 31.203000 2987.641000
118.550000 31.673000 2991.285000
118.620000 32.144000 2991.571000
118.690000 32.615000 3007.783000
118.770000 33.085000 3012.788000
118.840000 33.556000 2975.118000
118.920000 34.027000 2973.177000
119.000000 34.498000 2960.732600
119.080000 34.968000 2949.525300
119.160000 35.439000 2935.046800
119.240000 35.910000 2971.377000
119.330000 36.381000 2984.612000
119.410000 36.851000 3014.973000
119.500000 37.322000 3104.859000
119.600000 37.793000 3232.883000
119.690000 38.264000 3262.940000
119.790000 38.734000 3193.843000
119.880000 39.205000 3162.516000
119.990000 39.676000 3196.017000
120.090000 40.147000 3042.588000
120.190000 40.617000 2988.593000
120.300000 41.088000 2969.507000
120.410000 41.559000 2948.600000
120.530000 42.030000 2924.355000
117.930000 21.788000 3266.630000
117.970000 22.259000 3216.848000
118.010000 22.729000 3170.350000
118.060000 23.200000 3100.460000
118.110000 23.671000 3050.960000
118.150000 24.141000 2985.473000
118.200000 24.612000 2984.597000
118.250000 25.083000 2965.067000
118.310000 25.554000 2931.088000
118.360000 26.024000 2914.938000
118.410000 26.495000 2914.359000
118.470000 26.966000 2920.398000
118.530000 27.437000 2910.635000
118.580000 27.907000 2910.482000
118.640000 28.378000 2928.413100
118.700000 28.849000 2945.556600
118.770000 29.320000 2930.367000
118.830000 29.790000 2923.599000
118.900000 30.261000 2900.875000
118.970000 30.732000 2949.721000
119.030000 31.203000 2966.143000
119.100000 31.673000 2989.739000
119.180000 32.144000 2994.424000
119.250000 32.615000 3010.239000
119.330000 33.085000 3013.373000
119.400000 33.556000 2984.275000
119.480000 34.027000 3001.768000
119.570000 34.498000 2998.560000
119.650000 34.968000 2973.711000
119.730000 35.439000 2945.494000
119.820000 35.910000 2940.079000
119.910000 36.381000 2964.545000
120.000000 36.851000 2963.418000
120.090000 37.322000 2998.773000
120.190000 37.793000 3016.770000
120.290000 38.264000 3064.754000
120.390000 38.734000 3138.330000
120.490000 39.205000 3168.700000
120.600000 39.676000 3160.908000
120.700000 40.147000 3122.945000
120.810000 40.617000 3095.880000
120.930000 41.088000 2996.469000
121.040000 41.559000 2972.759000
121.160000 42.030000 2960.855000
118.430000 21.788000 3300.810000
118.480000 22.259000 3299.330000
118.520000 22.729000 3188.500000
118.570000 23.200000 3078.350000
118.620000 23.671000 3066.920000
118.670000 24.141000 3084.440000
118.720000 24.612000 3058.833000
118.770000 25.083000 3043.361000
118.830000 25.554000 2954.344000
118.880000 26.024000 2934.564000
118.940000 26.495000 2940.104000
119.000000 26.966000 2927.950000
119.050000 27.437000 2929.918000
119.120000 27.907000 2898.052000
119.180000 28.378000 2914.847200
119.240000 28.849000 2939.901400
119.310000 29.320000 2965.611000
119.370000 29.790000 2919.606000
119.440000 30.261000 2925.674000
119.510000 30.732000 2937.109000
119.580000 31.203000 2971.220000
119.660000 31.673000 2986.913000
119.730000 32.144000 2987.438000
119.810000 32.615000 3012.186000
119.890000 33.085000 3036.121000
119.970000 33.556000 3015.985000
120.050000 34.027000 3002.207000
120.140000 34.498000 3010.065000
120.220000 34.968000 2984.266000
120.310000 35.439000 2975.361000
120.400000 35.910000 2954.294000
120.490000 36.381000 2983.578000
120.590000 36.851000 2976.829000
120.690000 37.322000 2963.182000
120.780000 37.793000 2988.013000
120.890000 38.264000 3049.467000
120.990000 38.734000 3097.560000
121.100000 39.205000 3080.983000
121.210000 39.676000 3070.770000
121.320000 40.147000 3034.437000
121.430000 40.617000 3080.625000
121.550000 41.088000 3040.168000
121.670000 41.559000 2977.431000
121.790000 42.030000 2983.304000
118.940000 21.788000 3437.440000
118.990000 22.259000 3292.790000
119.030000 22.729000 3066.400000
119.080000 23.200000 3104.830000
119.130000 23.671000 3094.004000
119.180000 24.141000 3080.107000
119.240000 24.612000 3077.520000
119.290000 25.083000 3018.013000
119.350000 25.554000 2988.700400
119.400000 26.024000 2975.202000
119.460000 26.495000 2964.280000
119.520000 26.966000 2953.019000
119.580000 27.437000 2927.694000
119.650000 27.907000 2927.142000
119.710000 28.378000 2933.275050
119.780000 28.849000 2945.637400
119.850000 29.320000 2954.789000
119.910000 29.790000 2954.577000
119.990000 30.261000 2955.233000
120.060000 30.732000 2955.179000
120.130000 31.203000 2984.234000
120.210000 31.673000 2987.945000
120.290000 32.144000 3004.804000
120.370000 32.615000 3032.986000
120.450000 33.085000 3035.708000
120.530000 33.556000 3001.702000
120.620000 34.027000 3008.571000
120.710000 34.498000 3046.595000
120.790000 34.968000 3027.434000
120.890000 35.439000 3035.810000
120.980000 35.910000 3024.372000
121.080000 36.381000 2983.894000
121.180000 36.851000 2983.544000
121.280000 37.322000 2973.370000
121.380000 37.793000 2993.625000
121.480000 38.264000 3041.670000
121.590000 38.734000 3042.970000
121.700000 39.205000 3056.610000
121.820000 39.676000 3020.686000
121.930000 40.147000 3081.860000
119.450000 21.788000 3235.910000
119.490000 22.259000 3185.600000
119.540000 22.729000 3088.150000
119.590000 23.200000 3117.210000
119.650000 23.671000 3117.060000
119.700000 24.141000 3118.720000
119.750000 24.612000 3071.819000
119.810000 25.083000 2995.297000
119.870000 25.554000 3004.416000
119.930000 26.024000 2991.554000
119.990000 26.495000 2993.112000
120.050000 26.966000 2973.874000
120.110000 27.437000 2933.666000
120.180000 27.907000 2933.429000
120.250000 28.378000 2933.307000
120.310000 28.849000 2953.376600
120.380000 29.320000 2959.728000
120.460000 29.790000 2967.487000
120.530000 30.261000 2984.505000
120.600000 30.732000 3014.260000
120.680000 31.203000 2993.848000
120.760000 31.673000 2960.926000
120.840000 32.144000 3022.092000
120.920000 32.615000 3050.292000
121.010000 33.085000 3030.619000
121.100000 33.556000 3026.260000
121.180000 34.027000 3012.950000
121.280000 34.498000 3040.190000
121.370000 34.968000 3059.320000
121.460000 35.439000 3047.140000
121.560000 35.910000 3042.640000
121.660000 36.381000 3065.280000
121.760000 36.851000 3002.479000
121.870000 37.322000 2988.678000
121.970000 37.793000 3046.070000
119.950000 21.788000 3117.690000
120.000000 22.259000 3089.010000
120.050000 22.729000 3036.486000
120.100000 23.200000 3035.016000
120.160000 23.671000 3098.741000
120.210000 24.141000 3116.495000
120.270000 24.612000 3071.478000
120.330000 25.083000 3119.730000
120.390000 25.554000 3158.280000
120.450000 26.024000 3203.350000
120.510000 26.495000 3125.156000
120.580000 26.966000 2997.913400
120.640000 27.437000 2997.501000
120.710000 27.907000 2967.372000
120.780000 28.378000 2954.905700
120.850000 28.849000 2958.999100
120.920000 29.320000 2961.110400
121.000000 29.790000 2970.502800
121.070000 30.261000 2986.733000
121.150000 30.732000 3000.157000
121.230000 31.203000 2990.887000
121.310000 31.673000 3010.190000
121.400000 32.144000 3000.769000
121.480000 32.615000 3056.931000
121.570000 33.085000 3063.964000
121.660000 33.556000 3065.940000
121.750000 34.027000 3058.780000
121.850000 34.498000 3078.640000
121.940000 34.968000 3092.900000
120.460000 21.788000 3056.208000
120.510000 22.259000 3036.604000
120.560000 22.729000 3079.334000
120.620000 23.200000 3118.164000
120.670000 23.671000 3045.651000
120.730000 24.141000 3051.710000
120.790000 24.612000 3117.030000
120.850000 25.083000 3170.112000
120.910000 25.554000 3282.883000
120.970000 26.024000 3285.020000
121.040000 26.495000 3216.055000
121.100000 26.966000 3096.085000
121.170000 27.437000 3059.336000
121.240000 27.907000 3027.057000
121.310000 28.378000 3002.877000
121.390000 28.849000 2987.873800
121.460000 29.320000 2988.063000
121.540000 29.790000 2999.271000
121.620000 30.261000 3011.714000
121.700000 30.732000 3037.310000
121.780000 31.203000 3027.775000
121.860000 31.673000 3012.965000
121.950000 32.144000 3056.203000
120.960000 21.788000 3112.339000
121.020000 22.259000 3225.350000
121.070000 22.729000 3256.899000
121.130000 23.200000 3170.953000
121.180000 23.671000 3196.050000
121.240000 24.141000 3062.770000
121.300000 24.612000 3080.011000
121.370000 25.083000 3226.976000
121.430000 25.554000 3268.336000
121.500000 26.024000 3255.514000
121.560000 26.495000 3287.580000
121.630000 26.966000 3196.360000
121.700000 27.437000 3175.990000
121.770000 27.907000 3113.650000
121.850000 28.378000 2998.794000
121.920000 28.849000 3024.272000
121.470000 21.788000 3414.830000
121.520000 22.259000 3279.848000
121.580000 22.729000 3278.437000
121.640000 23.200000 3273.382000
121.700000 23.671000 3148.257000
121.760000 24.141000 3072.678000
121.820000 24.612000 3234.150000
121.880000 25.083000 3242.037000
121.950000 25.554000 3239.728000
121.970000 21.788000 3279.306000
