104.770000 21.788000 3135.333100
104.770000 22.259000 3107.253000
104.770000 22.729000 3038.275000
104.770000 23.200000 2921.187000
104.770000 23.671000 2882.120000
104.770000 24.141000 2890.193000
104.770000 24.612000 2882.422000
104.770000 25.083000 2907.255000
104.770000 25.554000 2879.890000
104.770000 26.024000 2879.580000
104.760000 26.495000 2858.935000
104.760000 26.966000 2839.075200
104.760000 27.437000 2822.728000
104.760000 27.907000 2875.564000
104.760000 28.378000 2919.489000
104.760000 28.849000 2964.365000
104.760000 29.320000 2995.211000
104.760000 29.790000 2963.985000
104.760000 30.261000 2969.014000
104.760000 30.732000 2958.198000
104.750000 31.203000 2963.090000
104.750000 31.673000 2924.023000
104.750000 32.144000 2865.430000
104.750000 32.615000 2856.042000
104.750000 33.085000 2812.220000
104.750000 33.556000 2781.687000
104.750000 34.027000 2772.287000
104.740000 34.498000 2793.331000
104.740000 34.968000 2812.822000
104.740000 35.439000 2802.759000
104.740000 35.910000 2815.432000
104.740000 36.381000 2825.142000
104.740000 36.851000 2835.978000
104.740000 37.322000 2842.551000
104.730000 37.793000 2831.360000
104.730000 38.264000 2856.724000
104.730000 38.734000 2867.341000
104.730000 39.205000 2877.141000
104.730000 39.676000 2872.197000
104.720000 40.147000 2885.872000
104.720000 40.617000 2909.987000
104.720000 41.088000 2909.803000
104.720000 41.559000 2900.649000
104.720000 42.030000 2899.990000
105.280000 21.788000 3140.311000
105.280000 22.259000 3111.624000
105.280000 22.729000 3062.963000
105.280000 23.200000 2947.585000
105.280000 23.671000 2879.896000
105.280000 24.141000 2883.012000
105.290000 24.612000 2905.857000
105.290000 25.083000 2894.510000
105.290000 25.554000 2892.709000
105.290000 26.024000 2905.456000
105.290000 26.495000 2870.109000
105.290000 26.966000 2857.112100
105.290000 27.437000 2857.263300
105.290000 27.907000 2889.079000
105.290000 28.378000 2938.933000
105.300000 28.849000 2969.843000
105.300000 29.320000 2979.510000
105.300000 29.790000 2961.116000
105.300000 30.261000 2945.208000
105.300000 30.732000 2947.582000
105.300000 31.203000 2945.579000
105.300000 31.673000 2924.988000
105.310000 32.144000 2889.956000
105.310000 32.615000 2869.818000
105.310000 33.085000 2806.740000
105.310000 33.556000 2779.140000
105.310000 34.027000 2748.580000
105.310000 34.498000 2780.800000
105.320000 34.968000 2817.472000
105.320000 35.439000 2800.726000
105.320000 35.910000 2814.103000
105.320000 36.381000 2841.451000
105.320000 36.851000 2837.551000
105.330000 37.322000 2840.784000
105.330000 37.793000 2855.346000
105.330000 38.264000 2874.648000
105.330000 38.734000 2878.229000
105.330000 39.205000 2876.790000
105.340000 39.676000 2880.522500
105.340000 40.147000 2887.105000
105.340000 40.617000 2897.862000
105.340000 41.088000 2900.377000
105.350000 41.559000 2883.335000
105.350000 42.030000 2902.564000
105.790000 21.788000 3146.154000
105.790000 22.259000 3113.134000
105.790000 22.729000 3041.324000
105.790000 23.200000 2982.776000
105.800000 23.671000 2951.636000
105.800000 24.141000 2969.323000
105.800000 24.612000 2951.751000
105.810000 25.083000 2899.375000
105.810000 25.554000 2904.054000
105.810000 26.024000 2921.915000
105.810000 26.495000 2870.185500
105.820000 26.966000 2848.713300
105.820000 27.437000 2849.748000
105.830000 27.907000 2891.534000
105.830000 28.378000 2947.696000
105.830000 28.849000 2971.920000
105.840000 29.320000 2978.915000
105.840000 29.790000 2971.775000
105.840000 30.261000 2937.536000
105.850000 30.732000 2927.911000
105.850000 31.203000 2943.013000
105.860000 31.673000 2945.384000
105.860000 32.144000 2909.642000
105.870000 32.615000 2890.345000
105.870000 33.085000 2852.176000
105.870000 33.556000 2836.728000
105.880000 34.027000 2831.646000
105.880000 34.498000 2832.224000
105.890000 34.968000 2839.928000
105.890000 35.439000 2862.512000
105.900000 35.910000 2872.183000
105.910000 36.381000 2876.876000
105.910000 36.851000 2878.783000
105.920000 37.322000 2872.222000
105.920000 37.793000 2884.608000
105.930000 38.264000 2894.485000
105.930000 38.734000 2933.604300
105.940000 39.205000 2887.958000
105.950000 39.676000 2852.934000
105.950000 40.147000 2876.019000
105.960000 40.617000 2900.994000
105.970000 41.088000 2899.461000
105.970000 41.559000 2894.750000
105.980000 42.030000 2901.098000
106.290000 21.788000 3145.470000
106.300000 22.259000 3136.553000
106.300000 22.729000 3084.248000
106.300000 23.200000 3047.097000
106.310000 23.671000 3058.019000
106.310000 24.141000 3043.799000
106.320000 24.612000 2988.397000
106.320000 25.083000 2943.846000
106.330000 25.554000 2920.994000
106.330000 26.024000 2914.917000
106.340000 26.495000 2871.180400
106.350000 26.966000 2870.589100
106.350000 27.437000 2871.475000
106.360000 27.907000 2887.153000
106.360000 28.378000 2940.426000
106.370000 28.849000 2965.400000
106.380000 29.320000 2959.685000
106.380000 29.790000 2950.484000
106.390000 30.261000 2945.344000
106.390000 30.732000 2938.316000
106.400000 31.203000 2965.465000
106.410000 31.673000 2958.875000
106.420000 32.144000 2939.304000
106.420000 32.615000 2914.101000
106.430000 33.085000 2884.299000
106.440000 33.556000 2853.012000
106.450000 34.027000 2843.320000
106.450000 34.498000 2856.484000
106.460000 34.968000 2878.580000
106.470000 35.439000 2930.577000
106.480000 35.910000 2918.757000
106.490000 36.381000 2918.081000
106.500000 36.851000 2902.400000
106.510000 37.322000 2886.882000
106.520000 37.793000 2886.699000
106.530000 38.264000 2935.358000
106.540000 38.734000 2963.387000
106.550000 39.205000 2936.548000
106.560000 39.676000 2906.598000
106.570000 40.147000 2885.545000
106.580000 40.617000 2886.419000
106.590000 41.088000 2919.394800
106.600000 41.559000 2913.168000
106.610000 42.030000 2931.633000
106.800000 21.788000 3162.734000
106.800000 22.259000 3155.726000
106.810000 22.729000 3134.935000
106.820000 23.200000 3126.972000
106.820000 23.671000 3131.957000
106.830000 24.141000 3097.641000
106.840000 24.612000 3003.287000
106.840000 25.083000 2956.211000
106.850000 25.554000 2924.273000
106.860000 26.024000 2922.406000
106.860000 26.495000 2902.421300
106.870000 26.966000 2904.462100
106.880000 27.437000 2906.324000
106.890000 27.907000 2895.966700
106.900000 28.378000 2923.764800
106.910000 28.849000 2942.951400
106.910000 29.320000 2938.408000
106.920000 29.790000 2957.729000
106.930000 30.261000 2962.848000
106.940000 30.732000 2963.476000
106.950000 31.203000 2950.019000
106.960000 31.673000 2971.528000
106.970000 32.144000 2954.812000
106.980000 32.615000 2910.705000
106.990000 33.085000 2904.569000
107.000000 33.556000 2860.815000
107.010000 34.027000 2859.114000
107.020000 34.498000 2874.838000
107.040000 34.968000 2916.725000
107.050000 35.439000 2951.169000
107.060000 35.910000 2939.944000
107.070000 36.381000 2940.360000
107.090000 36.851000 2910.424000
107.100000 37.322000 2887.848000
107.110000 37.793000 2891.014000
107.130000 38.264000 2899.724000
107.140000 38.734000 2910.025000
107.150000 39.205000 2938.335000
107.170000 39.676000 2896.371000
107.180000 40.147000 2895.743000
107.200000 40.617000 2904.699000
107.210000 41.088000 2900.193000
107.230000 41.559000 2913.361000
107.250000 42.030000 2929.035000
107.300000 21.788000 3215.553100
107.310000 22.259000 3187.921000
107.320000 22.729000 3167.463000
107.330000 23.200000 3169.709000
107.330000 23.671000 3133.984000
107.340000 24.141000 3061.075000
107.350000 24.612000 3009.140000
107.360000 25.083000 2992.028000
107.370000 25.554000 2953.860000
107.380000 26.024000 2944.119000
107.390000 26.495000 2894.895500
107.400000 26.966000 2893.600000
107.410000 27.437000 2911.472000
107.420000 27.907000 2885.634300
107.430000 28.378000 2900.825900
107.440000 28.849000 2903.350200
107.450000 29.320000 2937.863300
107.460000 29.790000 2954.670000
107.480000 30.261000 2976.713000
107.490000 30.732000 2982.417000
107.500000 31.203000 2971.978000
107.510000 31.673000 2959.208000
107.530000 32.144000 2934.896000
107.540000 32.615000 2903.585000
107.550000 33.085000 2907.932000
107.570000 33.556000 2842.971000
107.580000 34.027000 2888.081000
107.590000 34.498000 2897.864000
107.610000 34.968000 2903.719000
107.620000 35.439000 2923.055000
107.640000 35.910000 2922.876000
107.660000 36.381000 2927.803000
107.670000 36.851000 2912.416000
107.690000 37.322000 2903.210000
107.710000 37.793000 2901.420000
107.720000 38.264000 2917.098000
107.740000 38.734000 2907.862000
107.760000 39.205000 2901.027000
107.780000 39.676000 2898.591000
107.800000 40.147000 2923.043000
107.820000 40.617000 2923.068300
107.840000 41.088000 2914.500000
107.860000 41.559000 2959.915000
107.880000 42.030000 2945.587000
107.810000 21.788000 3216.647900
107.820000 22.259000 3220.091800
107.830000 22.729000 3223.265300
107.840000 23.200000 3205.360000
107.850000 23.671000 3143.186000
107.860000 24.141000 3059.186000
107.870000 24.612000 3045.745000
107.880000 25.083000 3024.974000
107.890000 25.554000 2983.864000
107.900000 26.024000 2936.428000
107.910000 26.495000 2927.987300
107.930000 26.966000 2912.867500
107.940000 27.437000 2924.709000
107.950000 27.907000 2914.482000
107.960000 28.378000 2914.480000
107.980000 28.849000 2912.648260
107.990000 29.320000 2907.612300
108.010000 29.790000 2935.391520
108.020000 30.261000 2973.671700
108.030000 30.732000 2988.690400
108.050000 31.203000 2971.121900
108.060000 31.673000 2939.562000
108.080000 32.144000 2923.306500
108.100000 32.615000 2924.669400
108.110000 33.085000 2892.233000
108.130000 33.556000 2852.323000
108.150000 34.027000 2896.075000
108.160000 34.498000 2888.643000
108.180000 34.968000 2875.856000
108.200000 35.439000 2914.337000
108.220000 35.910000 2938.097000
108.240000 36.381000 2929.089000
108.260000 36.851000 2918.446000
108.280000 37.322000 2910.184000
108.300000 37.793000 2905.340000
108.320000 38.264000 2903.963000
108.340000 38.734000 2914.348000
108.370000 39.205000 2917.773000
108.390000 39.676000 2932.246000
108.410000 40.147000 2942.170900
108.440000 40.617000 2933.686000
108.460000 41.088000 2923.550000
108.490000 41.559000 2968.477000
108.510000 42.030000 2950.328000
108.310000 21.788000 3233.479170
108.330000 22.259000 3230.547800
108.340000 22.729000 3229.418900
108.350000 23.200000 3223.570000
108.360000 23.671000 3139.012000
108.370000 24.141000 3079.644000
108.390000 24.612000 3067.587000
108.400000 25.083000 3013.619000
108.410000 25.554000 2965.506000
108.430000 26.024000 2920.054000
108.440000 26.495000 2919.125000
108.450000 26.966000 2911.977600
108.470000 27.437000 2923.318500
108.480000 27.907000 2925.586300
108.500000 28.378000 2919.832600
108.510000 28.849000 2898.962600
108.530000 29.320000 2894.858400
108.550000 29.790000 2919.136000
108.560000 30.261000 2954.110000
108.580000 30.732000 2973.170400
108.600000 31.203000 2974.503000
108.620000 31.673000 2943.890000
108.640000 32.144000 2936.274000
108.650000 32.615000 2931.526500
108.670000 33.085000 2896.797000
108.690000 33.556000 2881.168000
108.710000 34.027000 2912.883000
108.730000 34.498000 2950.749000
108.760000 34.968000 2918.029000
108.780000 35.439000 2895.966000
108.800000 35.910000 2925.838000
108.820000 36.381000 2920.245000
108.850000 36.851000 2936.059000
108.870000 37.322000 2934.736000
108.900000 37.793000 2929.969000
108.920000 38.264000 2917.983000
108.950000 38.734000 2922.618000
108.970000 39.205000 2928.033000
109.000000 39.676000 2934.389000
109.030000 40.147000 2930.025900
109.050000 40.617000 2938.007000
109.080000 41.088000 2930.698000
109.110000 41.559000 2952.836300
109.140000 42.030000 2945.898000
108.820000 21.788000 3234.310090
108.830000 22.259000 3231.393300
108.850000 22.729000 3231.080600
108.860000 23.200000 3223.676000
108.870000 23.671000 3161.438000
108.890000 24.141000 3094.042000
108.900000 24.612000 3072.894000
108.920000 25.083000 3047.381000
108.930000 25.554000 2985.035000
108.950000 26.024000 2953.937000
108.960000 26.495000 2942.505500
108.980000 26.966000 2924.890000
109.000000 27.437000 2917.193300
109.010000 27.907000 2931.768000
109.030000 28.378000 2917.364000
109.050000 28.849000 2919.574700
109.070000 29.320000 2899.527300
109.090000 29.790000 2896.733800
109.110000 30.261000 2953.348000
109.130000 30.732000 2971.728000
109.150000 31.203000 2966.023000
109.170000 31.673000 2939.852000
109.190000 32.144000 2937.634000
109.210000 32.615000 2920.316000
109.230000 33.085000 2910.506000
109.260000 33.556000 2894.499000
109.280000 34.027000 2964.790000
109.300000 34.498000 3033.686000
109.330000 34.968000 2969.027000
109.350000 35.439000 2903.749000
109.380000 35.910000 2910.674000
109.410000 36.381000 2918.258000
109.430000 36.851000 2923.480000
109.460000 37.322000 2935.910000
109.490000 37.793000 2940.889000
109.520000 38.264000 2915.500000
109.550000 38.734000 2913.188000
109.580000 39.205000 2935.445500
109.610000 39.676000 2929.980340
109.640000 40.147000 2933.632000
109.670000 40.617000 2935.301000
109.710000 41.088000 2929.629000
109.740000 41.559000 2928.445000
109.780000 42.030000 2931.453000
109.330000 21.788000 3233.475060
109.340000 22.259000 3229.767500
109.360000 22.729000 3228.487600
109.370000 23.200000 3223.259000
109.390000 23.671000 3170.346000
109.400000 24.141000 3140.777000
109.420000 24.612000 3110.821000
109.440000 25.083000 3062.756000
109.450000 25.554000 3023.146000
109.470000 26.024000 2959.257000
109.490000 26.495000 2935.571000
109.510000 26.966000 2941.711600
109.530000 27.437000 2963.166000
109.550000 27.907000 2962.122000
109.570000 28.378000 2961.596000
109.590000 28.849000 2944.580600
109.610000 29.320000 2924.224500
109.630000 29.790000 2900.683900
109.650000 30.261000 2918.291000
109.670000 30.732000 2952.038000
109.700000 31.203000 2940.371000
109.720000 31.673000 2925.203000
109.740000 32.144000 2926.795000
109.770000 32.615000 2926.009000
109.800000 33.085000 2910.599900
109.820000 33.556000 2898.762000
109.850000 34.027000 2942.135000
109.870000 34.498000 3029.920000
109.900000 34.968000 2988.899000
109.930000 35.439000 2919.013000
109.960000 35.910000 2912.466000
109.990000 36.381000 2936.749000
110.020000 36.851000 2926.743000
110.050000 37.322000 2913.580000
110.080000 37.793000 2922.171000
110.120000 38.264000 2936.237000
110.150000 38.734000 2943.462000
110.180000 39.205000 2941.628000
110.220000 39.676000 2948.493100
110.260000 40.147000 2957.573000
110.290000 40.617000 2930.292400
110.330000 41.088000 2934.123000
110.370000 41.559000 2905.737000
110.410000 42.030000 2912.987000
109.830000 21.788000 3231.899300
109.850000 22.259000 3229.545000
109.870000 22.729000 3227.511900
109.880000 23.200000 3227.373100
109.900000 23.671000 3178.340000
109.920000 24.141000 3146.464000
109.940000 24.612000 3135.536000
109.950000 25.083000 3108.631000
109.970000 25.554000 3035.964000
109.990000 26.024000 2975.524000
110.010000 26.495000 2966.735300
110.030000 26.966000 2958.801200
110.060000 27.437000 2960.236000
110.080000 27.907000 2964.496000
110.100000 28.378000 2966.043030
110.120000 28.849000 2968.310000
110.150000 29.320000 2945.680000
110.170000 29.790000 2921.823700
110.200000 30.261000 2926.906000
110.220000 30.732000 2945.243000
110.250000 31.203000 2922.479400
110.270000 31.673000 2912.193200
110.300000 32.144000 2931.636000
110.330000 32.615000 2936.623000
110.360000 33.085000 2917.577200
110.380000 33.556000 2900.635000
110.410000 34.027000 2916.131000
110.440000 34.498000 2973.187000
110.480000 34.968000 2992.766000
110.510000 35.439000 2930.334000
110.540000 35.910000 2925.370000
110.570000 36.381000 2904.043000
110.610000 36.851000 2922.658000
110.640000 37.322000 2909.182000
110.680000 37.793000 2925.353000
110.720000 38.264000 2952.102000
110.750000 38.734000 2935.306000
110.790000 39.205000 2949.418000
110.830000 39.676000 2950.687000
110.870000 40.147000 2957.685000
110.910000 40.617000 2926.162000
110.950000 41.088000 2934.389200
111.000000 41.559000 2915.420800
111.040000 42.030000 2896.417400
110.340000 21.788000 3229.766600
110.360000 22.259000 3225.391600
110.370000 22.729000 3228.820200
110.390000 23.200000 3226.735200
110.410000 23.671000 3183.483000
110.430000 24.141000 3144.970000
110.450000 24.612000 3151.046000
110.470000 25.083000 3111.867000
110.490000 25.554000 3039.620000
110.520000 26.024000 3004.211000
110.540000 26.495000 2992.487000
110.560000 26.966000 2985.879000
110.590000 27.437000 2959.665800
110.610000 27.907000 2967.386000
110.630000 28.378000 2964.408000
110.660000 28.849000 2964.097000
110.690000 29.320000 2970.014000
110.710000 29.790000 2933.648100
110.740000 30.261000 2943.338000
110.770000 30.732000 2942.484000
110.800000 31.203000 2894.808000
110.820000 31.673000 2927.700000
110.850000 32.144000 2963.492000
110.890000 32.615000 2948.738100
110.920000 33.085000 2931.555400
110.950000 33.556000 2900.239000
110.980000 34.027000 2922.584000
111.010000 34.498000 2959.540800
111.050000 34.968000 2973.624500
111.080000 35.439000 2971.108900
111.120000 35.910000 2930.276000
111.160000 36.381000 2920.185000
111.190000 36.851000 2931.207000
111.230000 37.322000 2937.149000
111.270000 37.793000 2930.389700
111.310000 38.264000 2934.506000
111.350000 38.734000 2947.787000
111.400000 39.205000 2941.435000
111.440000 39.676000 2935.597000
111.490000 40.147000 2936.247800
111.530000 40.617000 2898.446900
111.580000 41.088000 2928.384000
111.620000 41.559000 2902.969100
111.670000 42.030000 2887.486870
110.840000 21.788000 3234.699480
110.860000 22.259000 3227.470500
110.880000 22.729000 3184.630000
110.900000 23.200000 3199.767000
110.930000 23.671000 3186.802000
110.950000 24.141000 3165.304000
110.970000 24.612000 3153.916000
110.990000 25.083000 3099.594000
111.020000 25.554000 3066.744000
111.040000 26.024000 3019.866000
111.060000 26.495000 3012.328000
111.090000 26.966000 3011.356000
111.110000 27.437000 2967.745100
111.140000 27.907000 3006.355000
111.170000 28.378000 2967.983000
111.200000 28.849000 2977.024000
111.220000 29.320000 2996.286000
111.250000 29.790000 2996.438000
111.280000 30.261000 3003.273000
111.310000 30.732000 2996.946000
111.340000 31.203000 2962.618000
111.380000 31.673000 2987.608000
111.410000 32.144000 3003.593000
111.440000 32.615000 3012.598800
111.480000 33.085000 3013.485400
111.510000 33.556000 2973.880000
111.550000 34.027000 2928.879000
111.580000 34.498000 2951.437000
111.620000 34.968000 2972.911000
111.660000 35.439000 2975.588000
111.700000 35.910000 2931.970000
111.740000 36.381000 2946.172000
111.780000 36.851000 2958.294500
111.820000 37.322000 2940.735000
111.870000 37.793000 2946.097900
111.910000 38.264000 2923.849000
111.960000 38.734000 2924.923100
112.000000 39.205000 2928.518600
112.050000 39.676000 2920.917500
112.100000 40.147000 2907.137700
112.150000 40.617000 2893.394000
112.200000 41.088000 2896.197000
112.250000 41.559000 2891.540300
112.310000 42.030000 2895.587700
111.350000 21.788000 3230.164000
111.370000 22.259000 3226.857800
111.390000 22.729000 3193.273000
111.420000 23.200000 3194.252000
111.440000 23.671000 3184.363000
111.460000 24.141000 3160.256000
111.490000 24.612000 3144.008000
111.510000 25.083000 3105.847000
111.540000 25.554000 3106.143000
111.560000 26.024000 3100.419000
111.590000 26.495000 3046.056190
111.620000 26.966000 3029.197200
111.640000 27.437000 3039.967000
111.670000 27.907000 3044.996800
111.700000 28.378000 3005.091000
111.730000 28.849000 3009.024000
111.760000 29.320000 3048.376500
111.790000 29.790000 3077.627700
111.830000 30.261000 3092.030500
111.860000 30.732000 3066.997100
111.890000 31.203000 3031.692000
111.930000 31.673000 3032.619000
111.960000 32.144000 3068.199000
112.000000 32.615000 3104.211000
112.040000 33.085000 3109.535600
112.080000 33.556000 3039.198000
112.110000 34.027000 3044.967000
112.150000 34.498000 3027.514800
112.200000 34.968000 2998.289400
112.240000 35.439000 2952.236690
112.280000 35.910000 2950.066200
112.320000 36.381000 2948.195101
112.370000 36.851000 2951.812800
112.420000 37.322000 2961.307000
112.460000 37.793000 2969.069000
112.510000 38.264000 2951.957100
112.560000 38.734000 2924.421100
112.610000 39.205000 2918.753400
112.660000 39.676000 2920.014000
112.710000 40.147000 2908.417000
112.770000 40.617000 2884.359000
112.820000 41.088000 2910.798000
112.880000 41.559000 2907.813000
112.940000 42.030000 2889.512800
111.860000 21.788000 3233.069000
111.880000 22.259000 3197.101000
111.900000 22.729000 3230.115900
111.930000 23.200000 3227.189700
111.950000 23.671000 3181.906000
111.980000 24.141000 3165.379000
112.000000 24.612000 3126.223000
112.030000 25.083000 3105.513000
112.060000 25.554000 3120.033000
112.080000 26.024000 3118.953000
112.110000 26.495000 3124.724000
112.140000 26.966000 3118.461000
112.170000 27.437000 3129.519600
112.200000 27.907000 3125.826000
112.240000 28.378000 3092.026364
112.270000 28.849000 3118.860200
112.300000 29.320000 3118.179000
112.340000 29.790000 3117.140000
112.370000 30.261000 3121.309400
112.410000 30.732000 3081.812000
112.440000 31.203000 3044.290590
112.480000 31.673000 3043.363000
112.520000 32.144000 3067.798600
112.560000 32.615000 3097.712000
112.600000 33.085000 3129.725000
112.640000 33.556000 3111.062000
112.680000 34.027000 3110.323000
112.720000 34.498000 3074.390000
112.770000 34.968000 3058.248100
112.810000 35.439000 2976.734000
112.860000 35.910000 2939.648000
112.910000 36.381000 2931.695000
112.960000 36.851000 2932.033500
113.010000 37.322000 2952.881000
113.060000 37.793000 2961.799360
113.110000 38.264000 2946.362400
113.160000 38.734000 2937.236000
113.220000 39.205000 2914.734000
113.270000 39.676000 2907.076000
113.330000 40.147000 2920.336000
113.390000 40.617000 2916.535000
113.450000 41.088000 2914.483000
113.510000 41.559000 2905.043000
113.570000 42.030000 2895.557600
112.360000 21.788000 3236.712900
112.390000 22.259000 3231.699200
112.410000 22.729000 3229.328900
112.440000 23.200000 3227.563300
112.460000 23.671000 3221.368000
112.490000 24.141000 3170.227000
112.520000 24.612000 3158.076000
112.550000 25.083000 3128.784000
112.580000 25.554000 3168.732000
112.610000 26.024000 3168.202000
112.640000 26.495000 3173.610000
112.670000 26.966000 3184.519000
112.700000 27.437000 3179.531000
112.740000 27.907000 3175.183000
112.770000 28.378000 3168.261000
112.800000 28.849000 3142.161000
112.840000 29.320000 3121.391000
112.880000 29.790000 3119.343000
112.910000 30.261000 3076.949640
112.950000 30.732000 3085.495000
112.990000 31.203000 3060.049200
113.030000 31.673000 3012.873000
113.070000 32.144000 3034.610000
113.120000 32.615000 3101.464000
113.160000 33.085000 3132.524000
113.200000 33.556000 3164.370000
113.250000 34.027000 3159.371600
113.290000 34.498000 3117.212000
113.340000 34.968000 3116.316300
113.390000 35.439000 3003.993000
113.440000 35.910000 2974.953000
113.490000 36.381000 2973.933000
113.540000 36.851000 2967.044000
113.600000 37.322000 2961.027600
113.650000 37.793000 2931.297900
113.710000 38.264000 2949.386900
113.760000 38.734000 2914.670100
113.820000 39.205000 2927.778000
113.880000 39.676000 2933.959000
113.940000 40.147000 2938.691000
114.010000 40.617000 2922.150000
114.070000 41.088000 2901.019000
114.140000 41.559000 2901.802000
114.200000 42.030000 2908.128700
112.870000 21.788000 3234.792730
112.890000 22.259000 3231.739200
112.920000 22.729000 3232.355000
112.950000 23.200000 3230.590200
112.980000 23.671000 3227.852000
113.010000 24.141000 3223.603700
113.040000 24.612000 3225.451100
113.070000 25.083000 3228.197000
113.100000 25.554000 3227.721200
113.130000 26.024000 3223.590700
113.160000 26.495000 3165.192000
113.200000 26.966000 3161.852000
113.230000 27.437000 3151.653000
113.270000 27.907000 3149.766000
113.300000 28.378000 3107.126000
113.340000 28.849000 3093.612000
113.380000 29.320000 3060.891000
113.420000 29.790000 3042.100700
113.460000 30.261000 3060.515000
113.500000 30.732000 3077.045000
113.540000 31.203000 3040.385000
113.580000 31.673000 2990.985000
113.630000 32.144000 3013.764000
113.670000 32.615000 3112.831000
113.720000 33.085000 3129.440000
113.770000 33.556000 3174.533000
113.820000 34.027000 3174.300100
113.860000 34.498000 3180.671800
113.920000 34.968000 3156.790700
113.970000 35.439000 3117.960700
114.020000 35.910000 3079.016000
114.070000 36.381000 3055.713000
114.130000 36.851000 3080.976000
114.190000 37.322000 3038.128200
114.250000 37.793000 3009.058900
114.310000 38.264000 3012.143000
114.370000 38.734000 3009.459060
114.430000 39.205000 2968.688400
114.490000 39.676000 2926.917000
114.560000 40.147000 2909.233000
114.620000 40.617000 2923.745000
114.690000 41.088000 2907.106000
114.760000 41.559000 2909.359000
114.840000 42.030000 2891.430900
113.370000 21.788000 3236.373900
113.400000 22.259000 3231.299100
113.430000 22.729000 3230.913600
113.460000 23.200000 3228.857600
113.490000 23.671000 3229.456700
113.520000 24.141000 3228.566000
113.550000 24.612000 3226.780300
113.590000 25.083000 3230.103700
113.620000 25.554000 3227.590700
113.650000 26.024000 3219.741400
113.690000 26.495000 3151.586000
113.720000 26.966000 3121.983000
113.760000 27.437000 3135.253000
113.800000 27.907000 3140.478000
113.840000 28.378000 3107.507000
113.880000 28.849000 3047.184000
113.920000 29.320000 2993.718000
113.960000 29.790000 3019.607000
114.000000 30.261000 3037.473000
114.050000 30.732000 3052.510000
114.090000 31.203000 3022.165600
114.140000 31.673000 2979.382000
114.180000 32.144000 3052.147000
114.230000 32.615000 3130.424600
114.280000 33.085000 3151.339200
114.330000 33.556000 3205.453800
114.380000 34.027000 3194.750500
114.440000 34.498000 3203.775600
114.490000 34.968000 3198.154800
114.540000 35.439000 3165.271000
114.600000 35.910000 3157.761000
114.660000 36.381000 3188.120000
114.720000 36.851000 3209.066000
114.780000 37.322000 3131.509000
114.840000 37.793000 3114.501000
114.900000 38.264000 3136.786000
114.970000 38.734000 3149.656000
115.030000 39.205000 3022.554800
115.100000 39.676000 2948.005000
115.170000 40.147000 2934.386000
115.240000 40.617000 2937.328000
115.320000 41.088000 2892.323110
115.390000 41.559000 2929.099000
115.470000 42.030000 2876.597000
113.880000 21.788000 3240.105400
113.910000 22.259000 3234.508550
113.940000 22.729000 3231.649000
113.970000 23.200000 3229.040100
114.000000 23.671000 3191.102000
114.040000 24.141000 3193.137000
114.070000 24.612000 3181.070000
114.100000 25.083000 3228.140200
114.140000 25.554000 3225.799800
114.180000 26.024000 3218.124200
114.210000 26.495000 3160.924000
114.250000 26.966000 3155.391000
114.290000 27.437000 3149.001000
114.330000 27.907000 3141.465000
114.370000 28.378000 3112.943000
114.410000 28.849000 3077.579000
114.460000 29.320000 3026.703100
114.500000 29.790000 3018.818000
114.550000 30.261000 3036.835000
114.590000 30.732000 3060.836800
114.640000 31.203000 3044.511000
114.690000 31.673000 3025.693000
114.740000 32.144000 3091.751400
114.790000 32.615000 3146.268600
114.840000 33.085000 3191.299800
114.890000 33.556000 3220.787000
114.950000 34.027000 3204.242200
115.010000 34.498000 3196.332800
115.060000 34.968000 3179.022000
115.120000 35.439000 3157.513700
115.180000 35.910000 3158.637000
115.240000 36.381000 3197.397000
115.300000 36.851000 3183.251000
115.370000 37.322000 3168.115000
115.430000 37.793000 3207.964000
115.500000 38.264000 3222.687000
115.570000 38.734000 3165.761000
115.640000 39.205000 3108.755000
115.710000 39.676000 3012.574000
115.790000 40.147000 2952.265000
115.860000 40.617000 2927.990000
115.940000 41.088000 2913.370000
116.020000 41.559000 2912.585300
116.100000 42.030000 2894.983000
114.390000 21.788000 3242.591600
114.420000 22.259000 3239.649500
114.450000 22.729000 3222.549900
114.480000 23.200000 3188.261000
114.520000 23.671000 3176.929000
114.550000 24.141000 3165.929000
114.590000 24.612000 3172.466000
114.620000 25.083000 3228.665800
114.660000 25.554000 3230.557100
114.700000 26.024000 3229.697600
114.740000 26.495000 3214.905000
114.780000 26.966000 3210.848800
114.820000 27.437000 3188.538000
114.860000 27.907000 3162.273000
114.910000 28.378000 3141.832000
114.950000 28.849000 3074.931000
115.000000 29.320000 3037.690500
115.040000 29.790000 3019.932900
115.090000 30.261000 3056.662500
115.140000 30.732000 3023.237000
115.190000 31.203000 3022.244900
115.240000 31.673000 3032.319300
115.290000 32.144000 3113.615740
115.350000 32.615000 3171.128000
115.400000 33.085000 3179.293000
115.460000 33.556000 3204.248000
115.520000 34.027000 3179.454600
115.580000 34.498000 3161.970000
115.640000 34.968000 3162.219000
115.700000 35.439000 3154.850000
115.760000 35.910000 3157.691000
115.830000 36.381000 3154.609000
115.890000 36.851000 3157.097000
115.960000 37.322000 3167.019000
116.030000 37.793000 3198.256000
116.100000 38.264000 3243.106000
116.170000 38.734000 3219.239000
116.250000 39.205000 3101.491000
116.320000 39.676000 3072.448000
116.400000 40.147000 2983.967000
116.480000 40.617000 2954.637000
116.560000 41.088000 2919.710800
116.650000 41.559000 2917.401300
116.730000 42.030000 2916.557200
114.890000 21.788000 3241.533100
114.920000 22.259000 3240.410500
114.960000 22.729000 3226.925990
114.990000 23.200000 3191.003000
115.030000 23.671000 3165.779000
115.070000 24.141000 3168.183000
115.100000 24.612000 3175.543000
115.140000 25.083000 3192.820000
115.180000 25.554000 3217.280900
115.220000 26.024000 3228.270700
115.260000 26.495000 3231.331000
115.310000 26.966000 3230.105300
115.350000 27.437000 3202.963000
115.390000 27.907000 3208.438000
115.440000 28.378000 3174.846000
115.490000 28.849000 3138.610000
115.530000 29.320000 3083.195000
115.580000 29.790000 3088.667400
115.630000 30.261000 3005.601100
115.690000 30.732000 2956.171000
115.740000 31.203000 2964.375240
115.790000 31.673000 3030.203000
115.850000 32.144000 3171.512600
115.900000 32.615000 3167.751000
115.960000 33.085000 3177.305500
116.020000 33.556000 3188.730600
116.080000 34.027000 3149.792400
116.150000 34.498000 3143.967000
116.210000 34.968000 3122.577000
116.270000 35.439000 3103.141000
116.340000 35.910000 3109.379050
116.410000 36.381000 3112.437000
116.480000 36.851000 3121.675000
116.550000 37.322000 3174.910000
116.620000 37.793000 3215.359000
116.700000 38.264000 3206.580000
116.780000 38.734000 3186.943000
116.850000 39.205000 3104.544000
116.930000 39.676000 3093.835000
117.020000 40.147000 3002.295000
117.100000 40.617000 2975.590000
117.190000 41.088000 2967.985000
117.280000 41.559000 2928.780000
117.370000 42.030000 2923.399000
115.400000 21.788000 3244.329000
115.430000 22.259000 3243.167700
115.470000 22.729000 3238.916100
115.500000 23.200000 3232.733800
115.540000 23.671000 3203.539000
115.580000 24.141000 3175.369000
115.620000 24.612000 3171.503000
115.660000 25.083000 3160.916000
115.700000 25.554000 3179.570000
115.740000 26.024000 3184.425000
115.790000 26.495000 3175.138000
115.830000 26.966000 3159.897000
115.880000 27.437000 3181.813000
115.930000 27.907000 3182.935000
115.970000 28.378000 3190.639000
116.020000 28.849000 3188.470100
116.070000 29.320000 3136.575800
116.130000 29.790000 3100.631600
116.180000 30.261000 3056.669000
116.230000 30.732000 2980.447100
116.290000 31.203000 2949.739700
116.340000 31.673000 3064.560000
116.400000 32.144000 3112.388300
116.460000 32.615000 3110.759600
116.520000 33.085000 3142.819200
116.590000 33.556000 3173.544300
116.650000 34.027000 3131.371600
116.720000 34.498000 3088.341000
116.780000 34.968000 3071.953000
116.850000 35.439000 3034.915000
116.920000 35.910000 3078.165600
116.990000 36.381000 3081.303100
117.070000 36.851000 3120.996000
117.140000 37.322000 3173.320000
117.220000 37.793000 3176.864000
117.300000 38.264000 3160.330000
117.380000 38.734000 3147.606000
117.460000 39.205000 3156.501000
117.540000 39.676000 3087.170000
117.630000 40.147000 3051.913000
117.720000 40.617000 3007.411000
117.810000 41.088000 2967.296000
117.900000 41.559000 2934.490200
118.000000 42.030000 2927.065000
115.900000 21.788000 3247.886000
115.940000 22.259000 3244.794000
115.980000 22.729000 3240.903900
116.020000 23.200000 3234.196041
116.050000 23.671000 3219.941900
116.100000 24.141000 3193.966000
116.140000 24.612000 3179.060000
116.180000 25.083000 3143.075000
116.220000 25.554000 3145.604000
116.270000 26.024000 3141.805000
116.310000 26.495000 3111.714000
116.360000 26.966000 3129.657000
116.410000 27.437000 3098.903000
116.460000 27.907000 3136.657800
116.510000 28.378000 3183.111000
116.560000 28.849000 3195.701600
116.610000 29.320000 3154.342400
116.670000 29.790000 3133.390400
116.720000 30.261000 3113.606000
116.780000 30.732000 3085.818500
116.840000 31.203000 3085.870000
116.900000 31.673000 3103.481000
116.960000 32.144000 3115.189000
117.020000 32.615000 3134.846000
117.080000 33.085000 3183.866280
117.150000 33.556000 3188.237000
117.220000 34.027000 3159.694000
117.290000 34.498000 3077.220000
117.360000 34.968000 3026.903200
117.430000 35.439000 3015.639000
117.500000 35.910000 3065.491400
117.580000 36.381000 3037.175200
117.650000 36.851000 3091.339000
117.730000 37.322000 3179.784000
117.810000 37.793000 3208.483000
117.890000 38.264000 3170.766000
117.980000 38.734000 3139.533000
118.070000 39.205000 3117.373000
118.150000 39.676000 3158.624000
118.250000 40.147000 3097.218000
118.340000 40.617000 3014.993000
118.430000 41.088000 2988.947000
118.530000 41.559000 2929.946600
118.630000 42.030000 2974.825000
116.410000 21.788000 3251.833000
116.450000 22.259000 3248.359000
116.490000 22.729000 3246.089000
116.530000 23.200000 3242.694100
116.570000 23.671000 3234.905400
116.610000 24.141000 3199.202000
116.650000 24.612000 3159.743000
116.700000 25.083000 3121.359000
116.740000 25.554000 3121.438000
116.790000 26.024000 3118.734000
116.840000 26.495000 3083.681000
116.890000 26.966000 3103.758000
116.940000 27.437000 3111.232000
116.990000 27.907000 3139.093000
117.040000 28.378000 3189.139100
117.100000 28.849000 3177.131630
117.150000 29.320000 3139.331500
117.210000 29.790000 3126.689000
117.270000 30.261000 3147.913700
117.330000 30.732000 3170.601900
117.390000 31.203000 3171.706000
117.450000 31.673000 3137.808200
117.510000 32.144000 3117.371100
117.580000 32.615000 3151.950000
117.640000 33.085000 3186.491850
117.710000 33.556000 3208.042000
117.780000 34.027000 3193.151000
117.860000 34.498000 3112.132000
117.930000 34.968000 3043.205200
118.000000 35.439000 3065.831000
118.080000 35.910000 3032.051200
118.160000 36.381000 3030.505100
118.240000 36.851000 3113.047000
118.320000 37.322000 3201.411000
118.410000 37.793000 3259.091000
118.490000 38.264000 3307.116000
118.580000 38.734000 3308.539000
118.670000 39.205000 3306.130000
118.770000 39.676000 3161.779000
118.860000 40.147000 3131.796000
118.960000 40.617000 3056.159000
119.060000 41.088000 3017.074000
119.160000 41.559000 2970.682000
119.260000 42.030000 3022.826000
116.920000 21.788000 3258.892000
116.960000 22.259000 3255.285000
117.000000 22.729000 3256.162000
117.040000 23.200000 3250.802000
117.080000 23.671000 3239.295000
117.120000 24.141000 3225.185000
117.170000 24.612000 3155.641000
117.220000 25.083000 3118.650000
117.260000 25.554000 3120.098000
117.310000 26.024000 3108.454000
117.360000 26.495000 3117.413000
117.410000 26.966000 3115.493000
117.470000 27.437000 3116.101000
117.520000 27.907000 3159.770000
117.580000 28.378000 3152.225500
117.630000 28.849000 3133.058000
117.690000 29.320000 3112.935000
117.750000 29.790000 3105.136000
117.810000 30.261000 3106.707800
117.870000 30.732000 3130.090000
117.940000 31.203000 3175.968000
118.000000 31.673000 3183.399000
118.070000 32.144000 3150.674000
118.140000 32.615000 3189.093000
118.210000 33.085000 3214.537000
118.280000 33.556000 3214.118000
118.350000 34.027000 3193.979000
118.430000 34.498000 3145.813000
118.500000 34.968000 3147.553000
118.580000 35.439000 3126.578000
118.660000 35.910000 3081.193200
118.740000 36.381000 3085.097000
118.830000 36.851000 3121.746000
118.910000 37.322000 3225.973000
119.000000 37.793000 3342.092000
119.090000 38.264000 3477.081000
119.180000 38.734000 3518.289000
119.280000 39.205000 3333.255000
119.380000 39.676000 3239.257000
119.470000 40.147000 3173.400000
119.580000 40.617000 3093.630000
119.680000 41.088000 3072.589000
119.790000 41.559000 3032.035000
119.900000 42.030000 3054.530000
117.420000 21.788000 3264.579000
117.460000 22.259000 3266.332000
117.510000 22.729000 3263.992000
117.550000 23.200000 3257.707000
117.590000 23.671000 3244.803000
117.640000 24.141000 3229.581400
117.690000 24.612000 3172.321000
117.740000 25.083000 3143.451000
117.780000 25.554000 3116.764000
117.840000 26.024000 3115.726000
117.890000 26.495000 3136.226400
117.940000 26.966000 3136.930500
118.000000 27.437000 3173.253700
118.050000 27.907000 3159.109000
118.110000 28.378000 3134.634400
118.170000 28.849000 3117.428600
118.230000 29.320000 3086.570000
118.290000 29.790000 3069.633000
118.350000 30.261000 3043.642000
118.420000 30.732000 3133.668000
118.480000 31.203000 3202.361000
118.550000 31.673000 3227.280000
118.620000 32.144000 3220.167000
118.690000 32.615000 3214.209000
118.770000 33.085000 3242.012000
118.840000 33.556000 3214.167000
118.920000 34.027000 3234.296000
119.000000 34.498000 3197.907700
119.080000 34.968000 3179.673800
119.160000 35.439000 3152.041700
119.240000 35.910000 3151.905000
119.330000 36.381000 3134.515000
119.410000 36.851000 3172.795000
119.500000 37.322000 3261.184000
119.600000 37.793000 3364.900000
119.690000 38.264000 3318.622000
119.790000 38.734000 3338.112000
119.880000 39.205000 3380.761000
119.990000 39.676000 3375.680000
120.090000 40.147000 3207.412000
120.190000 40.617000 3134.828000
120.300000 41.088000 3109.123000
120.410000 41.559000 3106.742000
120.530000 42.030000 3133.920000
117.930000 21.788000 3407.320000
117.970000 22.259000 3382.655000
118.010000 22.729000 3403.470000
118.060000 23.200000 3314.637000
118.110000 23.671000 3253.922000
118.150000 24.141000 3256.128000
118.200000 24.612000 3240.344000
118.250000 25.083000 3177.496000
118.310000 25.554000 3147.670000
118.360000 26.024000 3120.703000
118.410000 26.495000 3113.779000
118.470000 26.966000 3117.481000
118.530000 27.437000 3114.010000
118.580000 27.907000 3071.954300
118.640000 28.378000 3072.116400
118.700000 28.849000 3094.068100
118.770000 29.320000 3078.680000
118.830000 29.790000 3038.388200
118.900000 30.261000 2998.737000
118.970000 30.732000 3123.076000
119.030000 31.203000 3233.578000
119.100000 31.673000 3229.779000
119.180000 32.144000 3195.882000
119.250000 32.615000 3212.858000
119.330000 33.085000 3257.329000
119.400000 33.556000 3236.795000
119.480000 34.027000 3245.506000
119.570000 34.498000 3263.049000
119.650000 34.968000 3238.255000
119.730000 35.439000 3207.699000
119.820000 35.910000 3159.320000
119.910000 36.381000 3165.757000
120.000000 36.851000 3143.120000
120.090000 37.322000 3145.662000
120.190000 37.793000 3102.375000
120.290000 38.264000 3113.919000
120.390000 38.734000 3200.360000
120.490000 39.205000 3240.090000
120.600000 39.676000 3261.965000
120.700000 40.147000 3258.583000
120.810000 40.617000 3255.500000
120.930000 41.088000 3205.190000
121.040000 41.559000 3189.242000
121.160000 42.030000 3191.437000
118.430000 21.788000 3367.160000
118.480000 22.259000 3376.571000
118.520000 22.729000 3418.670000
118.570000 23.200000 3261.490000
118.620000 23.671000 3276.890000
118.670000 24.141000 3255.347000
118.720000 24.612000 3262.424000
118.770000 25.083000 3239.500000
118.830000 25.554000 3184.629000
118.880000 26.024000 3153.072000
118.940000 26.495000 3131.100000
119.000000 26.966000 3118.908000
119.050000 27.437000 3066.357000
119.120000 27.907000 3024.732000
119.180000 28.378000 3076.030600
119.240000 28.849000 3098.951480
119.310000 29.320000 3114.031000
119.370000 29.790000 3048.790000
119.440000 30.261000 3077.065000
119.510000 30.732000 3171.124000
119.580000 31.203000 3223.404000
119.660000 31.673000 3166.157000
119.730000 32.144000 3187.244000
119.810000 32.615000 3249.361000
119.890000 33.085000 3278.683000
119.970000 33.556000 3263.965000
120.050000 34.027000 3291.611000
120.140000 34.498000 3301.374000
120.220000 34.968000 3259.528000
120.310000 35.439000 3242.279000
120.400000 35.910000 3208.271000
120.490000 36.381000 3204.570000
120.590000 36.851000 3177.473000
120.690000 37.322000 3123.782000
120.780000 37.793000 3065.951000
120.890000 38.264000 3084.589000
120.990000 38.734000 3167.080000
121.100000 39.205000 3207.630000
121.210000 39.676000 3229.394000
121.320000 40.147000 3237.303000
121.430000 40.617000 3281.139000
121.550000 41.088000 3244.938000
121.670000 41.559000 3218.935000
121.790000 42.030000 3223.711000
118.940000 21.788000 3477.780000
118.990000 22.259000 3491.770000
119.030000 22.729000 3376.910000
119.080000 23.200000 3215.300000
119.130000 23.671000 3196.052000
119.180000 24.141000 3234.749000
119.240000 24.612000 3241.966000
119.290000 25.083000 3250.266000
119.350000 25.554000 3223.658300
119.400000 26.024000 3159.775000
119.460000 26.495000 3151.562900
119.520000 26.966000 3117.792000
119.580000 27.437000 3084.142000
119.650000 27.907000 3085.968000
119.710000 28.378000 3097.572050
119.780000 28.849000 3107.093260
119.850000 29.320000 3108.404300
119.910000 29.790000 3125.331000
119.990000 30.261000 3162.262000
120.060000 30.732000 3205.404000
120.130000 31.203000 3188.612000
120.210000 31.673000 3187.389000
120.290000 32.144000 3237.692000
120.370000 32.615000 3272.269000
120.450000 33.085000 3278.054000
120.530000 33.556000 3276.043000
120.620000 34.027000 3322.211000
120.710000 34.498000 3344.290000
120.790000 34.968000 3301.578000
120.890000 35.439000 3287.770000
120.980000 35.910000 3277.868000
121.080000 36.381000 3192.693000
121.180000 36.851000 3178.269000
121.280000 37.322000 3188.189000
121.380000 37.793000 3179.556000
121.480000 38.264000 3175.930000
121.590000 38.734000 3167.030000
121.700000 39.205000 3178.910000
121.820000 39.676000 3173.877000
121.930000 40.147000 3244.670000
119.450000 21.788000 3565.510000
119.490000 22.259000 3527.190000
119.540000 22.729000 3241.690000
119.590000 23.200000 3122.090000
119.650000 23.671000 3152.550000
119.700000 24.141000 3223.060000
119.750000 24.612000 3289.550000
119.810000 25.083000 3256.433000
119.870000 25.554000 3273.189000
119.930000 26.024000 3227.243000
119.990000 26.495000 3193.626800
120.050000 26.966000 3152.681900
120.110000 27.437000 3130.353000
120.180000 27.907000 3110.753000
120.250000 28.378000 3110.648000
120.310000 28.849000 3135.337900
120.380000 29.320000 3146.736000
120.460000 29.790000 3164.439000
120.530000 30.261000 3200.134000
120.600000 30.732000 3213.106000
120.680000 31.203000 3181.052000
120.760000 31.673000 3185.799000
120.840000 32.144000 3265.579000
120.920000 32.615000 3319.144000
121.010000 33.085000 3321.821000
121.100000 33.556000 3349.210000
121.180000 34.027000 3343.680000
121.280000 34.498000 3336.390000
121.370000 34.968000 3316.580000
121.460000 35.439000 3305.760000
121.560000 35.910000 3291.820000
121.660000 36.381000 3297.510000
121.760000 36.851000 3236.171000
121.870000 37.322000 3247.318000
121.970000 37.793000 3254.130000
119.950000 21.788000 3385.550000
120.000000 22.259000 3314.630000
120.050000 22.729000 3037.800000
120.100000 23.200000 3042.629000
120.160000 23.671000 3158.410000
120.210000 24.141000 3243.590000
120.270000 24.612000 3274.837000
120.330000 25.083000 3267.127000
120.390000 25.554000 3262.168000
120.450000 26.024000 3264.471000
120.510000 26.495000 3257.180000
120.580000 26.966000 3242.965000
120.640000 27.437000 3224.170000
120.710000 27.907000 3183.103500
120.780000 28.378000 3156.700300
120.850000 28.849000 3151.426100
120.920000 29.320000 3158.069000
121.000000 29.790000 3165.226000
121.070000 30.261000 3175.140000
121.150000 30.732000 3173.195000
121.230000 31.203000 3187.812000
121.310000 31.673000 3248.678000
121.400000 32.144000 3286.946000
121.480000 32.615000 3325.559000
121.570000 33.085000 3320.230000
121.660000 33.556000 3340.200000
121.750000 34.027000 3331.600000
121.850000 34.498000 3338.080000
121.940000 34.968000 3328.990000
120.460000 21.788000 3099.389000
120.510000 22.259000 3070.224000
120.560000 22.729000 3054.575000
120.620000 23.200000 3165.705000
120.670000 23.671000 3164.704000
120.730000 24.141000 3177.850000
120.790000 24.612000 3228.450000
120.850000 25.083000 3257.783000
120.910000 25.554000 3263.654000
120.970000 26.024000 3264.769000
121.040000 26.495000 3265.576000
121.100000 26.966000 3256.136000
121.170000 27.437000 3259.784000
121.240000 27.907000 3249.009000
121.310000 28.378000 3195.989000
121.390000 28.849000 3169.924000
121.460000 29.320000 3169.920000
121.540000 29.790000 3189.383000
121.620000 30.261000 3219.403000
121.700000 30.732000 3227.402000
121.780000 31.203000 3238.999000
121.860000 31.673000 3281.993000
121.950000 32.144000 3307.144000
120.960000 21.788000 3269.103000
121.020000 22.259000 3232.018000
121.070000 22.729000 3254.875000
121.130000 23.200000 3168.502800
121.180000 23.671000 3233.930000
121.240000 24.141000 3229.430000
121.300000 24.612000 3174.216000
121.370000 25.083000 3254.424000
121.430000 25.554000 3265.460000
121.500000 26.024000 3271.112000
121.560000 26.495000 3267.201000
121.630000 26.966000 3264.670000
121.700000 27.437000 3266.956000
121.770000 27.907000 3246.911000
121.850000 28.378000 3270.108000
121.920000 28.849000 3268.571000
121.470000 21.788000 3275.760000
121.520000 22.259000 3279.046000
121.580000 22.729000 3277.948000
121.640000 23.200000 3271.358000
121.700000 23.671000 3238.466000
121.760000 24.141000 3259.611000
121.820000 24.612000 3230.212000
121.880000 25.083000 3273.790000
121.950000 25.554000 3275.808000
121.970000 21.788000 3278.528000
