104.770000 21.788000 3239.904100
104.770000 22.259000 3230.317900
104.770000 22.729000 3225.091300
104.770000 23.200000 3196.054000
104.770000 23.671000 3121.812000
104.770000 24.141000 3104.066000
104.770000 24.612000 3084.143000
104.770000 25.083000 3061.322000
104.770000 25.554000 2979.658000
104.770000 26.024000 2973.961000
104.760000 26.495000 2918.266000
104.760000 26.966000 2878.847100
104.760000 27.437000 2870.962000
104.760000 27.907000 2942.326000
104.760000 28.378000 2987.171000
104.760000 28.849000 3028.105000
104.760000 29.320000 3050.200000
104.760000 29.790000 3014.037000
104.760000 30.261000 2998.278000
104.760000 30.732000 2995.701000
104.750000 31.203000 3010.586000
104.750000 31.673000 2988.465000
104.750000 32.144000 2915.024000
104.750000 32.615000 2900.015000
104.750000 33.085000 2855.604000
104.750000 33.556000 2856.546000
104.750000 34.027000 2848.052000
104.740000 34.498000 2860.882000
104.740000 34.968000 2870.930000
104.740000 35.439000 2850.147000
104.740000 35.910000 2855.469000
104.740000 36.381000 2860.591000
104.740000 36.851000 2866.242000
104.740000 37.322000 2882.143000
104.730000 37.793000 2886.581000
104.730000 38.264000 2902.346000
104.730000 38.734000 2900.547000
104.730000 39.205000 2907.353000
104.730000 39.676000 2902.270000
104.720000 40.147000 2913.746000
104.720000 40.617000 2937.725000
104.720000 41.088000 2947.508000
104.720000 41.559000 2944.376000
104.720000 42.030000 2946.047000
105.280000 21.788000 3230.286900
105.280000 22.259000 3228.154900
105.280000 22.729000 3229.799400
105.280000 23.200000 3207.969000
105.280000 23.671000 3144.311000
105.280000 24.141000 3113.153000
105.290000 24.612000 3114.979000
105.290000 25.083000 3079.380000
105.290000 25.554000 3027.979000
105.290000 26.024000 3005.099000
105.290000 26.495000 2928.703200
105.290000 26.966000 2892.556940
105.290000 27.437000 2900.729000
105.290000 27.907000 2954.419000
105.290000 28.378000 3003.243000
105.300000 28.849000 3036.780000
105.300000 29.320000 3039.896000
105.300000 29.790000 3010.433000
105.300000 30.261000 2976.144000
105.300000 30.732000 2990.353000
105.300000 31.203000 2995.454000
105.300000 31.673000 2986.361000
105.310000 32.144000 2930.919000
105.310000 32.615000 2899.291000
105.310000 33.085000 2850.495000
105.310000 33.556000 2822.250000
105.310000 34.027000 2795.850000
105.310000 34.498000 2845.500000
105.320000 34.968000 2871.590000
105.320000 35.439000 2834.578000
105.320000 35.910000 2843.743000
105.320000 36.381000 2866.361000
105.320000 36.851000 2863.205000
105.330000 37.322000 2871.665000
105.330000 37.793000 2892.836000
105.330000 38.264000 2912.549000
105.330000 38.734000 2912.535000
105.330000 39.205000 2909.170000
105.340000 39.676000 2898.433000
105.340000 40.147000 2903.337000
105.340000 40.617000 2922.804000
105.340000 41.088000 2933.161000
105.350000 41.559000 2929.753000
105.350000 42.030000 2944.586000
105.790000 21.788000 3228.684200
105.790000 22.259000 3221.910000
105.790000 22.729000 3222.876000
105.790000 23.200000 3222.837000
105.800000 23.671000 3203.976000
105.800000 24.141000 3201.939000
105.800000 24.612000 3170.565000
105.810000 25.083000 3151.573000
105.810000 25.554000 3143.632000
105.810000 26.024000 3084.148000
105.810000 26.495000 2940.312000
105.820000 26.966000 2883.597000
105.820000 27.437000 2897.374000
105.830000 27.907000 2956.328000
105.830000 28.378000 3008.545000
105.830000 28.849000 3036.671000
105.840000 29.320000 3044.279000
105.840000 29.790000 3020.328000
105.840000 30.261000 2985.633000
105.850000 30.732000 2977.167000
105.850000 31.203000 2986.511000
105.860000 31.673000 2988.481000
105.860000 32.144000 2950.339000
105.870000 32.615000 2908.138000
105.870000 33.085000 2875.604000
105.870000 33.556000 2868.437000
105.880000 34.027000 2865.500000
105.880000 34.498000 2884.213000
105.890000 34.968000 2872.686000
105.890000 35.439000 2884.109000
105.900000 35.910000 2903.352000
105.910000 36.381000 2903.359000
105.910000 36.851000 2904.229000
105.920000 37.322000 2938.042000
105.920000 37.793000 2957.752000
105.930000 38.264000 2937.984000
105.930000 38.734000 2972.245200
105.940000 39.205000 2914.447000
105.950000 39.676000 2888.603000
105.950000 40.147000 2910.703000
105.960000 40.617000 2938.341000
105.970000 41.088000 2954.615000
105.970000 41.559000 2937.228000
105.980000 42.030000 2949.224000
106.290000 21.788000 3228.941700
106.300000 22.259000 3226.943000
106.300000 22.729000 3223.455000
106.300000 23.200000 3218.409000
106.310000 23.671000 3219.449000
106.310000 24.141000 3219.430000
106.320000 24.612000 3216.353000
106.320000 25.083000 3165.660000
106.330000 25.554000 3137.168000
106.330000 26.024000 3086.906000
106.340000 26.495000 2967.462000
106.350000 26.966000 2914.713900
106.350000 27.437000 2910.540000
106.360000 27.907000 2943.553000
106.360000 28.378000 3011.739000
106.370000 28.849000 3030.840000
106.380000 29.320000 3019.970000
106.380000 29.790000 2995.033000
106.390000 30.261000 2997.613000
106.390000 30.732000 2974.839000
106.400000 31.203000 3003.861000
106.410000 31.673000 2997.176000
106.420000 32.144000 2975.996000
106.420000 32.615000 2921.398000
106.430000 33.085000 2899.284000
106.440000 33.556000 2878.022000
106.450000 34.027000 2882.207000
106.450000 34.498000 2890.045000
106.460000 34.968000 2903.174000
106.470000 35.439000 2948.936000
106.480000 35.910000 2939.054000
106.490000 36.381000 2932.847000
106.500000 36.851000 2926.998000
106.510000 37.322000 2931.145000
106.520000 37.793000 2947.649000
106.530000 38.264000 3000.487000
106.540000 38.734000 3005.466000
106.550000 39.205000 2960.625000
106.560000 39.676000 2936.233000
106.570000 40.147000 2941.636000
106.580000 40.617000 2976.090000
106.590000 41.088000 3007.892000
106.600000 41.559000 2966.016000
106.610000 42.030000 2967.570000
106.800000 21.788000 3231.111400
106.800000 22.259000 3230.754400
106.810000 22.729000 3222.916000
106.820000 23.200000 3220.744000
106.820000 23.671000 3222.030000
106.830000 24.141000 3218.701000
106.840000 24.612000 3212.397000
106.840000 25.083000 3207.589000
106.850000 25.554000 3139.738000
106.860000 26.024000 3097.604000
106.860000 26.495000 3017.812500
106.870000 26.966000 2958.631000
106.880000 27.437000 2940.660100
106.890000 27.907000 2952.981100
106.900000 28.378000 3002.853600
106.910000 28.849000 3056.093000
106.910000 29.320000 3039.924000
106.920000 29.790000 3013.980000
106.930000 30.261000 3015.102000
106.940000 30.732000 3015.801000
106.950000 31.203000 3001.006000
106.960000 31.673000 3003.220000
106.970000 32.144000 2980.573000
106.980000 32.615000 2924.529000
106.990000 33.085000 2922.199000
107.000000 33.556000 2896.889000
107.010000 34.027000 2907.389000
107.020000 34.498000 2919.379000
107.040000 34.968000 2950.881000
107.050000 35.439000 2982.199000
107.060000 35.910000 2967.211000
107.070000 36.381000 2973.161000
107.090000 36.851000 2942.343000
107.100000 37.322000 2923.924000
107.110000 37.793000 2935.916000
107.130000 38.264000 2942.184000
107.140000 38.734000 2945.490000
107.150000 39.205000 2961.293000
107.170000 39.676000 2937.037000
107.180000 40.147000 2960.670000
107.200000 40.617000 3018.122000
107.210000 41.088000 3014.131000
107.230000 41.559000 3000.916000
107.250000 42.030000 2974.239000
107.300000 21.788000 3230.760300
107.310000 22.259000 3231.749800
107.320000 22.729000 3224.516500
107.330000 23.200000 3221.155000
107.330000 23.671000 3219.230000
107.340000 24.141000 3215.708000
107.350000 24.612000 3217.302000
107.360000 25.083000 3213.846000
107.370000 25.554000 3176.295000
107.380000 26.024000 3128.583000
107.390000 26.495000 3025.234300
107.400000 26.966000 2960.916000
107.410000 27.437000 2982.734000
107.420000 27.907000 2948.717800
107.430000 28.378000 2991.039700
107.440000 28.849000 3003.548900
107.450000 29.320000 3017.693000
107.460000 29.790000 3021.508000
107.480000 30.261000 3034.729000
107.490000 30.732000 3034.217000
107.500000 31.203000 3014.171000
107.510000 31.673000 3004.283000
107.530000 32.144000 2971.797000
107.540000 32.615000 2925.565000
107.550000 33.085000 2926.987000
107.570000 33.556000 2880.525000
107.580000 34.027000 2979.303000
107.590000 34.498000 2963.931000
107.610000 34.968000 2942.147000
107.620000 35.439000 2946.862000
107.640000 35.910000 2942.600000
107.660000 36.381000 2974.156000
107.670000 36.851000 2954.156000
107.690000 37.322000 2952.443000
107.710000 37.793000 2945.542000
107.720000 38.264000 2941.958000
107.740000 38.734000 2942.045000
107.760000 39.205000 2943.420000
107.780000 39.676000 2958.343000
107.800000 40.147000 2973.555000
107.820000 40.617000 3004.508000
107.840000 41.088000 2987.078000
107.860000 41.559000 3010.139700
107.880000 42.030000 2976.539000
107.810000 21.788000 3230.443400
107.820000 22.259000 3229.662900
107.830000 22.729000 3226.861500
107.840000 23.200000 3220.505000
107.850000 23.671000 3216.626000
107.860000 24.141000 3215.974000
107.870000 24.612000 3217.123000
107.880000 25.083000 3217.827000
107.890000 25.554000 3187.882000
107.900000 26.024000 3120.294000
107.910000 26.495000 3069.286200
107.930000 26.966000 2983.370700
107.940000 27.437000 2986.702000
107.950000 27.907000 2967.251000
107.960000 28.378000 2987.055000
107.980000 28.849000 2994.404100
107.990000 29.320000 2985.098200
108.010000 29.790000 3007.284300
108.020000 30.261000 3035.224600
108.030000 30.732000 3038.360100
108.050000 31.203000 3026.069500
108.060000 31.673000 3002.269700
108.080000 32.144000 2975.312910
108.100000 32.615000 2959.127500
108.110000 33.085000 2925.407000
108.130000 33.556000 2894.232000
108.150000 34.027000 3002.890000
108.160000 34.498000 2988.774000
108.180000 34.968000 2956.516000
108.200000 35.439000 2954.231000
108.220000 35.910000 2972.922000
108.240000 36.381000 2971.671000
108.260000 36.851000 2967.053000
108.280000 37.322000 2959.478000
108.300000 37.793000 2947.950000
108.320000 38.264000 2937.341000
108.340000 38.734000 2946.125000
108.370000 39.205000 2950.429000
108.390000 39.676000 2963.656000
108.410000 40.147000 2985.356700
108.440000 40.617000 2985.111600
108.460000 41.088000 2985.585000
108.490000 41.559000 3009.884000
108.510000 42.030000 2980.831000
108.310000 21.788000 3233.109500
108.330000 22.259000 3230.915300
108.340000 22.729000 3229.196800
108.350000 23.200000 3222.963000
108.360000 23.671000 3216.581000
108.370000 24.141000 3217.685000
108.390000 24.612000 3218.683000
108.400000 25.083000 3217.931000
108.410000 25.554000 3182.493000
108.430000 26.024000 3142.389000
108.440000 26.495000 3099.204000
108.450000 26.966000 3016.436900
108.470000 27.437000 2991.807000
108.480000 27.907000 2978.979900
108.500000 28.378000 2975.289940
108.510000 28.849000 2980.857700
108.530000 29.320000 2972.327000
108.550000 29.790000 2987.541600
108.560000 30.261000 3018.682000
108.580000 30.732000 3029.693920
108.600000 31.203000 3025.723300
108.620000 31.673000 3000.815000
108.640000 32.144000 2994.627000
108.650000 32.615000 2981.930700
108.670000 33.085000 2945.106000
108.690000 33.556000 2931.946000
108.710000 34.027000 3046.520000
108.730000 34.498000 3160.239000
108.760000 34.968000 3047.537000
108.780000 35.439000 2958.797000
108.800000 35.910000 2974.419000
108.820000 36.381000 2964.413000
108.850000 36.851000 2985.717000
108.870000 37.322000 2986.484000
108.900000 37.793000 2974.891000
108.920000 38.264000 2950.863000
108.950000 38.734000 2948.269000
108.970000 39.205000 2964.659000
109.000000 39.676000 2970.107200
109.030000 40.147000 2970.127300
109.050000 40.617000 2990.467000
109.080000 41.088000 2974.138900
109.110000 41.559000 2994.093340
109.140000 42.030000 2971.685000
108.820000 21.788000 3234.400920
108.830000 22.259000 3230.734600
108.850000 22.729000 3230.597700
108.860000 23.200000 3224.557800
108.870000 23.671000 3222.058000
108.890000 24.141000 3221.154000
108.900000 24.612000 3225.266500
108.920000 25.083000 3220.756000
108.930000 25.554000 3196.552000
108.950000 26.024000 3162.356000
108.960000 26.495000 3136.058600
108.980000 26.966000 3066.097000
109.000000 27.437000 3019.645700
109.010000 27.907000 3030.357450
109.030000 28.378000 2991.686000
109.050000 28.849000 2982.034300
109.070000 29.320000 2974.100700
109.090000 29.790000 2960.489710
109.110000 30.261000 3007.222000
109.130000 30.732000 3020.117000
109.150000 31.203000 3001.819000
109.170000 31.673000 2980.424800
109.190000 32.144000 2998.021000
109.210000 32.615000 2994.831000
109.230000 33.085000 2974.270400
109.260000 33.556000 2978.511000
109.280000 34.027000 3152.612000
109.300000 34.498000 3200.160000
109.330000 34.968000 3157.274000
109.350000 35.439000 3019.486000
109.380000 35.910000 2972.730000
109.410000 36.381000 2964.894000
109.430000 36.851000 2979.444000
109.460000 37.322000 2989.036000
109.490000 37.793000 2978.246000
109.520000 38.264000 2946.695000
109.550000 38.734000 2943.472000
109.580000 39.205000 2968.461000
109.610000 39.676000 2965.592800
109.640000 40.147000 2977.482000
109.670000 40.617000 2976.705000
109.710000 41.088000 2964.393000
109.740000 41.559000 2957.213100
109.780000 42.030000 2957.824000
109.330000 21.788000 3232.097700
109.340000 22.259000 3228.933000
109.360000 22.729000 3228.979800
109.370000 23.200000 3225.947900
109.390000 23.671000 3224.009000
109.400000 24.141000 3223.492000
109.420000 24.612000 3225.209500
109.440000 25.083000 3224.860400
109.450000 25.554000 3223.676200
109.470000 26.024000 3209.738000
109.490000 26.495000 3162.273000
109.510000 26.966000 3128.326200
109.530000 27.437000 3133.701000
109.550000 27.907000 3140.603000
109.570000 28.378000 3111.421000
109.590000 28.849000 3031.919800
109.610000 29.320000 2992.127100
109.630000 29.790000 2957.169800
109.650000 30.261000 2979.958400
109.670000 30.732000 3002.846000
109.700000 31.203000 2971.862000
109.720000 31.673000 2964.948000
109.740000 32.144000 2983.428000
109.770000 32.615000 2995.885000
109.800000 33.085000 2979.210500
109.820000 33.556000 3042.499000
109.850000 34.027000 3210.885000
109.870000 34.498000 3223.514300
109.900000 34.968000 3186.190000
109.930000 35.439000 3057.688000
109.960000 35.910000 2974.360000
109.990000 36.381000 2981.786000
110.020000 36.851000 2971.225000
110.050000 37.322000 2969.763000
110.080000 37.793000 2959.956000
110.120000 38.264000 2972.933000
110.150000 38.734000 2980.689000
110.180000 39.205000 2976.242000
110.220000 39.676000 2978.934700
110.260000 40.147000 2992.492000
110.290000 40.617000 2971.192000
110.330000 41.088000 2963.475000
110.370000 41.559000 2939.150000
110.410000 42.030000 2967.728000
109.830000 21.788000 3231.402900
109.850000 22.259000 3229.536700
109.870000 22.729000 3228.024000
109.880000 23.200000 3227.932300
109.900000 23.671000 3226.723500
109.920000 24.141000 3227.497500
109.940000 24.612000 3227.796700
109.950000 25.083000 3227.484000
109.970000 25.554000 3226.334200
109.990000 26.024000 3221.744400
110.010000 26.495000 3180.173000
110.030000 26.966000 3147.557200
110.060000 27.437000 3141.223800
110.080000 27.907000 3133.142000
110.100000 28.378000 3095.137260
110.120000 28.849000 3035.793000
110.150000 29.320000 3009.875200
110.170000 29.790000 2988.458000
110.200000 30.261000 2998.716300
110.220000 30.732000 3007.312000
110.250000 31.203000 2951.876000
110.270000 31.673000 2971.031580
110.300000 32.144000 3100.124000
110.330000 32.615000 3119.479000
110.360000 33.085000 3133.409600
110.380000 33.556000 3130.804000
110.410000 34.027000 3181.979000
110.440000 34.498000 3218.929900
110.480000 34.968000 3205.429000
110.510000 35.439000 3079.404000
110.540000 35.910000 3036.469000
110.570000 36.381000 2969.780000
110.610000 36.851000 2965.050000
110.640000 37.322000 2954.771000
110.680000 37.793000 2970.534000
110.720000 38.264000 2994.725000
110.750000 38.734000 2973.351000
110.790000 39.205000 2976.975000
110.830000 39.676000 2971.875000
110.870000 40.147000 2981.506000
110.910000 40.617000 2963.996400
110.950000 41.088000 2954.745500
111.000000 41.559000 2958.710590
111.040000 42.030000 2947.407400
110.340000 21.788000 3229.217800
110.360000 22.259000 3225.172300
110.370000 22.729000 3228.624600
110.390000 23.200000 3226.453900
110.410000 23.671000 3229.025800
110.430000 24.141000 3228.168600
110.450000 24.612000 3228.215700
110.470000 25.083000 3227.286100
110.490000 25.554000 3226.082400
110.520000 26.024000 3221.596500
110.540000 26.495000 3194.339600
110.560000 26.966000 3170.094230
110.590000 27.437000 3130.994500
110.610000 27.907000 3135.783000
110.630000 28.378000 3033.247000
110.660000 28.849000 3016.328000
110.690000 29.320000 3037.778000
110.710000 29.790000 3024.320300
110.740000 30.261000 3035.558000
110.770000 30.732000 3036.014000
110.800000 31.203000 3013.051000
110.820000 31.673000 3148.899000
110.850000 32.144000 3200.724000
110.890000 32.615000 3213.603800
110.920000 33.085000 3212.106700
110.950000 33.556000 3177.219000
110.980000 34.027000 3165.681000
111.010000 34.498000 3227.620000
111.050000 34.968000 3221.290800
111.080000 35.439000 3160.909800
111.120000 35.910000 3090.342000
111.160000 36.381000 2997.942000
111.190000 36.851000 2986.460000
111.230000 37.322000 2975.729000
111.270000 37.793000 2971.672000
111.310000 38.264000 2971.535000
111.350000 38.734000 2972.537000
111.400000 39.205000 2957.391000
111.440000 39.676000 2948.044000
111.490000 40.147000 2951.411400
111.530000 40.617000 2932.948800
111.580000 41.088000 2953.319000
111.620000 41.559000 2935.021000
111.670000 42.030000 2935.027730
110.840000 21.788000 3234.012120
110.860000 22.259000 3226.905000
110.880000 22.729000 3227.450400
110.900000 23.200000 3228.238800
110.930000 23.671000 3229.012800
110.950000 24.141000 3228.669700
110.970000 24.612000 3229.981500
110.990000 25.083000 3229.405500
111.020000 25.554000 3226.364600
111.040000 26.024000 3221.345300
111.060000 26.495000 3198.697100
111.090000 26.966000 3193.839000
111.110000 27.437000 3233.260800
111.140000 27.907000 3173.466000
111.170000 28.378000 3076.259000
111.200000 28.849000 3066.303000
111.220000 29.320000 3129.438000
111.250000 29.790000 3115.358600
111.280000 30.261000 3162.215000
111.310000 30.732000 3157.137000
111.340000 31.203000 3161.285000
111.380000 31.673000 3228.072300
111.410000 32.144000 3232.640500
111.440000 32.615000 3230.285500
111.480000 33.085000 3231.714000
111.510000 33.556000 3222.570000
111.550000 34.027000 3223.507000
111.580000 34.498000 3230.400600
111.620000 34.968000 3230.188900
111.660000 35.439000 3202.313000
111.700000 35.910000 3113.796000
111.740000 36.381000 3052.884000
111.780000 36.851000 3020.931900
111.820000 37.322000 2998.042000
111.870000 37.793000 2991.952400
111.910000 38.264000 2957.133000
111.960000 38.734000 2956.876100
112.000000 39.205000 2953.563780
112.050000 39.676000 2936.348800
112.100000 40.147000 2921.540000
112.150000 40.617000 2920.831000
112.200000 41.088000 2927.835800
112.250000 41.559000 2940.809100
112.310000 42.030000 2964.664800
111.350000 21.788000 3230.111100
111.370000 22.259000 3227.779400
111.390000 22.729000 3228.115200
111.420000 23.200000 3228.764600
111.440000 23.671000 3228.910800
111.460000 24.141000 3229.030500
111.490000 24.612000 3231.049000
111.510000 25.083000 3231.909300
111.540000 25.554000 3231.059100
111.560000 26.024000 3228.088100
111.590000 26.495000 3228.165100
111.620000 26.966000 3209.098500
111.640000 27.437000 3214.705370
111.670000 27.907000 3192.445100
111.700000 28.378000 3139.680000
111.730000 28.849000 3197.586000
111.760000 29.320000 3203.590800
111.790000 29.790000 3245.812000
111.830000 30.261000 3260.654800
111.860000 30.732000 3232.519600
111.890000 31.203000 3202.842000
111.930000 31.673000 3227.745000
111.960000 32.144000 3227.036300
112.000000 32.615000 3233.380260
112.040000 33.085000 3231.794300
112.080000 33.556000 3222.089000
112.110000 34.027000 3224.043000
112.150000 34.498000 3230.446000
112.200000 34.968000 3224.552850
112.240000 35.439000 3133.057800
112.280000 35.910000 3056.831310
112.320000 36.381000 3007.109590
112.370000 36.851000 3017.189500
112.420000 37.322000 3020.338000
112.460000 37.793000 3015.271000
112.510000 38.264000 2991.097400
112.560000 38.734000 2951.826500
112.610000 39.205000 2948.404600
112.660000 39.676000 2946.561000
112.710000 40.147000 2927.563000
112.770000 40.617000 2904.837500
112.820000 41.088000 2944.755000
112.880000 41.559000 2946.967000
112.940000 42.030000 2937.176000
111.860000 21.788000 3232.449600
111.880000 22.259000 3231.124300
111.900000 22.729000 3229.585900
111.930000 23.200000 3227.335600
111.950000 23.671000 3227.901700
111.980000 24.141000 3228.756300
112.000000 24.612000 3230.273800
112.030000 25.083000 3230.920300
112.060000 25.554000 3231.763700
112.080000 26.024000 3230.691400
112.110000 26.495000 3230.801900
112.140000 26.966000 3231.079800
112.170000 27.437000 3230.895400
112.200000 27.907000 3230.460500
112.240000 28.378000 3233.416700
112.270000 28.849000 3231.739210
112.300000 29.320000 3230.984600
112.340000 29.790000 3229.553000
112.370000 30.261000 3249.525500
112.410000 30.732000 3242.260000
112.440000 31.203000 3230.235300
112.480000 31.673000 3227.943600
112.520000 32.144000 3229.417000
112.560000 32.615000 3229.075200
112.600000 33.085000 3232.082400
112.640000 33.556000 3226.104500
112.680000 34.027000 3230.558600
112.720000 34.498000 3232.337500
112.770000 34.968000 3216.473400
112.810000 35.439000 3135.956000
112.860000 35.910000 3032.004000
112.910000 36.381000 2986.181000
112.960000 36.851000 2988.266300
113.010000 37.322000 3019.525000
113.060000 37.793000 3013.896400
113.110000 38.264000 2983.381000
113.160000 38.734000 2973.411000
113.220000 39.205000 2953.992000
113.270000 39.676000 2937.943000
113.330000 40.147000 2946.918000
113.390000 40.617000 2955.194000
113.450000 41.088000 2962.620000
113.510000 41.559000 2956.568000
113.570000 42.030000 2975.116800
112.360000 21.788000 3234.990140
112.390000 22.259000 3232.402100
112.410000 22.729000 3230.337900
112.440000 23.200000 3227.935300
112.460000 23.671000 3227.598000
112.490000 24.141000 3226.908100
112.520000 24.612000 3229.970900
112.550000 25.083000 3230.901400
112.580000 25.554000 3230.369000
112.610000 26.024000 3229.365100
112.640000 26.495000 3232.139300
112.670000 26.966000 3231.711100
112.700000 27.437000 3230.868300
112.740000 27.907000 3230.282700
112.770000 28.378000 3231.344400
112.800000 28.849000 3228.765400
112.840000 29.320000 3225.397700
112.880000 29.790000 3229.877000
112.910000 30.261000 3230.599400
112.950000 30.732000 3235.448400
112.990000 31.203000 3233.960830
113.030000 31.673000 3227.926700
113.070000 32.144000 3223.019000
113.120000 32.615000 3226.331600
113.160000 33.085000 3227.565700
113.200000 33.556000 3228.318200
113.250000 34.027000 3233.754700
113.290000 34.498000 3230.248900
113.340000 34.968000 3228.430700
113.390000 35.439000 3212.051100
113.440000 35.910000 3149.377000
113.490000 36.381000 3119.465000
113.540000 36.851000 3094.975000
113.600000 37.322000 3041.223100
113.650000 37.793000 3015.102400
113.710000 38.264000 3056.904500
113.760000 38.734000 3038.530600
113.820000 39.205000 2997.846600
113.880000 39.676000 2977.977000
113.940000 40.147000 2995.743000
114.010000 40.617000 3012.370000
114.070000 41.088000 2965.405000
114.140000 41.559000 2964.010000
114.200000 42.030000 2965.561300
112.870000 21.788000 3235.476600
112.890000 22.259000 3232.853400
112.920000 22.729000 3231.895700
112.950000 23.200000 3230.597500
112.980000 23.671000 3229.270500
113.010000 24.141000 3227.266300
113.040000 24.612000 3226.940900
113.070000 25.083000 3228.480400
113.100000 25.554000 3229.840400
113.130000 26.024000 3229.990000
113.160000 26.495000 3230.471700
113.200000 26.966000 3230.725400
113.230000 27.437000 3228.073100
113.270000 27.907000 3229.835500
113.300000 28.378000 3228.700200
113.340000 28.849000 3228.646200
113.380000 29.320000 3226.889500
113.420000 29.790000 3217.982130
113.460000 30.261000 3218.390000
113.500000 30.732000 3237.529200
113.540000 31.203000 3235.620000
113.580000 31.673000 3229.569600
113.630000 32.144000 3224.976100
113.670000 32.615000 3227.200500
113.720000 33.085000 3228.346300
113.770000 33.556000 3229.482300
113.820000 34.027000 3230.604700
113.860000 34.498000 3234.065830
113.920000 34.968000 3232.923800
113.970000 35.439000 3234.125250
114.020000 35.910000 3231.666600
114.070000 36.381000 3232.686200
114.130000 36.851000 3232.926700
114.190000 37.322000 3212.907590
114.250000 37.793000 3189.319400
114.310000 38.264000 3203.712000
114.370000 38.734000 3181.750400
114.430000 39.205000 3138.577880
114.490000 39.676000 3064.011000
114.560000 40.147000 3015.540000
114.620000 40.617000 3009.663000
114.690000 41.088000 2958.929000
114.760000 41.559000 2957.467000
114.840000 42.030000 2940.518000
113.370000 21.788000 3235.879500
113.400000 22.259000 3231.808900
113.430000 22.729000 3230.389600
113.460000 23.200000 3229.842000
113.490000 23.671000 3229.494100
113.520000 24.141000 3228.102300
113.550000 24.612000 3227.972900
113.590000 25.083000 3229.432800
113.620000 25.554000 3228.783800
113.650000 26.024000 3226.846400
113.690000 26.495000 3229.196300
113.720000 26.966000 3229.753300
113.760000 27.437000 3228.728300
113.800000 27.907000 3229.770300
113.840000 28.378000 3229.178000
113.880000 28.849000 3226.742800
113.920000 29.320000 3193.087600
113.960000 29.790000 3174.982000
114.000000 30.261000 3218.910000
114.050000 30.732000 3237.359600
114.090000 31.203000 3234.043780
114.140000 31.673000 3225.582000
114.180000 32.144000 3229.593900
114.230000 32.615000 3231.122400
114.280000 33.085000 3233.695850
114.330000 33.556000 3233.741070
114.380000 34.027000 3232.978700
114.440000 34.498000 3234.061080
114.490000 34.968000 3234.467110
114.540000 35.439000 3236.077700
114.600000 35.910000 3236.334900
114.660000 36.381000 3237.411400
114.720000 36.851000 3240.946100
114.780000 37.322000 3240.844400
114.840000 37.793000 3232.920500
114.900000 38.264000 3242.393900
114.970000 38.734000 3245.026000
115.030000 39.205000 3210.550800
115.100000 39.676000 3152.979000
115.170000 40.147000 3079.682000
115.240000 40.617000 3048.479000
115.320000 41.088000 2948.087100
115.390000 41.559000 3000.561000
115.470000 42.030000 2962.621000
113.880000 21.788000 3238.641800
113.910000 22.259000 3233.393740
113.940000 22.729000 3232.664200
113.970000 23.200000 3232.283300
114.000000 23.671000 3230.321300
114.040000 24.141000 3229.216500
114.070000 24.612000 3228.896700
114.100000 25.083000 3229.426800
114.140000 25.554000 3227.183900
114.180000 26.024000 3227.753700
114.210000 26.495000 3229.853300
114.250000 26.966000 3231.474000
114.290000 27.437000 3229.802000
114.330000 27.907000 3230.409100
114.370000 28.378000 3228.533900
114.410000 28.849000 3228.063700
114.460000 29.320000 3203.365200
114.500000 29.790000 3203.869000
114.550000 30.261000 3215.317500
114.590000 30.732000 3235.671300
114.640000 31.203000 3231.623300
114.690000 31.673000 3227.735600
114.740000 32.144000 3234.450690
114.790000 32.615000 3234.068820
114.840000 33.085000 3234.238909
114.890000 33.556000 3235.786600
114.950000 34.027000 3234.755510
115.010000 34.498000 3234.754970
115.060000 34.968000 3237.545200
115.120000 35.439000 3234.512750
115.180000 35.910000 3237.493800
115.240000 36.381000 3239.825700
115.300000 36.851000 3243.707500
115.370000 37.322000 3245.392000
115.430000 37.793000 3245.850000
115.500000 38.264000 3246.284000
115.570000 38.734000 3244.188000
115.640000 39.205000 3246.279000
115.710000 39.676000 3223.591000
115.790000 40.147000 3141.967000
115.860000 40.617000 3129.429000
115.940000 41.088000 3063.314000
116.020000 41.559000 3034.182600
116.100000 42.030000 3012.191200
114.390000 21.788000 3239.655900
114.420000 22.259000 3239.701800
114.450000 22.729000 3233.797200
114.480000 23.200000 3232.913200
114.520000 23.671000 3232.738900
114.550000 24.141000 3231.388400
114.590000 24.612000 3231.004600
114.620000 25.083000 3230.486600
114.660000 25.554000 3229.681200
114.700000 26.024000 3230.192300
114.740000 26.495000 3233.285580
114.780000 26.966000 3233.770160
114.820000 27.437000 3232.912600
114.860000 27.907000 3231.470700
114.910000 28.378000 3230.397500
114.950000 28.849000 3226.007100
115.000000 29.320000 3227.657100
115.040000 29.790000 3214.196920
115.090000 30.261000 3226.433260
115.140000 30.732000 3229.973300
115.190000 31.203000 3170.354100
115.240000 31.673000 3209.427200
115.290000 32.144000 3232.453190
115.350000 32.615000 3231.176000
115.400000 33.085000 3232.336900
115.460000 33.556000 3235.701300
115.520000 34.027000 3233.816650
115.580000 34.498000 3237.043300
115.640000 34.968000 3238.927400
115.700000 35.439000 3239.263100
115.760000 35.910000 3238.143900
115.830000 36.381000 3240.629400
115.890000 36.851000 3245.070000
115.960000 37.322000 3251.181000
116.030000 37.793000 3249.367000
116.100000 38.264000 3249.441000
116.170000 38.734000 3248.927000
116.250000 39.205000 3244.367000
116.320000 39.676000 3272.602000
116.400000 40.147000 3239.373000
116.480000 40.617000 3177.598000
116.560000 41.088000 3123.605200
116.650000 41.559000 3111.477000
116.730000 42.030000 3086.208800
114.890000 21.788000 3239.886100
114.920000 22.259000 3238.819400
114.960000 22.729000 3234.039510
114.990000 23.200000 3232.752200
115.030000 23.671000 3231.227200
115.070000 24.141000 3232.361300
115.100000 24.612000 3232.358500
115.140000 25.083000 3231.692900
115.180000 25.554000 3230.275300
115.220000 26.024000 3231.578400
115.260000 26.495000 3231.473800
115.310000 26.966000 3232.275200
115.350000 27.437000 3232.115600
115.390000 27.907000 3234.063890
115.440000 28.378000 3232.886500
115.490000 28.849000 3232.995200
115.530000 29.320000 3231.941700
115.580000 29.790000 3234.869990
115.630000 30.261000 3230.193800
115.690000 30.732000 3120.886800
115.740000 31.203000 3122.389160
115.790000 31.673000 3182.737800
115.850000 32.144000 3233.757920
115.900000 32.615000 3232.707000
115.960000 33.085000 3233.077300
116.020000 33.556000 3236.724000
116.080000 34.027000 3236.259300
116.150000 34.498000 3237.684000
116.210000 34.968000 3237.691700
116.270000 35.439000 3237.482000
116.340000 35.910000 3235.129800
116.410000 36.381000 3240.736100
116.480000 36.851000 3243.760000
116.550000 37.322000 3289.667000
116.620000 37.793000 3250.492000
116.700000 38.264000 3251.883000
116.780000 38.734000 3251.855000
116.850000 39.205000 3272.486000
116.930000 39.676000 3291.154000
117.020000 40.147000 3264.005000
117.100000 40.617000 3214.068000
117.190000 41.088000 3216.208000
117.280000 41.559000 3172.319200
117.370000 42.030000 3153.467000
115.400000 21.788000 3241.976000
115.430000 22.259000 3240.459000
115.470000 22.729000 3237.336600
115.500000 23.200000 3233.280970
115.540000 23.671000 3234.234560
115.580000 24.141000 3234.745530
115.620000 24.612000 3232.476600
115.660000 25.083000 3231.827300
115.700000 25.554000 3231.640700
115.740000 26.024000 3231.368100
115.790000 26.495000 3231.228900
115.830000 26.966000 3230.293800
115.880000 27.437000 3231.372500
115.930000 27.907000 3233.342180
115.970000 28.378000 3234.969560
116.020000 28.849000 3236.120000
116.070000 29.320000 3234.026890
116.130000 29.790000 3236.205900
116.180000 30.261000 3199.125000
116.230000 30.732000 3162.663300
116.290000 31.203000 3199.033800
116.340000 31.673000 3234.727200
116.400000 32.144000 3236.810200
116.460000 32.615000 3234.712570
116.520000 33.085000 3234.078390
116.590000 33.556000 3234.356010
116.650000 34.027000 3235.074440
116.720000 34.498000 3238.105900
116.780000 34.968000 3238.816500
116.850000 35.439000 3237.627000
116.920000 35.910000 3236.483300
116.990000 36.381000 3237.526200
117.070000 36.851000 3244.854300
117.140000 37.322000 3281.573000
117.220000 37.793000 3291.812000
117.300000 38.264000 3245.501000
117.380000 38.734000 3245.616000
117.460000 39.205000 3293.322000
117.540000 39.676000 3236.531000
117.630000 40.147000 3247.412000
117.720000 40.617000 3244.402000
117.810000 41.088000 3246.415000
117.900000 41.559000 3214.506200
118.000000 42.030000 3185.427500
115.900000 21.788000 3245.343000
115.940000 22.259000 3242.422800
115.980000 22.729000 3240.929700
116.020000 23.200000 3234.969980
116.050000 23.671000 3236.402500
116.100000 24.141000 3236.325700
116.140000 24.612000 3234.662390
116.180000 25.083000 3232.210200
116.220000 25.554000 3233.436110
116.270000 26.024000 3231.662900
116.310000 26.495000 3230.863100
116.360000 26.966000 3231.632000
116.410000 27.437000 3232.950100
116.460000 27.907000 3234.135849
116.510000 28.378000 3236.387600
116.560000 28.849000 3239.223500
116.610000 29.320000 3235.370700
116.670000 29.790000 3236.792200
116.720000 30.261000 3240.711300
116.780000 30.732000 3235.806500
116.840000 31.203000 3237.778800
116.900000 31.673000 3238.632200
116.960000 32.144000 3239.267300
117.020000 32.615000 3238.468200
117.080000 33.085000 3236.531100
117.150000 33.556000 3238.591300
117.220000 34.027000 3238.977400
117.290000 34.498000 3238.046600
117.360000 34.968000 3236.733300
117.430000 35.439000 3239.298500
117.500000 35.910000 3238.061300
117.580000 36.381000 3238.328400
117.650000 36.851000 3286.031000
117.730000 37.322000 3285.765000
117.810000 37.793000 3308.425000
117.890000 38.264000 3293.189000
117.980000 38.734000 3265.542000
118.070000 39.205000 3247.872000
118.150000 39.676000 3255.574000
118.250000 40.147000 3249.793000
118.340000 40.617000 3244.236000
118.430000 41.088000 3243.364500
118.530000 41.559000 3233.482600
118.630000 42.030000 3241.255500
116.410000 21.788000 3249.267000
116.450000 22.259000 3246.250000
116.490000 22.729000 3246.320000
116.530000 23.200000 3242.320200
116.570000 23.671000 3238.584900
116.610000 24.141000 3235.603900
116.650000 24.612000 3235.628200
116.700000 25.083000 3234.988390
116.740000 25.554000 3235.602100
116.790000 26.024000 3234.357860
116.840000 26.495000 3232.670300
116.890000 26.966000 3234.077940
116.940000 27.437000 3233.240420
116.990000 27.907000 3234.651950
117.040000 28.378000 3236.575500
117.100000 28.849000 3238.363300
117.150000 29.320000 3235.367400
117.210000 29.790000 3234.265411
117.270000 30.261000 3235.806900
117.330000 30.732000 3240.763400
117.390000 31.203000 3241.165900
117.450000 31.673000 3236.966200
117.510000 32.144000 3237.569500
117.580000 32.615000 3241.487200
117.640000 33.085000 3236.823700
117.710000 33.556000 3240.009500
117.780000 34.027000 3240.021100
117.860000 34.498000 3241.952300
117.930000 34.968000 3238.205300
118.000000 35.439000 3241.146200
118.080000 35.910000 3240.130400
118.160000 36.381000 3239.938700
118.240000 36.851000 3246.895000
118.320000 37.322000 3314.029000
118.410000 37.793000 3323.308000
118.490000 38.264000 3314.773000
118.580000 38.734000 3325.186000
118.670000 39.205000 3272.111000
118.770000 39.676000 3253.514000
118.860000 40.147000 3247.993000
118.960000 40.617000 3246.552000
119.060000 41.088000 3249.095000
119.160000 41.559000 3246.698000
119.260000 42.030000 3243.143200
116.920000 21.788000 3255.565000
116.960000 22.259000 3252.285000
117.000000 22.729000 3254.607000
117.040000 23.200000 3249.389000
117.080000 23.671000 3240.147600
117.120000 24.141000 3237.448500
117.170000 24.612000 3236.945500
117.220000 25.083000 3236.791400
117.260000 25.554000 3237.071800
117.310000 26.024000 3234.251802
117.360000 26.495000 3235.419500
117.410000 26.966000 3236.302500
117.470000 27.437000 3233.988140
117.520000 27.907000 3235.100450
117.580000 28.378000 3237.409900
117.630000 28.849000 3234.738910
117.690000 29.320000 3234.376450
117.750000 29.790000 3236.626600
117.810000 30.261000 3235.827000
117.870000 30.732000 3242.877500
117.940000 31.203000 3244.686000
118.000000 31.673000 3245.461000
118.070000 32.144000 3245.077000
118.140000 32.615000 3245.344000
118.210000 33.085000 3243.692100
118.280000 33.556000 3242.642500
118.350000 34.027000 3241.697800
118.430000 34.498000 3240.848100
118.500000 34.968000 3243.427100
118.580000 35.439000 3242.416700
118.660000 35.910000 3239.805200
118.740000 36.381000 3244.134800
118.830000 36.851000 3250.798000
118.910000 37.322000 3320.205000
119.000000 37.793000 3324.235000
119.090000 38.264000 3343.326000
119.180000 38.734000 3352.016000
119.280000 39.205000 3263.816000
119.380000 39.676000 3253.022000
119.470000 40.147000 3247.250000
119.580000 40.617000 3251.460000
119.680000 41.088000 3251.911000
119.790000 41.559000 3246.854000
119.900000 42.030000 3240.192100
117.420000 21.788000 3261.399000
117.460000 22.259000 3260.941000
117.510000 22.729000 3261.566000
117.550000 23.200000 3255.798000
117.590000 23.671000 3244.135800
117.640000 24.141000 3241.624600
117.690000 24.612000 3238.558700
117.740000 25.083000 3238.148600
117.780000 25.554000 3237.379500
117.840000 26.024000 3236.914800
117.890000 26.495000 3238.095400
117.940000 26.966000 3239.489300
118.000000 27.437000 3239.883600
118.050000 27.907000 3237.471600
118.110000 28.378000 3241.221800
118.170000 28.849000 3237.786700
118.230000 29.320000 3235.586000
118.290000 29.790000 3235.337000
118.350000 30.261000 3236.661800
118.420000 30.732000 3246.193000
118.480000 31.203000 3248.818000
118.550000 31.673000 3249.394000
118.620000 32.144000 3246.600000
118.690000 32.615000 3248.430000
118.770000 33.085000 3249.744000
118.840000 33.556000 3243.887600
118.920000 34.027000 3243.473700
119.000000 34.498000 3241.613400
119.080000 34.968000 3240.106200
119.160000 35.439000 3240.391400
119.240000 35.910000 3246.984000
119.330000 36.381000 3247.618000
119.410000 36.851000 3250.768000
119.500000 37.322000 3260.604000
119.600000 37.793000 3260.404000
119.690000 38.264000 3330.707000
119.790000 38.734000 3266.538000
119.880000 39.205000 3258.792000
119.990000 39.676000 3260.114000
120.090000 40.147000 3251.457000
120.190000 40.617000 3245.999000
120.300000 41.088000 3248.754000
120.410000 41.559000 3247.031000
120.530000 42.030000 3242.241500
117.930000 21.788000 3260.726000
117.970000 22.259000 3261.625000
118.010000 22.729000 3268.982000
118.060000 23.200000 3265.326000
118.110000 23.671000 3265.307000
118.150000 24.141000 3255.909000
118.200000 24.612000 3248.355000
118.250000 25.083000 3241.996800
118.310000 25.554000 3238.169100
118.360000 26.024000 3238.940200
118.410000 26.495000 3238.836400
118.470000 26.966000 3238.867100
118.530000 27.437000 3239.530300
118.580000 27.907000 3238.169800
118.640000 28.378000 3240.398800
118.700000 28.849000 3243.762800
118.770000 29.320000 3237.552300
118.830000 29.790000 3235.653400
118.900000 30.261000 3235.027680
118.970000 30.732000 3247.135000
119.030000 31.203000 3247.542000
119.100000 31.673000 3250.185000
119.180000 32.144000 3253.139000
119.250000 32.615000 3251.316000
119.330000 33.085000 3251.629000
119.400000 33.556000 3249.384000
119.480000 34.027000 3248.585000
119.570000 34.498000 3247.807000
119.650000 34.968000 3250.144000
119.730000 35.439000 3247.026000
119.820000 35.910000 3244.902000
119.910000 36.381000 3249.779000
120.000000 36.851000 3248.683000
120.090000 37.322000 3253.329000
120.190000 37.793000 3253.708000
120.290000 38.264000 3310.609000
120.390000 38.734000 3263.138000
120.490000 39.205000 3262.381000
120.600000 39.676000 3257.023000
120.700000 40.147000 3255.307000
120.810000 40.617000 3255.472000
120.930000 41.088000 3248.828000
121.040000 41.559000 3248.497000
121.160000 42.030000 3245.543000
118.430000 21.788000 3270.092000
118.480000 22.259000 3264.457000
118.520000 22.729000 3270.020000
118.570000 23.200000 3265.912000
118.620000 23.671000 3265.834000
118.670000 24.141000 3268.504000
118.720000 24.612000 3260.939000
118.770000 25.083000 3246.273000
118.830000 25.554000 3243.191000
118.880000 26.024000 3240.200600
118.940000 26.495000 3239.043100
119.000000 26.966000 3239.674800
119.050000 27.437000 3239.613000
119.120000 27.907000 3238.650000
119.180000 28.378000 3241.061200
119.240000 28.849000 3241.568700
119.310000 29.320000 3244.697000
119.370000 29.790000 3237.437100
119.440000 30.261000 3241.292900
119.510000 30.732000 3244.064900
119.580000 31.203000 3250.965000
119.660000 31.673000 3254.363000
119.730000 32.144000 3251.479000
119.810000 32.615000 3254.112000
119.890000 33.085000 3255.935000
119.970000 33.556000 3254.029000
120.050000 34.027000 3252.867000
120.140000 34.498000 3254.245000
120.220000 34.968000 3250.548000
120.310000 35.439000 3249.558000
120.400000 35.910000 3247.553000
120.490000 36.381000 3252.568000
120.590000 36.851000 3252.125000
120.690000 37.322000 3251.130000
120.780000 37.793000 3236.132000
120.890000 38.264000 3325.585000
120.990000 38.734000 3264.343000
121.100000 39.205000 3263.583000
121.210000 39.676000 3257.799000
121.320000 40.147000 3254.870000
121.430000 40.617000 3260.789000
121.550000 41.088000 3252.772000
121.670000 41.559000 3249.024000
121.790000 42.030000 3249.008000
118.940000 21.788000 3266.834000
118.990000 22.259000 3269.652000
119.030000 22.729000 3366.750000
119.080000 23.200000 3279.593000
119.130000 23.671000 3265.179000
119.180000 24.141000 3262.320000
119.240000 24.612000 3260.685000
119.290000 25.083000 3252.150000
119.350000 25.554000 3247.820000
119.400000 26.024000 3242.143900
119.460000 26.495000 3243.605600
119.520000 26.966000 3241.329200
119.580000 27.437000 3241.630200
119.650000 27.907000 3240.665400
119.710000 28.378000 3242.122500
119.780000 28.849000 3241.250400
119.850000 29.320000 3243.294800
119.910000 29.790000 3247.267000
119.990000 30.261000 3247.195000
120.060000 30.732000 3244.636000
120.130000 31.203000 3250.493000
120.210000 31.673000 3251.373000
120.290000 32.144000 3252.268000
120.370000 32.615000 3255.778000
120.450000 33.085000 3257.471000
120.530000 33.556000 3256.286000
120.620000 34.027000 3261.386000
120.710000 34.498000 3265.847000
120.790000 34.968000 3261.639000
120.890000 35.439000 3260.851000
120.980000 35.910000 3259.057000
121.080000 36.381000 3252.452000
121.180000 36.851000 3254.953000
121.280000 37.322000 3253.453000
121.380000 37.793000 3254.762000
121.480000 38.264000 3262.313000
121.590000 38.734000 3263.542000
121.700000 39.205000 3262.250000
121.820000 39.676000 3257.389000
121.930000 40.147000 3261.557000
119.450000 21.788000 3444.640000
119.490000 22.259000 3439.820000
119.540000 22.729000 3424.410000
119.590000 23.200000 3387.290000
119.650000 23.671000 3363.130000
119.700000 24.141000 3240.949000
119.750000 24.612000 3264.434000
119.810000 25.083000 3257.552000
119.870000 25.554000 3254.709000
119.930000 26.024000 3256.624000
119.990000 26.495000 3247.853000
120.050000 26.966000 3242.883100
120.110000 27.437000 3240.273600
120.180000 27.907000 3241.786800
120.250000 28.378000 3242.734800
120.310000 28.849000 3243.078100
120.380000 29.320000 3245.233000
120.460000 29.790000 3246.349000
120.530000 30.261000 3247.812000
120.600000 30.732000 3250.375000
120.680000 31.203000 3248.880000
120.760000 31.673000 3247.101000
120.840000 32.144000 3255.034000
120.920000 32.615000 3261.902000
121.010000 33.085000 3262.457000
121.100000 33.556000 3263.249000
121.180000 34.027000 3262.975000
121.280000 34.498000 3263.821000
121.370000 34.968000 3267.191000
121.460000 35.439000 3264.769000
121.560000 35.910000 3260.796000
121.660000 36.381000 3261.084000
121.760000 36.851000 3253.762000
121.870000 37.322000 3253.292000
121.970000 37.793000 3261.849000
119.950000 21.788000 3466.990000
120.000000 22.259000 3441.730000
120.050000 22.729000 3332.835000
120.100000 23.200000 3296.560000
120.160000 23.671000 3315.440000
120.210000 24.141000 3308.348000
120.270000 24.612000 3265.669000
120.330000 25.083000 3266.308000
120.390000 25.554000 3267.424000
120.450000 26.024000 3269.620000
120.510000 26.495000 3258.632000
120.580000 26.966000 3244.133900
120.640000 27.437000 3247.984000
120.710000 27.907000 3243.886700
120.780000 28.378000 3240.786900
120.850000 28.849000 3243.992300
120.920000 29.320000 3243.233500
121.000000 29.790000 3242.869900
121.070000 30.261000 3246.780000
121.150000 30.732000 3250.063000
121.230000 31.203000 3251.506000
121.310000 31.673000 3253.191000
121.400000 32.144000 3256.435000
121.480000 32.615000 3262.683000
121.570000 33.085000 3261.573000
121.660000 33.556000 3268.168000
121.750000 34.027000 3264.547000
121.850000 34.498000 3262.568000
121.940000 34.968000 3262.063000
120.460000 21.788000 3327.678000
120.510000 22.259000 3324.470000
120.560000 22.729000 3273.410000
120.620000 23.200000 3274.244000
120.670000 23.671000 3276.588000
120.730000 24.141000 3227.279000
120.790000 24.612000 3266.272000
120.850000 25.083000 3260.424000
120.910000 25.554000 3260.838000
120.970000 26.024000 3264.094000
121.040000 26.495000 3263.386000
121.100000 26.966000 3255.056000
121.170000 27.437000 3257.332000
121.240000 27.907000 3253.260000
121.310000 28.378000 3247.277000
121.390000 28.849000 3246.242000
121.460000 29.320000 3245.576000
121.540000 29.790000 3247.150000
121.620000 30.261000 3254.678000
121.700000 30.732000 3256.947000
121.780000 31.203000 3256.574000
121.860000 31.673000 3255.758000
121.950000 32.144000 3259.394000
120.960000 21.788000 3256.071000
121.020000 22.259000 3260.880000
121.070000 22.729000 3272.812000
121.130000 23.200000 3207.170000
121.180000 23.671000 3198.799100
121.240000 24.141000 3312.970000
121.300000 24.612000 3263.383000
121.370000 25.083000 3254.615000
121.430000 25.554000 3262.191000
121.500000 26.024000 3267.099000
121.560000 26.495000 3263.260000
121.630000 26.966000 3261.465000
121.700000 27.437000 3262.849000
121.770000 27.907000 3261.016000
121.850000 28.378000 3253.579000
121.920000 28.849000 3255.136000
121.470000 21.788000 3272.322000
121.520000 22.259000 3277.910000
121.580000 22.729000 3276.013000
121.640000 23.200000 3267.561000
121.700000 23.671000 3256.473000
121.760000 24.141000 3254.587000
121.820000 24.612000 3275.085000
121.880000 25.083000 3270.796000
121.950000 25.554000 3273.016000
121.970000 21.788000 3277.236000
