104.770000 21.788000 3235.626600
104.770000 22.259000 3230.973700
104.770000 22.729000 3226.265300
104.770000 23.200000 3222.694000
104.770000 23.671000 3223.907000
104.770000 24.141000 3225.661400
104.770000 24.612000 3222.446000
104.770000 25.083000 3223.588000
104.770000 25.554000 3196.876000
104.770000 26.024000 3197.316300
104.760000 26.495000 3149.310500
104.760000 26.966000 3114.625000
104.760000 27.437000 3173.233000
104.760000 27.907000 3171.100000
104.760000 28.378000 3186.446000
104.760000 28.849000 3203.982000
104.760000 29.320000 3215.050200
104.760000 29.790000 3198.092000
104.760000 30.261000 3187.784000
104.760000 30.732000 3181.901000
104.750000 31.203000 3192.210000
104.750000 31.673000 3192.073000
104.750000 32.144000 3097.854000
104.750000 32.615000 3077.008000
104.750000 33.085000 3019.921000
104.750000 33.556000 3089.017000
104.750000 34.027000 3084.730000
104.740000 34.498000 3090.876000
104.740000 34.968000 3058.367000
104.740000 35.439000 3023.209000
104.740000 35.910000 3008.844000
104.740000 36.381000 2982.812000
104.740000 36.851000 2980.930000
104.740000 37.322000 3037.386500
104.730000 37.793000 3105.561200
104.730000 38.264000 3066.831300
104.730000 38.734000 3019.639400
104.730000 39.205000 3032.368000
104.730000 39.676000 3025.265000
104.720000 40.147000 3063.464500
104.720000 40.617000 3093.975800
104.720000 41.088000 3115.038000
104.720000 41.559000 3119.814000
104.720000 42.030000 3131.339000
105.280000 21.788000 3230.352400
105.280000 22.259000 3228.124400
105.280000 22.729000 3229.435200
105.280000 23.200000 3222.538000
105.280000 23.671000 3222.886000
105.280000 24.141000 3223.102000
105.290000 24.612000 3222.883000
105.290000 25.083000 3218.903000
105.290000 25.554000 3215.845000
105.290000 26.024000 3200.169000
105.290000 26.495000 3173.931000
105.290000 26.966000 3118.606000
105.290000 27.437000 3163.599000
105.290000 27.907000 3178.278300
105.290000 28.378000 3200.741000
105.300000 28.849000 3203.384000
105.300000 29.320000 3213.280000
105.300000 29.790000 3205.210000
105.300000 30.261000 3181.757000
105.300000 30.732000 3183.379000
105.300000 31.203000 3192.494000
105.300000 31.673000 3191.239000
105.310000 32.144000 3131.229000
105.310000 32.615000 3097.048000
105.310000 33.085000 3054.446000
105.310000 33.556000 3058.910000
105.310000 34.027000 3023.502000
105.310000 34.498000 3071.979000
105.320000 34.968000 3068.441000
105.320000 35.439000 2999.446000
105.320000 35.910000 2995.585000
105.320000 36.381000 2995.987000
105.320000 36.851000 2988.286400
105.330000 37.322000 3045.361000
105.330000 37.793000 3097.265000
105.330000 38.264000 3064.006000
105.330000 38.734000 3037.183000
105.330000 39.205000 3043.580000
105.340000 39.676000 3045.689000
105.340000 40.147000 3078.637000
105.340000 40.617000 3104.627500
105.340000 41.088000 3132.547400
105.350000 41.559000 3138.743000
105.350000 42.030000 3154.428000
105.790000 21.788000 3229.367300
105.790000 22.259000 3224.720200
105.790000 22.729000 3223.181000
105.790000 23.200000 3225.061200
105.800000 23.671000 3223.517000
105.800000 24.141000 3224.373700
105.800000 24.612000 3220.641000
105.810000 25.083000 3219.088000
105.810000 25.554000 3222.496000
105.810000 26.024000 3219.744300
105.810000 26.495000 3205.507300
105.820000 26.966000 3131.997900
105.820000 27.437000 3136.305850
105.830000 27.907000 3171.841100
105.830000 28.378000 3194.922000
105.830000 28.849000 3194.404000
105.840000 29.320000 3206.872000
105.840000 29.790000 3205.660000
105.840000 30.261000 3180.488000
105.850000 30.732000 3170.980000
105.850000 31.203000 3185.111000
105.860000 31.673000 3167.016000
105.860000 32.144000 3140.248000
105.870000 32.615000 3090.163000
105.870000 33.085000 3046.477000
105.870000 33.556000 3049.795000
105.880000 34.027000 3071.216000
105.880000 34.498000 3112.330000
105.890000 34.968000 3064.228400
105.890000 35.439000 3011.089900
105.900000 35.910000 3078.865000
105.910000 36.381000 3050.225000
105.910000 36.851000 3039.989000
105.920000 37.322000 3119.302000
105.920000 37.793000 3170.904000
105.930000 38.264000 3122.728720
105.930000 38.734000 3118.945000
105.940000 39.205000 3068.246000
105.950000 39.676000 3098.620600
105.950000 40.147000 3152.046300
105.960000 40.617000 3191.538200
105.970000 41.088000 3194.631370
105.970000 41.559000 3180.687000
105.980000 42.030000 3171.367000
106.290000 21.788000 3228.338600
106.300000 22.259000 3228.160600
106.300000 22.729000 3224.402100
106.300000 23.200000 3220.654000
106.310000 23.671000 3223.647000
106.310000 24.141000 3222.560000
106.320000 24.612000 3218.587000
106.320000 25.083000 3215.306000
106.330000 25.554000 3217.874000
106.330000 26.024000 3225.327500
106.340000 26.495000 3219.818300
106.350000 26.966000 3176.445900
106.350000 27.437000 3143.630400
106.360000 27.907000 3169.209800
106.360000 28.378000 3199.468200
106.370000 28.849000 3197.901000
106.380000 29.320000 3185.080000
106.380000 29.790000 3183.321000
106.390000 30.261000 3168.167000
106.390000 30.732000 3150.731000
106.400000 31.203000 3155.863000
106.410000 31.673000 3175.445000
106.420000 32.144000 3129.670000
106.420000 32.615000 3067.605000
106.430000 33.085000 3053.321000
106.440000 33.556000 3046.897000
106.450000 34.027000 3084.174000
106.450000 34.498000 3104.751000
106.460000 34.968000 3083.847100
106.470000 35.439000 3095.271700
106.480000 35.910000 3076.433400
106.490000 36.381000 3091.376000
106.500000 36.851000 3100.960100
106.510000 37.322000 3148.032100
106.520000 37.793000 3171.815000
106.530000 38.264000 3180.861000
106.540000 38.734000 3147.033100
106.550000 39.205000 3144.742300
106.560000 39.676000 3194.138000
106.570000 40.147000 3214.944500
106.580000 40.617000 3220.757000
106.590000 41.088000 3224.732300
106.600000 41.559000 3228.725800
106.610000 42.030000 3212.273570
106.800000 21.788000 3230.268400
106.800000 22.259000 3230.057900
106.810000 22.729000 3225.546600
106.820000 23.200000 3222.189000
106.820000 23.671000 3224.515600
106.830000 24.141000 3220.307000
106.840000 24.612000 3214.923000
106.840000 25.083000 3216.482000
106.850000 25.554000 3220.662000
106.860000 26.024000 3224.324900
106.860000 26.495000 3224.365700
106.870000 26.966000 3209.170000
106.880000 27.437000 3181.437000
106.890000 27.907000 3182.656000
106.900000 28.378000 3208.212000
106.910000 28.849000 3220.367390
106.910000 29.320000 3202.040000
106.920000 29.790000 3188.228000
106.930000 30.261000 3187.854000
106.940000 30.732000 3187.478000
106.950000 31.203000 3176.228100
106.960000 31.673000 3149.710800
106.970000 32.144000 3115.783260
106.980000 32.615000 3067.091900
106.990000 33.085000 3064.296500
107.000000 33.556000 3082.716000
107.010000 34.027000 3132.345000
107.020000 34.498000 3133.587000
107.040000 34.968000 3103.812000
107.050000 35.439000 3095.189000
107.060000 35.910000 3084.679000
107.070000 36.381000 3119.922000
107.090000 36.851000 3104.854000
107.100000 37.322000 3113.688000
107.110000 37.793000 3139.361000
107.130000 38.264000 3126.302000
107.140000 38.734000 3131.647000
107.150000 39.205000 3176.412600
107.170000 39.676000 3208.734000
107.180000 40.147000 3216.025000
107.200000 40.617000 3222.674000
107.210000 41.088000 3223.169000
107.230000 41.559000 3222.563500
107.250000 42.030000 3199.215200
107.300000 21.788000 3227.075900
107.310000 22.259000 3228.787500
107.320000 22.729000 3225.851000
107.330000 23.200000 3224.190000
107.330000 23.671000 3221.585000
107.340000 24.141000 3219.272000
107.350000 24.612000 3218.645000
107.360000 25.083000 3221.178000
107.370000 25.554000 3221.318000
107.380000 26.024000 3227.776800
107.390000 26.495000 3225.267600
107.400000 26.966000 3224.731000
107.410000 27.437000 3224.102000
107.420000 27.907000 3194.213000
107.430000 28.378000 3230.796000
107.440000 28.849000 3228.298200
107.450000 29.320000 3217.143700
107.460000 29.790000 3210.799600
107.480000 30.261000 3202.153210
107.490000 30.732000 3197.424900
107.500000 31.203000 3179.355200
107.510000 31.673000 3154.733100
107.530000 32.144000 3121.305900
107.540000 32.615000 3065.176100
107.550000 33.085000 3086.350300
107.570000 33.556000 3096.403000
107.580000 34.027000 3203.325000
107.590000 34.498000 3165.651000
107.610000 34.968000 3119.623000
107.620000 35.439000 3116.164000
107.640000 35.910000 3095.238000
107.660000 36.381000 3130.127000
107.670000 36.851000 3139.471000
107.690000 37.322000 3156.474000
107.710000 37.793000 3148.664000
107.720000 38.264000 3144.889000
107.740000 38.734000 3142.401000
107.760000 39.205000 3166.807000
107.780000 39.676000 3187.770000
107.800000 40.147000 3211.161100
107.820000 40.617000 3240.925000
107.840000 41.088000 3199.559600
107.860000 41.559000 3211.531000
107.880000 42.030000 3162.608600
107.810000 21.788000 3228.251900
107.820000 22.259000 3228.027900
107.830000 22.729000 3227.181300
107.840000 23.200000 3221.946000
107.850000 23.671000 3219.934000
107.860000 24.141000 3218.320000
107.870000 24.612000 3221.602000
107.880000 25.083000 3220.721000
107.890000 25.554000 3224.343100
107.900000 26.024000 3225.865700
107.910000 26.495000 3227.479900
107.930000 26.966000 3227.723000
107.940000 27.437000 3239.165000
107.950000 27.907000 3210.056000
107.960000 28.378000 3215.378000
107.980000 28.849000 3221.360400
107.990000 29.320000 3216.527500
108.010000 29.790000 3213.516100
108.020000 30.261000 3199.796300
108.030000 30.732000 3189.508700
108.050000 31.203000 3189.157000
108.060000 31.673000 3196.757000
108.080000 32.144000 3163.412000
108.100000 32.615000 3111.320000
108.110000 33.085000 3115.812500
108.130000 33.556000 3127.627000
108.150000 34.027000 3197.946000
108.160000 34.498000 3206.226000
108.180000 34.968000 3180.779000
108.200000 35.439000 3154.120000
108.220000 35.910000 3137.634000
108.240000 36.381000 3149.069000
108.260000 36.851000 3157.302000
108.280000 37.322000 3155.229000
108.300000 37.793000 3150.928000
108.320000 38.264000 3146.029000
108.340000 38.734000 3156.554000
108.370000 39.205000 3163.002000
108.390000 39.676000 3177.068000
108.410000 40.147000 3184.492300
108.440000 40.617000 3197.864000
108.460000 41.088000 3160.136200
108.490000 41.559000 3180.414000
108.510000 42.030000 3154.277800
108.310000 21.788000 3231.767400
108.330000 22.259000 3226.357100
108.340000 22.729000 3227.244700
108.350000 23.200000 3223.314000
108.360000 23.671000 3219.760000
108.370000 24.141000 3220.981000
108.390000 24.612000 3220.548000
108.400000 25.083000 3220.949000
108.410000 25.554000 3224.282300
108.430000 26.024000 3224.829100
108.440000 26.495000 3228.726900
108.450000 26.966000 3231.127600
108.470000 27.437000 3244.009000
108.480000 27.907000 3218.743300
108.500000 28.378000 3205.899000
108.510000 28.849000 3233.426540
108.530000 29.320000 3220.044900
108.550000 29.790000 3229.914000
108.560000 30.261000 3220.294000
108.580000 30.732000 3188.958000
108.600000 31.203000 3186.395000
108.620000 31.673000 3207.719000
108.640000 32.144000 3193.076000
108.650000 32.615000 3177.188000
108.670000 33.085000 3170.833400
108.690000 33.556000 3169.115000
108.710000 34.027000 3211.759000
108.730000 34.498000 3216.505000
108.760000 34.968000 3216.347000
108.780000 35.439000 3199.811000
108.800000 35.910000 3181.719000
108.820000 36.381000 3158.352000
108.850000 36.851000 3178.415900
108.870000 37.322000 3171.448000
108.900000 37.793000 3169.184000
108.920000 38.264000 3154.634000
108.950000 38.734000 3151.487000
108.970000 39.205000 3162.779000
109.000000 39.676000 3165.191540
109.030000 40.147000 3171.284000
109.050000 40.617000 3188.145000
109.080000 41.088000 3161.559000
109.110000 41.559000 3148.466200
109.140000 42.030000 3131.070000
108.820000 21.788000 3231.829600
108.830000 22.259000 3228.765700
108.850000 22.729000 3228.899200
108.860000 23.200000 3222.341000
108.870000 23.671000 3224.518800
108.890000 24.141000 3223.324000
108.900000 24.612000 3225.788800
108.920000 25.083000 3221.975000
108.930000 25.554000 3225.739200
108.950000 26.024000 3225.661800
108.960000 26.495000 3232.814300
108.980000 26.966000 3230.539400
109.000000 27.437000 3234.865790
109.010000 27.907000 3232.905400
109.030000 28.378000 3229.463000
109.050000 28.849000 3219.704240
109.070000 29.320000 3208.312630
109.090000 29.790000 3202.164400
109.110000 30.261000 3228.747000
109.130000 30.732000 3185.428000
109.150000 31.203000 3139.697000
109.170000 31.673000 3141.009000
109.190000 32.144000 3188.013000
109.210000 32.615000 3212.353000
109.230000 33.085000 3182.723800
109.260000 33.556000 3207.577000
109.280000 34.027000 3222.149000
109.300000 34.498000 3221.003000
109.330000 34.968000 3221.217000
109.350000 35.439000 3217.952000
109.380000 35.910000 3186.852000
109.410000 36.381000 3172.272000
109.430000 36.851000 3170.213000
109.460000 37.322000 3177.428000
109.490000 37.793000 3173.843000
109.520000 38.264000 3153.426000
109.550000 38.734000 3148.974000
109.580000 39.205000 3159.189500
109.610000 39.676000 3150.845800
109.640000 40.147000 3171.637000
109.670000 40.617000 3176.774000
109.710000 41.088000 3169.512000
109.740000 41.559000 3139.039800
109.780000 42.030000 3132.897000
109.330000 21.788000 3230.951300
109.340000 22.259000 3227.174700
109.360000 22.729000 3226.658500
109.370000 23.200000 3225.003700
109.390000 23.671000 3224.637200
109.400000 24.141000 3226.727500
109.420000 24.612000 3225.809100
109.440000 25.083000 3226.059200
109.450000 25.554000 3227.671500
109.470000 26.024000 3230.815700
109.490000 26.495000 3229.990900
109.510000 26.966000 3233.140900
109.530000 27.437000 3237.312000
109.550000 27.907000 3236.691200
109.570000 28.378000 3235.263500
109.590000 28.849000 3233.354870
109.610000 29.320000 3222.489800
109.630000 29.790000 3193.717800
109.650000 30.261000 3207.551000
109.670000 30.732000 3172.148000
109.700000 31.203000 3106.972000
109.720000 31.673000 3125.376000
109.740000 32.144000 3192.356000
109.770000 32.615000 3223.147000
109.800000 33.085000 3231.119000
109.820000 33.556000 3222.915000
109.850000 34.027000 3222.204000
109.870000 34.498000 3225.211500
109.900000 34.968000 3221.784000
109.930000 35.439000 3219.856000
109.960000 35.910000 3218.173000
109.990000 36.381000 3193.973000
110.020000 36.851000 3177.533000
110.050000 37.322000 3175.325000
110.080000 37.793000 3163.658000
110.120000 38.264000 3163.000000
110.150000 38.734000 3160.904000
110.180000 39.205000 3146.030000
110.220000 39.676000 3130.996900
110.260000 40.147000 3172.457000
110.290000 40.617000 3166.281100
110.330000 41.088000 3176.449000
110.370000 41.559000 3134.927800
110.410000 42.030000 3143.955000
109.830000 21.788000 3229.240400
109.850000 22.259000 3226.009500
109.870000 22.729000 3226.274700
109.880000 23.200000 3226.305200
109.900000 23.671000 3225.037400
109.920000 24.141000 3226.841600
109.940000 24.612000 3228.230200
109.950000 25.083000 3226.994500
109.970000 25.554000 3226.259200
109.990000 26.024000 3229.801400
110.010000 26.495000 3231.447600
110.030000 26.966000 3232.590600
110.060000 27.437000 3235.673800
110.080000 27.907000 3234.340170
110.100000 28.378000 3233.515210
110.120000 28.849000 3234.058700
110.150000 29.320000 3235.859800
110.170000 29.790000 3230.674300
110.200000 30.261000 3218.739600
110.220000 30.732000 3182.822000
110.250000 31.203000 3147.365400
110.270000 31.673000 3186.704100
110.300000 32.144000 3215.810010
110.330000 32.615000 3229.868030
110.360000 33.085000 3230.896700
110.380000 33.556000 3222.528000
110.410000 34.027000 3221.120000
110.440000 34.498000 3226.816400
110.480000 34.968000 3224.663600
110.510000 35.439000 3219.817000
110.540000 35.910000 3223.970000
110.570000 36.381000 3217.546000
110.610000 36.851000 3181.908000
110.640000 37.322000 3166.318000
110.680000 37.793000 3163.269000
110.720000 38.264000 3172.010000
110.750000 38.734000 3141.508000
110.790000 39.205000 3118.648000
110.830000 39.676000 3118.631000
110.870000 40.147000 3163.156000
110.910000 40.617000 3177.056690
110.950000 41.088000 3180.558000
111.000000 41.559000 3160.113560
111.040000 42.030000 3162.224300
110.340000 21.788000 3227.232100
110.360000 22.259000 3222.575000
110.370000 22.729000 3227.092600
110.390000 23.200000 3225.478900
110.410000 23.671000 3226.604900
110.430000 24.141000 3226.830000
110.450000 24.612000 3228.144100
110.470000 25.083000 3228.698700
110.490000 25.554000 3227.093900
110.520000 26.024000 3227.108900
110.540000 26.495000 3231.348000
110.560000 26.966000 3234.046590
110.590000 27.437000 3235.748400
110.610000 27.907000 3236.957200
110.630000 28.378000 3234.828500
110.660000 28.849000 3244.313000
110.690000 29.320000 3262.556000
110.710000 29.790000 3240.032000
110.740000 30.261000 3239.734000
110.770000 30.732000 3228.432000
110.800000 31.203000 3223.703000
110.820000 31.673000 3231.122000
110.850000 32.144000 3229.913600
110.890000 32.615000 3232.103500
110.920000 33.085000 3230.553200
110.950000 33.556000 3221.678000
110.980000 34.027000 3222.947000
111.010000 34.498000 3229.489100
111.050000 34.968000 3230.048000
111.080000 35.439000 3229.970700
111.120000 35.910000 3227.562100
111.160000 36.381000 3225.549700
111.190000 36.851000 3190.309000
111.230000 37.322000 3189.276800
111.270000 37.793000 3178.803800
111.310000 38.264000 3170.723000
111.350000 38.734000 3161.876300
111.400000 39.205000 3111.962000
111.440000 39.676000 3091.612000
111.490000 40.147000 3125.837500
111.530000 40.617000 3150.264890
111.580000 41.088000 3163.681000
111.620000 41.559000 3156.109600
111.670000 42.030000 3166.360600
110.840000 21.788000 3232.660100
110.860000 22.259000 3226.005400
110.880000 22.729000 3225.326000
110.900000 23.200000 3227.100500
110.930000 23.671000 3226.005700
110.950000 24.141000 3227.039500
110.970000 24.612000 3228.630400
110.990000 25.083000 3229.686700
111.020000 25.554000 3228.240100
111.040000 26.024000 3228.831300
111.060000 26.495000 3231.093500
111.090000 26.966000 3236.154100
111.110000 27.437000 3237.219500
111.140000 27.907000 3236.565600
111.170000 28.378000 3237.653500
111.200000 28.849000 3277.214000
111.220000 29.320000 3260.147000
111.250000 29.790000 3247.011000
111.280000 30.261000 3236.723000
111.310000 30.732000 3234.768680
111.340000 31.203000 3230.830600
111.380000 31.673000 3228.734900
111.410000 32.144000 3232.770500
111.440000 32.615000 3232.705200
111.480000 33.085000 3232.311600
111.510000 33.556000 3224.619100
111.550000 34.027000 3223.957000
111.580000 34.498000 3230.644800
111.620000 34.968000 3235.106750
111.660000 35.439000 3234.366910
111.700000 35.910000 3228.961100
111.740000 36.381000 3230.284400
111.780000 36.851000 3221.427170
111.820000 37.322000 3194.828000
111.870000 37.793000 3197.178300
111.910000 38.264000 3177.570000
111.960000 38.734000 3183.006000
112.000000 39.205000 3159.246900
112.050000 39.676000 3121.764600
112.100000 40.147000 3135.920500
112.150000 40.617000 3171.767000
112.200000 41.088000 3171.534500
112.250000 41.559000 3173.976300
112.310000 42.030000 3197.560390
111.350000 21.788000 3227.500300
111.370000 22.259000 3224.952000
111.390000 22.729000 3225.713800
111.420000 23.200000 3226.641400
111.440000 23.671000 3227.264200
111.460000 24.141000 3228.399400
111.490000 24.612000 3228.530000
111.510000 25.083000 3228.491200
111.540000 25.554000 3230.641100
111.560000 26.024000 3230.710200
111.590000 26.495000 3234.175805
111.620000 26.966000 3234.491260
111.640000 27.437000 3234.143127
111.670000 27.907000 3234.315830
111.700000 28.378000 3237.142600
111.730000 28.849000 3240.661000
111.760000 29.320000 3237.718900
111.790000 29.790000 3236.050700
111.830000 30.261000 3235.570800
111.860000 30.732000 3233.275260
111.890000 31.203000 3230.594200
111.930000 31.673000 3229.313900
111.960000 32.144000 3229.944700
112.000000 32.615000 3233.268050
112.040000 33.085000 3232.121700
112.080000 33.556000 3223.244000
112.110000 34.027000 3224.296300
112.150000 34.498000 3230.674000
112.200000 34.968000 3234.062530
112.240000 35.439000 3233.559980
112.280000 35.910000 3233.280240
112.320000 36.381000 3226.450830
112.370000 36.851000 3218.644600
112.420000 37.322000 3217.540300
112.460000 37.793000 3214.781000
112.510000 38.264000 3212.180800
112.560000 38.734000 3169.390100
112.610000 39.205000 3152.615800
112.660000 39.676000 3175.707000
112.710000 40.147000 3201.975000
112.770000 40.617000 3188.323000
112.820000 41.088000 3197.639000
112.880000 41.559000 3215.751000
112.940000 42.030000 3208.801000
111.860000 21.788000 3230.761900
111.880000 22.259000 3228.954500
111.900000 22.729000 3227.722100
111.930000 23.200000 3225.038800
111.950000 23.671000 3226.849300
111.980000 24.141000 3227.749400
112.000000 24.612000 3228.825900
112.030000 25.083000 3228.129200
112.060000 25.554000 3230.212000
112.080000 26.024000 3231.568000
112.110000 26.495000 3231.809000
112.140000 26.966000 3232.263600
112.170000 27.437000 3232.144700
112.200000 27.907000 3230.491600
112.240000 28.378000 3233.366450
112.270000 28.849000 3234.420940
112.300000 29.320000 3230.496400
112.340000 29.790000 3229.530200
112.370000 30.261000 3233.750790
112.410000 30.732000 3234.352830
112.440000 31.203000 3233.462440
112.480000 31.673000 3230.595700
112.520000 32.144000 3231.051300
112.560000 32.615000 3229.282400
112.600000 33.085000 3232.042000
112.640000 33.556000 3225.800300
112.680000 34.027000 3230.136300
112.720000 34.498000 3232.597400
112.770000 34.968000 3231.817900
112.810000 35.439000 3230.055000
112.860000 35.910000 3228.234100
112.910000 36.381000 3204.930000
112.960000 36.851000 3213.882300
113.010000 37.322000 3226.597500
113.060000 37.793000 3218.123400
113.110000 38.264000 3189.982400
113.160000 38.734000 3196.046000
113.220000 39.205000 3206.531000
113.270000 39.676000 3196.738000
113.330000 40.147000 3226.861000
113.390000 40.617000 3247.652000
113.450000 41.088000 3237.619000
113.510000 41.559000 3211.026000
113.570000 42.030000 3212.569500
112.360000 21.788000 3231.485900
112.390000 22.259000 3229.743700
112.410000 22.729000 3226.848600
112.440000 23.200000 3224.929000
112.460000 23.671000 3225.945000
112.490000 24.141000 3227.124900
112.520000 24.612000 3227.050500
112.550000 25.083000 3228.671100
112.580000 25.554000 3230.341600
112.610000 26.024000 3230.031300
112.640000 26.495000 3230.635200
112.670000 26.966000 3230.949800
112.700000 27.437000 3230.711400
112.740000 27.907000 3229.838300
112.770000 28.378000 3230.795500
112.800000 28.849000 3229.075300
112.840000 29.320000 3226.979600
112.880000 29.790000 3231.655100
112.910000 30.261000 3233.723980
112.950000 30.732000 3236.899900
112.990000 31.203000 3233.696660
113.030000 31.673000 3229.848800
113.070000 32.144000 3227.486200
113.120000 32.615000 3227.943500
113.160000 33.085000 3228.222200
113.200000 33.556000 3229.037100
113.250000 34.027000 3233.732930
113.290000 34.498000 3231.468200
113.340000 34.968000 3232.740800
113.390000 35.439000 3230.633100
113.440000 35.910000 3230.120200
113.490000 36.381000 3230.782000
113.540000 36.851000 3230.637600
113.600000 37.322000 3232.851040
113.650000 37.793000 3233.754880
113.710000 38.264000 3228.438000
113.760000 38.734000 3234.833700
113.820000 39.205000 3235.780700
113.880000 39.676000 3263.111000
113.940000 40.147000 3241.021200
114.010000 40.617000 3265.038000
114.070000 41.088000 3239.170000
114.140000 41.559000 3215.035000
114.200000 42.030000 3218.157500
112.870000 21.788000 3231.284900
112.890000 22.259000 3228.948900
112.920000 22.729000 3229.012400
112.950000 23.200000 3225.888400
112.980000 23.671000 3225.448700
113.010000 24.141000 3225.524500
113.040000 24.612000 3225.575800
113.070000 25.083000 3227.280900
113.100000 25.554000 3227.217800
113.130000 26.024000 3226.419800
113.160000 26.495000 3229.404500
113.200000 26.966000 3229.221800
113.230000 27.437000 3229.016300
113.270000 27.907000 3229.282300
113.300000 28.378000 3228.929800
113.340000 28.849000 3228.198100
113.380000 29.320000 3229.267100
113.420000 29.790000 3234.374610
113.460000 30.261000 3236.547500
113.500000 30.732000 3237.360500
113.540000 31.203000 3235.697600
113.580000 31.673000 3231.189700
113.630000 32.144000 3226.790200
113.670000 32.615000 3229.088800
113.720000 33.085000 3229.034900
113.770000 33.556000 3231.034800
113.820000 34.027000 3232.464000
113.860000 34.498000 3234.840740
113.920000 34.968000 3233.058400
113.970000 35.439000 3234.813400
114.020000 35.910000 3231.907200
114.070000 36.381000 3231.961100
114.130000 36.851000 3231.692200
114.190000 37.322000 3233.526890
114.250000 37.793000 3235.782200
114.310000 38.264000 3241.264800
114.370000 38.734000 3236.104000
114.430000 39.205000 3234.460660
114.490000 39.676000 3237.299500
114.560000 40.147000 3237.825300
114.620000 40.617000 3239.839200
114.690000 41.088000 3242.090000
114.760000 41.559000 3224.797000
114.840000 42.030000 3223.298502
113.370000 21.788000 3233.127200
113.400000 22.259000 3228.941500
113.430000 22.729000 3229.285300
113.460000 23.200000 3226.517700
113.490000 23.671000 3228.065500
113.520000 24.141000 3226.490600
113.550000 24.612000 3224.387900
113.590000 25.083000 3225.910600
113.620000 25.554000 3225.744800
113.650000 26.024000 3225.160600
113.690000 26.495000 3227.439600
113.720000 26.966000 3228.089000
113.760000 27.437000 3228.836900
113.800000 27.907000 3229.041100
113.840000 28.378000 3228.146400
113.880000 28.849000 3225.617100
113.920000 29.320000 3229.058800
113.960000 29.790000 3235.986200
114.000000 30.261000 3238.302800
114.050000 30.732000 3237.445900
114.090000 31.203000 3233.761570
114.140000 31.673000 3227.233000
114.180000 32.144000 3230.955800
114.230000 32.615000 3232.602100
114.280000 33.085000 3233.814560
114.330000 33.556000 3234.529620
114.380000 34.027000 3233.865640
114.440000 34.498000 3234.807800
114.490000 34.968000 3235.758700
114.540000 35.439000 3237.581800
114.600000 35.910000 3238.108400
114.660000 36.381000 3237.505000
114.720000 36.851000 3241.520300
114.780000 37.322000 3240.382900
114.840000 37.793000 3242.666000
114.900000 38.264000 3243.375300
114.970000 38.734000 3244.099200
115.030000 39.205000 3236.836100
115.100000 39.676000 3239.740800
115.170000 40.147000 3240.401800
115.240000 40.617000 3233.833600
115.320000 41.088000 3227.577800
115.390000 41.559000 3250.164000
115.470000 42.030000 3231.344200
113.880000 21.788000 3233.104700
113.910000 22.259000 3231.186200
113.940000 22.729000 3230.799100
113.970000 23.200000 3231.379800
114.000000 23.671000 3227.578900
114.040000 24.141000 3227.090200
114.070000 24.612000 3228.633300
114.100000 25.083000 3227.442200
114.140000 25.554000 3225.518400
114.180000 26.024000 3224.645800
114.210000 26.495000 3228.288400
114.250000 26.966000 3229.596800
114.290000 27.437000 3229.116400
114.330000 27.907000 3229.849300
114.370000 28.378000 3226.961700
114.410000 28.849000 3229.310700
114.460000 29.320000 3233.145800
114.500000 29.790000 3236.047000
114.550000 30.261000 3236.227300
114.590000 30.732000 3234.099630
114.640000 31.203000 3231.766800
114.690000 31.673000 3230.272100
114.740000 32.144000 3234.393310
114.790000 32.615000 3234.275155
114.840000 33.085000 3235.046850
114.890000 33.556000 3237.457600
114.950000 34.027000 3235.775200
115.010000 34.498000 3236.023600
115.060000 34.968000 3239.211000
115.120000 35.439000 3235.275200
115.180000 35.910000 3236.976900
115.240000 36.381000 3241.128400
115.300000 36.851000 3245.118000
115.370000 37.322000 3244.887000
115.430000 37.793000 3244.042100
115.500000 38.264000 3246.028000
115.570000 38.734000 3242.934800
115.640000 39.205000 3245.498000
115.710000 39.676000 3242.261700
115.790000 40.147000 3242.108800
115.860000 40.617000 3238.279900
115.940000 41.088000 3236.247800
116.020000 41.559000 3235.078720
116.100000 42.030000 3233.795300
114.390000 21.788000 3232.873300
114.420000 22.259000 3233.159000
114.450000 22.729000 3230.635200
114.480000 23.200000 3232.216500
114.520000 23.671000 3230.504300
114.550000 24.141000 3229.361800
114.590000 24.612000 3229.507500
114.620000 25.083000 3228.329700
114.660000 25.554000 3227.796600
114.700000 26.024000 3227.294100
114.740000 26.495000 3229.581700
114.780000 26.966000 3230.146600
114.820000 27.437000 3230.713200
114.860000 27.907000 3230.865000
114.910000 28.378000 3230.368600
114.950000 28.849000 3228.349100
115.000000 29.320000 3232.207200
115.040000 29.790000 3234.814250
115.090000 30.261000 3234.708670
115.140000 30.732000 3230.448400
115.190000 31.203000 3231.940800
115.240000 31.673000 3235.118970
115.290000 32.144000 3234.406460
115.350000 32.615000 3231.976400
115.400000 33.085000 3232.564700
115.460000 33.556000 3236.470300
115.520000 34.027000 3234.621840
115.580000 34.498000 3236.794600
115.640000 34.968000 3238.319600
115.700000 35.439000 3239.512300
115.760000 35.910000 3238.107000
115.830000 36.381000 3240.412200
115.890000 36.851000 3243.875500
115.960000 37.322000 3250.105000
116.030000 37.793000 3246.798000
116.100000 38.264000 3248.581000
116.170000 38.734000 3247.564000
116.250000 39.205000 3244.313000
116.320000 39.676000 3250.707000
116.400000 40.147000 3244.064600
116.480000 40.617000 3240.606900
116.560000 41.088000 3235.545800
116.650000 41.559000 3233.468030
116.730000 42.030000 3234.158580
114.890000 21.788000 3233.808910
114.920000 22.259000 3230.871400
114.960000 22.729000 3230.770300
114.990000 23.200000 3231.488100
115.030000 23.671000 3230.558400
115.070000 24.141000 3230.863700
115.100000 24.612000 3231.407800
115.140000 25.083000 3229.609500
115.180000 25.554000 3228.504700
115.220000 26.024000 3230.044100
115.260000 26.495000 3229.694000
115.310000 26.966000 3229.915800
115.350000 27.437000 3230.751900
115.390000 27.907000 3231.611700
115.440000 28.378000 3230.545800
115.490000 28.849000 3232.539200
115.530000 29.320000 3232.342600
115.580000 29.790000 3234.904500
115.630000 30.261000 3233.186100
115.690000 30.732000 3235.394300
115.740000 31.203000 3234.791760
115.790000 31.673000 3237.134400
115.850000 32.144000 3233.659700
115.900000 32.615000 3232.968200
115.960000 33.085000 3233.234040
116.020000 33.556000 3236.531000
116.080000 34.027000 3236.212100
116.150000 34.498000 3238.221300
116.210000 34.968000 3239.394000
116.270000 35.439000 3237.855600
116.340000 35.910000 3235.808900
116.410000 36.381000 3240.617000
116.480000 36.851000 3244.430000
116.550000 37.322000 3247.325000
116.620000 37.793000 3248.103000
116.700000 38.264000 3250.767000
116.780000 38.734000 3252.851000
116.850000 39.205000 3247.854000
116.930000 39.676000 3249.480000
117.020000 40.147000 3246.971000
117.100000 40.617000 3240.629000
117.190000 41.088000 3237.575700
117.280000 41.559000 3233.463470
117.370000 42.030000 3233.558480
115.400000 21.788000 3235.081870
115.430000 22.259000 3231.057700
115.470000 22.729000 3234.341530
115.500000 23.200000 3230.173900
115.540000 23.671000 3232.809400
115.580000 24.141000 3232.724100
115.620000 24.612000 3229.655200
115.660000 25.083000 3230.404700
115.700000 25.554000 3229.971700
115.740000 26.024000 3229.746000
115.790000 26.495000 3230.157700
115.830000 26.966000 3229.820300
115.880000 27.437000 3230.881600
115.930000 27.907000 3232.460500
115.970000 28.378000 3233.577440
116.020000 28.849000 3233.567770
116.070000 29.320000 3234.305990
116.130000 29.790000 3235.443100
116.180000 30.261000 3236.978900
116.230000 30.732000 3235.691000
116.290000 31.203000 3237.097600
116.340000 31.673000 3238.597900
116.400000 32.144000 3236.585800
116.460000 32.615000 3234.510930
116.520000 33.085000 3234.175191
116.590000 33.556000 3234.560880
116.650000 34.027000 3236.524800
116.720000 34.498000 3239.680900
116.780000 34.968000 3241.049700
116.850000 35.439000 3238.179600
116.920000 35.910000 3236.575200
116.990000 36.381000 3236.657300
117.070000 36.851000 3245.334000
117.140000 37.322000 3246.671000
117.220000 37.793000 3252.460000
117.300000 38.264000 3250.537000
117.380000 38.734000 3250.259000
117.460000 39.205000 3252.613000
117.540000 39.676000 3250.999000
117.630000 40.147000 3245.379000
117.720000 40.617000 3240.816800
117.810000 41.088000 3240.983300
117.900000 41.559000 3235.173890
118.000000 42.030000 3234.981310
115.900000 21.788000 3236.060700
115.940000 22.259000 3235.274900
115.980000 22.729000 3236.769700
116.020000 23.200000 3232.624500
116.050000 23.671000 3233.734180
116.100000 24.141000 3234.835110
116.140000 24.612000 3232.246400
116.180000 25.083000 3230.908600
116.220000 25.554000 3231.474900
116.270000 26.024000 3231.203800
116.310000 26.495000 3231.452100
116.360000 26.966000 3229.439300
116.410000 27.437000 3231.521200
116.460000 27.907000 3233.625300
116.510000 28.378000 3234.678740
116.560000 28.849000 3236.458200
116.610000 29.320000 3234.479900
116.670000 29.790000 3235.475200
116.720000 30.261000 3237.348500
116.780000 30.732000 3234.890520
116.840000 31.203000 3236.426000
116.900000 31.673000 3239.107400
116.960000 32.144000 3237.722700
117.020000 32.615000 3237.641000
117.080000 33.085000 3235.537500
117.150000 33.556000 3238.968800
117.220000 34.027000 3240.085200
117.290000 34.498000 3239.512200
117.360000 34.968000 3237.800700
117.430000 35.439000 3238.614200
117.500000 35.910000 3238.899300
117.580000 36.381000 3238.801500
117.650000 36.851000 3248.912000
117.730000 37.322000 3250.880000
117.810000 37.793000 3253.341000
117.890000 38.264000 3251.549000
117.980000 38.734000 3248.938000
118.070000 39.205000 3250.678000
118.150000 39.676000 3254.458000
118.250000 40.147000 3248.054000
118.340000 40.617000 3241.645100
118.430000 41.088000 3241.372100
118.530000 41.559000 3235.868100
118.630000 42.030000 3237.023600
116.410000 21.788000 3241.542000
116.450000 22.259000 3240.369200
116.490000 22.729000 3240.502400
116.530000 23.200000 3238.305600
116.570000 23.671000 3235.021120
116.610000 24.141000 3232.798200
116.650000 24.612000 3232.479600
116.700000 25.083000 3233.465480
116.740000 25.554000 3232.373200
116.790000 26.024000 3231.838000
116.840000 26.495000 3230.597300
116.890000 26.966000 3229.924600
116.940000 27.437000 3231.573600
116.990000 27.907000 3232.485600
117.040000 28.378000 3234.368460
117.100000 28.849000 3234.202461
117.150000 29.320000 3233.449620
117.210000 29.790000 3234.004370
117.270000 30.261000 3234.937120
117.330000 30.732000 3236.625400
117.390000 31.203000 3238.832300
117.450000 31.673000 3236.603900
117.510000 32.144000 3237.528100
117.580000 32.615000 3239.626200
117.640000 33.085000 3237.534400
117.710000 33.556000 3241.356500
117.780000 34.027000 3241.399000
117.860000 34.498000 3240.952700
117.930000 34.968000 3236.504600
118.000000 35.439000 3238.308600
118.080000 35.910000 3238.927000
118.160000 36.381000 3239.958700
118.240000 36.851000 3247.793000
118.320000 37.322000 3252.420000
118.410000 37.793000 3255.892000
118.490000 38.264000 3255.156000
118.580000 38.734000 3255.254000
118.670000 39.205000 3256.827000
118.770000 39.676000 3251.529000
118.860000 40.147000 3246.681000
118.960000 40.617000 3244.252000
119.060000 41.088000 3244.713000
119.160000 41.559000 3241.223400
119.260000 42.030000 3239.764000
116.920000 21.788000 3247.327000
116.960000 22.259000 3246.375000
117.000000 22.729000 3248.776000
117.040000 23.200000 3246.030000
117.080000 23.671000 3236.541600
117.120000 24.141000 3233.178800
117.170000 24.612000 3234.989230
117.220000 25.083000 3232.878300
117.260000 25.554000 3233.173100
117.310000 26.024000 3232.314600
117.360000 26.495000 3233.368900
117.410000 26.966000 3231.975000
117.470000 27.437000 3232.490600
117.520000 27.907000 3231.956300
117.580000 28.378000 3234.501030
117.630000 28.849000 3233.913090
117.690000 29.320000 3231.755900
117.750000 29.790000 3232.636100
117.810000 30.261000 3235.507700
117.870000 30.732000 3238.456400
117.940000 31.203000 3241.231800
118.000000 31.673000 3242.202300
118.070000 32.144000 3242.194300
118.140000 32.615000 3242.700600
118.210000 33.085000 3243.039100
118.280000 33.556000 3243.873600
118.350000 34.027000 3242.044400
118.430000 34.498000 3238.396500
118.500000 34.968000 3242.160900
118.580000 35.439000 3243.458200
118.660000 35.910000 3239.495400
118.740000 36.381000 3244.316000
118.830000 36.851000 3252.051000
118.910000 37.322000 3253.169000
119.000000 37.793000 3255.606000
119.090000 38.264000 3259.331000
119.180000 38.734000 3257.897000
119.280000 39.205000 3257.021000
119.380000 39.676000 3252.503000
119.470000 40.147000 3246.054000
119.580000 40.617000 3247.187000
119.680000 41.088000 3248.527000
119.790000 41.559000 3244.129500
119.900000 42.030000 3237.925500
117.420000 21.788000 3254.476000
117.460000 22.259000 3255.239000
117.510000 22.729000 3257.247000
117.550000 23.200000 3252.042000
117.590000 23.671000 3241.296400
117.640000 24.141000 3239.597700
117.690000 24.612000 3234.841520
117.740000 25.083000 3234.781300
117.780000 25.554000 3232.559700
117.840000 26.024000 3232.188500
117.890000 26.495000 3235.230600
117.940000 26.966000 3233.759980
118.000000 27.437000 3233.619890
118.050000 27.907000 3234.116411
118.110000 28.378000 3235.489300
118.170000 28.849000 3234.551750
118.230000 29.320000 3234.099310
118.290000 29.790000 3232.491500
118.350000 30.261000 3234.948740
118.420000 30.732000 3240.894200
118.480000 31.203000 3244.716000
118.550000 31.673000 3244.666000
118.620000 32.144000 3243.235900
118.690000 32.615000 3246.715000
118.770000 33.085000 3249.740000
118.840000 33.556000 3242.876200
118.920000 34.027000 3241.431800
119.000000 34.498000 3241.477100
119.080000 34.968000 3239.860300
119.160000 35.439000 3240.241600
119.240000 35.910000 3247.410000
119.330000 36.381000 3248.124000
119.410000 36.851000 3249.861000
119.500000 37.322000 3259.993000
119.600000 37.793000 3262.231000
119.690000 38.264000 3258.195000
119.790000 38.734000 3260.148000
119.880000 39.205000 3256.930000
119.990000 39.676000 3260.755000
120.090000 40.147000 3249.097000
120.190000 40.617000 3244.514000
120.300000 41.088000 3247.168000
120.410000 41.559000 3244.434000
120.530000 42.030000 3240.418500
117.930000 21.788000 3254.107000
117.970000 22.259000 3255.607000
118.010000 22.729000 3265.447000
118.060000 23.200000 3261.166000
118.110000 23.671000 3260.520000
118.150000 24.141000 3250.424000
118.200000 24.612000 3244.320000
118.250000 25.083000 3235.560300
118.310000 25.554000 3233.581570
118.360000 26.024000 3233.504630
118.410000 26.495000 3233.951300
118.470000 26.966000 3233.306680
118.530000 27.437000 3234.674760
118.580000 27.907000 3235.036530
118.640000 28.378000 3235.415000
118.700000 28.849000 3238.025000
118.770000 29.320000 3234.932670
118.830000 29.790000 3235.388100
118.900000 30.261000 3235.130750
118.970000 30.732000 3242.771100
119.030000 31.203000 3244.400000
119.100000 31.673000 3247.014000
119.180000 32.144000 3250.466000
119.250000 32.615000 3251.430000
119.330000 33.085000 3254.123000
119.400000 33.556000 3250.351000
119.480000 34.027000 3248.261000
119.570000 34.498000 3247.281000
119.650000 34.968000 3249.704000
119.730000 35.439000 3245.368000
119.820000 35.910000 3245.054000
119.910000 36.381000 3250.013000
120.000000 36.851000 3247.630000
120.090000 37.322000 3251.364000
120.190000 37.793000 3255.878000
120.290000 38.264000 3259.471000
120.390000 38.734000 3263.211000
120.490000 39.205000 3258.715000
120.600000 39.676000 3255.508000
120.700000 40.147000 3252.485000
120.810000 40.617000 3249.868000
120.930000 41.088000 3246.311000
121.040000 41.559000 3243.462200
121.160000 42.030000 3239.614200
118.430000 21.788000 3269.125000
118.480000 22.259000 3264.644000
118.520000 22.729000 3266.128000
118.570000 23.200000 3261.551000
118.620000 23.671000 3262.218000
118.670000 24.141000 3264.646000
118.720000 24.612000 3253.780000
118.770000 25.083000 3243.623800
118.830000 25.554000 3235.669700
118.880000 26.024000 3236.405700
118.940000 26.495000 3236.252700
119.000000 26.966000 3232.852800
119.050000 27.437000 3233.437880
119.120000 27.907000 3234.568730
119.180000 28.378000 3236.068400
119.240000 28.849000 3237.560500
119.310000 29.320000 3240.254800
119.370000 29.790000 3235.343900
119.440000 30.261000 3239.363600
119.510000 30.732000 3241.067500
119.580000 31.203000 3248.055000
119.660000 31.673000 3252.587000
119.730000 32.144000 3252.073000
119.810000 32.615000 3254.276000
119.890000 33.085000 3257.716000
119.970000 33.556000 3253.903000
120.050000 34.027000 3252.067000
120.140000 34.498000 3253.142000
120.220000 34.968000 3249.858000
120.310000 35.439000 3249.826000
120.400000 35.910000 3248.499000
120.490000 36.381000 3250.776000
120.590000 36.851000 3251.549000
120.690000 37.322000 3251.658000
120.780000 37.793000 3254.701000
120.890000 38.264000 3261.305000
120.990000 38.734000 3265.501000
121.100000 39.205000 3259.851000
121.210000 39.676000 3255.732000
121.320000 40.147000 3252.196000
121.430000 40.617000 3253.423000
121.550000 41.088000 3248.798000
121.670000 41.559000 3246.038000
121.790000 42.030000 3247.016000
118.940000 21.788000 3273.886000
118.990000 22.259000 3266.512000
119.030000 22.729000 3266.524000
119.080000 23.200000 3269.956000
119.130000 23.671000 3262.318000
119.180000 24.141000 3258.535000
119.240000 24.612000 3257.391000
119.290000 25.083000 3249.374000
119.350000 25.554000 3243.180900
119.400000 26.024000 3237.948800
119.460000 26.495000 3239.224600
119.520000 26.966000 3234.456270
119.580000 27.437000 3233.561150
119.650000 27.907000 3234.435810
119.710000 28.378000 3237.969700
119.780000 28.849000 3239.210700
119.850000 29.320000 3240.451800
119.910000 29.790000 3240.634900
119.990000 30.261000 3242.262100
120.060000 30.732000 3241.859700
120.130000 31.203000 3248.225000
120.210000 31.673000 3252.305000
120.290000 32.144000 3252.138000
120.370000 32.615000 3254.669000
120.450000 33.085000 3258.341000
120.530000 33.556000 3257.510000
120.620000 34.027000 3260.323000
120.710000 34.498000 3262.085000
120.790000 34.968000 3257.613000
120.890000 35.439000 3259.890000
120.980000 35.910000 3258.469000
121.080000 36.381000 3250.792000
121.180000 36.851000 3255.416000
121.280000 37.322000 3253.587000
121.380000 37.793000 3257.738000
121.480000 38.264000 3263.248000
121.590000 38.734000 3259.692000
121.700000 39.205000 3258.396000
121.820000 39.676000 3254.929000
121.930000 40.147000 3262.779000
119.450000 21.788000 3272.645000
119.490000 22.259000 3270.971000
119.540000 22.729000 3268.939000
119.590000 23.200000 3269.009000
119.650000 23.671000 3266.682000
119.700000 24.141000 3266.573000
119.750000 24.612000 3260.442000
119.810000 25.083000 3253.170000
119.870000 25.554000 3253.686000
119.930000 26.024000 3250.719000
119.990000 26.495000 3241.905800
120.050000 26.966000 3238.361400
120.110000 27.437000 3235.169700
120.180000 27.907000 3236.800000
120.250000 28.378000 3237.063700
120.310000 28.849000 3238.781700
120.380000 29.320000 3240.950600
120.460000 29.790000 3241.984700
120.530000 30.261000 3245.272000
120.600000 30.732000 3249.149000
120.680000 31.203000 3246.926000
120.760000 31.673000 3246.120000
120.840000 32.144000 3253.168000
120.920000 32.615000 3261.794000
121.010000 33.085000 3263.556000
121.100000 33.556000 3266.790000
121.180000 34.027000 3266.241000
121.280000 34.498000 3265.280000
121.370000 34.968000 3266.211000
121.460000 35.439000 3262.633000
121.560000 35.910000 3258.618000
121.660000 36.381000 3259.944000
121.760000 36.851000 3251.795000
121.870000 37.322000 3251.491000
121.970000 37.793000 3262.883000
119.950000 21.788000 3266.350000
120.000000 22.259000 3262.517000
120.050000 22.729000 3254.079000
120.100000 23.200000 3251.964000
120.160000 23.671000 3264.258000
120.210000 24.141000 3261.190000
120.270000 24.612000 3261.775000
120.330000 25.083000 3263.870000
120.390000 25.554000 3261.912000
120.450000 26.024000 3269.461000
120.510000 26.495000 3255.288000
120.580000 26.966000 3240.049400
120.640000 27.437000 3243.962100
120.710000 27.907000 3239.759600
120.780000 28.378000 3238.744300
120.850000 28.849000 3240.814100
120.920000 29.320000 3239.555800
121.000000 29.790000 3239.959300
121.070000 30.261000 3242.427800
121.150000 30.732000 3243.925900
121.230000 31.203000 3248.253000
121.310000 31.673000 3252.466000
121.400000 32.144000 3253.556000
121.480000 32.615000 3262.391000
121.570000 33.085000 3262.321000
121.660000 33.556000 3267.880000
121.750000 34.027000 3266.119000
121.850000 34.498000 3264.995000
121.940000 34.968000 3262.665000
120.460000 21.788000 3252.948000
120.510000 22.259000 3252.326000
120.560000 22.729000 3250.662000
120.620000 23.200000 3254.209000
120.670000 23.671000 3249.145000
120.730000 24.141000 3246.823000
120.790000 24.612000 3263.762000
120.850000 25.083000 3258.429000
120.910000 25.554000 3257.199000
120.970000 26.024000 3262.668000
121.040000 26.495000 3260.377000
121.100000 26.966000 3248.725000
121.170000 27.437000 3251.607000
121.240000 27.907000 3245.575000
121.310000 28.378000 3242.933400
121.390000 28.849000 3240.069500
121.460000 29.320000 3240.826700
121.540000 29.790000 3243.781200
121.620000 30.261000 3252.276000
121.700000 30.732000 3255.726000
121.780000 31.203000 3254.303000
121.860000 31.673000 3254.056000
121.950000 32.144000 3256.767000
120.960000 21.788000 3255.831000
121.020000 22.259000 3259.501000
121.070000 22.729000 3263.188000
121.130000 23.200000 3190.915000
121.180000 23.671000 3216.798000
121.240000 24.141000 3254.606000
121.300000 24.612000 3256.707000
121.370000 25.083000 3250.505000
121.430000 25.554000 3255.604000
121.500000 26.024000 3264.757000
121.560000 26.495000 3256.105000
121.630000 26.966000 3256.103000
121.700000 27.437000 3256.542000
121.770000 27.907000 3253.456000
121.850000 28.378000 3245.198000
121.920000 28.849000 3247.784000
121.470000 21.788000 3270.031000
121.520000 22.259000 3278.268000
121.580000 22.729000 3276.165000
121.640000 23.200000 3266.417000
121.700000 23.671000 3256.366000
121.760000 24.141000 3253.623000
121.820000 24.612000 3262.577000
121.880000 25.083000 3262.236000
121.950000 25.554000 3269.049000
121.970000 21.788000 3276.539000
