104.897677 21.821575 24.201413
104.897349 22.274568 22.274369
104.897012 22.727560 19.565676
104.896667 23.180553 18.581623
104.896312 23.633546 20.957161
104.895949 24.086538 21.445096
104.895577 24.539531 21.689887
104.895195 24.992524 21.302438
104.894804 25.445517 23.111254
104.894404 25.898509 25.374546
104.893993 26.351502 26.652684
104.893573 26.804495 28.978935
104.893143 27.257487 27.819417
104.892703 27.710480 28.607556
104.892252 28.163473 29.215145
104.891790 28.616466 28.298098
104.891318 29.069458 26.640614
104.890835 29.522451 25.790909
104.890341 29.975444 25.678802
104.889835 30.428436 24.394419
104.889317 30.881429 21.719593
104.888788 31.334422 19.320789
104.888247 31.787414 19.284610
104.887693 32.240407 17.858961
104.887127 32.693400 20.805059
104.886547 33.146393 23.365453
104.885955 33.599385 20.215048
104.885349 34.052378 15.979033
104.884730 34.505371 11.013661
104.884096 34.958363 13.586134
104.883448 35.411356 11.120310
104.882786 35.864349 12.297604
104.882108 36.317342 17.764411
104.881415 36.770334 20.478543
104.880707 37.223327 23.861859
104.879982 37.676320 26.802588
104.879241 38.129312 26.381596
104.878483 38.582305 26.645303
104.877708 39.035298 27.612479
104.876915 39.488290 28.013885
104.876104 39.941283 26.741810
104.875275 40.394276 25.876594
104.874426 40.847269 25.270754
104.873558 41.300261 25.744669
104.872669 41.753254 27.330602
104.871760 42.206247 30.809751
105.385707 21.821575 21.005772
105.386944 22.274568 18.050848
105.388213 22.727560 17.284963
105.389515 23.180553 17.476283
105.390851 23.633546 18.207498
105.392220 24.086538 18.511689
105.393623 24.539531 18.084616
105.395062 24.992524 16.164560
105.396535 25.445517 17.234451
105.398045 25.898509 18.892589
105.399592 26.351502 20.312281
105.401175 26.804495 24.873809
105.402797 27.257487 27.906182
105.404457 27.710480 28.186915
105.406156 28.163473 26.983748
105.407896 28.616466 25.680573
105.409675 29.069458 23.423105
105.411497 29.522451 21.514319
105.413360 29.975444 20.461744
105.415267 30.428436 19.098166
105.417218 30.881429 18.517140
105.419213 31.334422 18.903193
105.421254 31.787414 19.072322
105.423341 32.240407 20.125271
105.425476 32.693400 21.339307
105.427660 33.146393 21.120682
105.429893 33.599385 18.597210
105.432176 34.052378 14.897772
105.434511 34.505371 11.360524
105.436900 34.958363 8.291647
105.439342 35.411356 4.264119
105.441839 35.864349 7.508916
105.444393 36.317342 11.880033
105.447005 36.770334 16.340155
105.449675 37.223327 19.969517
105.452407 37.676320 20.766073
105.455200 38.129312 20.468703
105.458057 38.582305 22.621002
105.460979 39.035298 24.262088
105.463968 39.488290 23.869848
105.467025 39.941283 22.979733
105.470152 40.394276 21.949540
105.473351 40.847269 21.429487
105.476624 41.300261 22.245494
105.479973 41.753254 23.846727
105.483400 42.206247 27.040802
105.873736 21.821575 20.704703
105.876539 22.274568 18.076591
105.879414 22.727560 19.269114
105.882364 23.180553 18.784896
105.885389 23.633546 18.398339
105.888490 24.086538 19.330566
105.891670 24.539531 19.049139
105.894928 24.992524 16.390962
105.898267 25.445517 16.437132
105.901687 25.898509 17.705279
105.905190 26.351502 19.366169
105.908777 26.804495 23.578604
105.912451 27.257487 26.520746
105.916211 27.710480 26.926140
105.920061 28.163473 26.395367
105.924001 28.616466 25.111155
105.928033 29.069458 22.656426
105.932159 29.522451 21.445405
105.936380 29.975444 20.552595
105.940699 30.428436 19.914780
105.945118 30.881429 20.633580
105.949638 31.334422 21.422693
105.954261 31.787414 21.834456
105.958989 32.240407 22.262347
105.963826 32.693400 22.297621
105.968772 33.146393 21.845660
105.973830 33.599385 20.612024
105.979003 34.052378 16.603617
105.984293 34.505371 15.785004
105.989703 34.958363 13.760020
105.995235 35.411356 11.741568
106.000893 35.864349 7.919054
106.006678 36.317342 10.110011
106.012594 36.770334 15.947608
106.018644 37.223327 15.750690
106.024831 37.676320 13.478851
106.031159 38.129312 16.220355
106.037631 38.582305 18.337622
106.044250 39.035298 19.493748
106.051020 39.488290 20.259024
106.057945 39.941283 18.989057
106.065029 40.394276 18.144670
106.072276 40.847269 18.202328
106.079691 41.300261 19.075168
106.087277 41.753254 21.021948
106.095039 42.206247 25.515238
106.361766 21.821575 21.576347
106.366134 22.274568 19.028965
106.370615 22.727560 19.376645
106.375212 23.180553 19.071999
106.379927 23.633546 18.399201
106.384761 24.086538 18.760692
106.389716 24.539531 20.454177
106.394795 24.992524 18.581190
106.399998 25.445517 18.860712
106.405329 25.898509 20.018297
106.410788 26.351502 21.529261
106.416380 26.804495 23.947669
106.422104 27.257487 25.896541
106.427966 27.710480 26.703872
106.433965 28.163473 26.864630
106.440106 28.616466 26.004462
106.446390 29.069458 24.440914
106.452820 29.522451 23.894441
106.459400 29.975444 22.994212
106.466132 30.428436 22.971047
106.473018 30.881429 23.728007
106.480062 31.334422 24.754617
106.487268 31.787414 25.522588
106.494638 32.240407 25.599939
106.502175 32.693400 25.240702
106.509884 33.146393 24.639926
106.517768 33.599385 23.078065
106.525830 34.052378 20.690404
106.534075 34.505371 20.352650
106.542507 34.958363 18.737637
106.551129 35.411356 15.571629
106.559946 35.864349 17.049360
106.568963 36.317342 16.268277
106.578183 36.770334 17.527889
106.587613 37.223327 18.494767
106.597256 37.676320 18.457912
106.607118 38.129312 18.231464
106.617205 38.582305 17.402420
106.627521 39.035298 17.896311
106.638073 39.488290 17.192052
106.648866 39.941283 17.081986
106.659907 40.394276 16.660208
106.671202 40.847269 16.157419
106.682757 41.300261 17.009263
106.694580 41.753254 20.282869
106.706678 42.206247 25.277217
106.849796 21.821575 21.978617
106.855729 22.274568 19.018003
106.861816 22.727560 18.407550
106.868061 23.180553 18.228731
106.874465 23.633546 18.381248
106.881032 24.086538 18.718307
106.887763 24.539531 19.731354
106.894661 24.992524 19.560766
106.901729 25.445517 19.957254
106.908970 25.898509 21.466342
106.916387 26.351502 23.013647
106.923982 26.804495 24.651097
106.931758 27.257487 26.064111
106.939720 27.710480 27.004010
106.947870 28.163473 27.615036
106.956211 28.616466 27.325704
106.964747 29.069458 26.328580
106.973482 29.522451 25.174515
106.982420 29.975444 24.695537
106.991564 30.428436 26.139454
107.000918 30.881429 27.034053
107.010487 31.334422 27.427224
107.020275 31.787414 27.549068
107.030286 32.240407 27.815275
107.040525 32.693400 27.300362
107.050996 33.146393 25.753349
107.061706 33.599385 23.556426
107.072657 34.052378 20.735474
107.083857 34.505371 20.546635
107.095310 34.958363 21.031494
107.107022 35.411356 20.983978
107.119000 35.864349 23.169745
107.131247 36.317342 21.746508
107.143773 36.770334 21.441775
107.156581 37.223327 20.659762
107.169681 37.676320 19.330505
107.183077 38.129312 18.062281
107.196779 38.582305 17.689242
107.210792 39.035298 18.143778
107.225125 39.488290 17.076485
107.239787 39.941283 17.388483
107.254784 40.394276 16.691387
107.270127 40.847269 16.204468
107.285824 41.300261 18.432486
107.301884 41.753254 21.670460
107.318318 42.206247 26.132242
107.337826 21.821575 21.971164
107.345324 22.274568 19.051246
107.353017 22.727560 18.122633
107.360910 23.180553 18.200937
107.369004 23.633546 18.868203
107.377303 24.086538 18.933195
107.385810 24.539531 18.700545
107.394528 24.992524 18.600390
107.403461 25.445517 19.599274
107.412612 25.898509 21.483122
107.421985 26.351502 23.219250
107.431584 26.804495 24.540298
107.441412 27.257487 25.508757
107.451474 27.710480 26.665754
107.461774 28.163473 27.845759
107.472316 28.616466 28.339395
107.483104 29.069458 28.250313
107.494144 29.522451 27.975661
107.505440 29.975444 28.522829
107.516996 30.428436 30.375511
107.528818 30.881429 30.322949
107.540912 31.334422 30.252550
107.553282 31.787414 30.151044
107.565934 32.240407 29.802950
107.578874 32.693400 28.812927
107.592109 33.146393 26.886379
107.605643 33.599385 24.418173
107.619485 34.052378 21.189017
107.633639 34.505371 21.534861
107.648114 34.958363 22.867169
107.662916 35.411356 23.896519
107.678053 35.864349 23.864980
107.693532 36.317342 23.659634
107.709362 36.770334 22.525805
107.725550 37.223327 21.497701
107.742105 37.676320 20.269696
107.759036 38.129312 18.924835
107.776352 38.582305 18.271602
107.794063 39.035298 19.145004
107.812178 39.488290 19.250115
107.830707 39.941283 19.907002
107.849662 40.394276 19.105662
107.869052 40.847269 19.572041
107.888890 41.300261 21.746546
107.909188 41.753254 24.121879
107.929957 42.206247 27.331181
107.825856 21.821575 23.358700
107.834919 22.274568 20.105753
107.844218 22.727560 17.521244
107.853758 23.180553 17.454901
107.863542 23.633546 18.512535
107.873573 24.086538 19.116293
107.883856 24.539531 18.865605
107.894394 24.992524 18.517955
107.905192 25.445517 19.505109
107.916253 25.898509 21.107845
107.927583 26.351502 22.768490
107.939186 26.804495 24.163102
107.951066 27.257487 25.162698
107.963228 27.710480 26.587761
107.975678 28.163473 28.165471
107.988421 28.616466 28.954440
108.001462 29.069458 29.246007
108.014806 29.522451 29.394671
108.028459 29.975444 29.092142
108.042428 30.428436 30.817024
108.056719 30.881429 31.950613
108.071337 31.334422 32.600580
108.086289 31.787414 32.531810
108.101582 32.240407 31.880502
108.117224 32.693400 30.352626
108.133221 33.146393 28.189683
108.149581 33.599385 25.447408
108.166312 34.052378 21.902710
108.183421 34.505371 20.036319
108.200917 34.958363 20.179970
108.218810 35.411356 21.123186
108.237106 35.864349 22.889313
108.255817 36.317342 22.991313
108.274951 36.770334 22.755795
108.294519 37.223327 22.197193
108.314530 37.676320 21.245350
108.334995 38.129312 20.413619
108.355926 38.582305 19.827856
108.377334 39.035298 20.522346
108.399230 39.488290 21.495358
108.421628 39.941283 21.764266
108.444539 40.394276 21.578406
108.467978 40.847269 21.840738
108.491957 41.300261 22.975219
108.516492 41.753254 24.767710
108.541597 42.206247 27.882960
108.313885 21.821575 23.976096
108.324514 22.274568 20.578957
108.335420 22.727560 17.597880
108.346607 23.180553 17.286042
108.358080 23.633546 18.426125
108.369844 24.086538 19.732246
108.381903 24.539531 19.821608
108.394261 24.992524 19.675606
108.406923 25.445517 20.113798
108.419895 25.898509 21.140130
108.433182 26.351502 22.595092
108.446788 26.804495 23.819153
108.460720 27.257487 24.889536
108.474983 27.710480 26.029565
108.489583 28.163473 27.245025
108.504526 28.616466 28.133274
108.519819 29.069458 28.729582
108.535468 29.522451 29.237805
108.551479 29.975444 28.474133
108.567861 30.428436 30.038807
108.584619 30.881429 32.449248
108.601761 31.334422 34.122166
108.619296 31.787414 34.202118
108.637231 32.240407 33.743522
108.655574 32.693400 32.808390
108.674333 33.146393 29.974195
108.693519 33.599385 25.615536
108.713139 34.052378 21.157172
108.733203 34.505371 17.804653
108.753721 34.958363 19.460637
108.774703 35.411356 20.940175
108.796160 35.864349 22.350195
108.818102 36.317342 22.960932
108.840541 36.770334 22.938600
108.863487 37.223327 22.738669
108.886955 37.676320 21.483188
108.910955 38.129312 20.863773
108.935500 38.582305 21.206567
108.960605 39.035298 22.056907
108.986283 39.488290 23.068992
109.012549 39.941283 23.229093
109.039417 40.394276 23.237583
109.066903 40.847269 22.960574
109.095024 41.300261 22.884390
109.123795 41.753254 24.230639
109.153236 42.206247 27.365956
108.801915 21.821575 23.898890
108.814109 22.274568 20.443551
108.826621 22.727560 17.849834
108.839456 23.180553 17.608480
108.852619 23.633546 18.912056
108.866115 24.086538 20.183272
108.879949 24.539531 20.611898
108.894127 24.992524 20.266514
108.908655 25.445517 20.921784
108.923537 25.898509 21.985760
108.938780 26.351502 22.976727
108.954390 26.804495 23.814402
108.970374 27.257487 24.904841
108.986737 27.710480 25.639140
109.003487 28.163473 26.270296
109.020631 28.616466 27.341121
109.038176 29.069458 28.481054
109.056130 29.522451 29.222996
109.074499 29.975444 29.368291
109.093293 30.428436 30.037044
109.112519 30.881429 32.640424
109.132186 31.334422 33.540363
109.152303 31.787414 34.226418
109.172879 32.240407 34.219251
109.193923 32.693400 32.599247
109.215446 33.146393 28.988801
109.237456 33.599385 24.207742
109.259966 34.052378 19.282313
109.282985 34.505371 17.537983
109.306525 34.958363 19.219804
109.330597 35.411356 20.771821
109.355213 35.864349 22.642469
109.380387 36.317342 23.301903
109.406130 36.770334 23.550094
109.432456 37.223327 22.975269
109.459379 37.676320 22.494120
109.486914 38.129312 22.759663
109.515074 38.582305 23.366089
109.543876 39.035298 23.879595
109.573336 39.488290 24.208962
109.603469 39.941283 24.252894
109.634294 40.394276 23.719280
109.665828 40.847269 22.399184
109.698090 41.300261 21.730325
109.731099 41.753254 22.603494
109.764875 42.206247 26.416184
109.289945 21.821575 23.510920
109.303704 22.274568 20.065220
109.317822 22.727560 17.693559
109.332304 23.180553 17.768930
109.347157 23.633546 18.921008
109.362386 24.086538 19.893759
109.377996 24.539531 20.879158
109.393994 24.992524 20.937453
109.410386 25.445517 21.437222
109.427178 25.898509 22.208179
109.444378 26.351502 22.948492
109.461992 26.804495 24.343525
109.480027 27.257487 25.491044
109.498491 27.710480 25.582491
109.517392 28.163473 25.806396
109.536736 28.616466 26.991219
109.556533 29.069458 27.924803
109.576791 29.522451 28.594145
109.597519 29.975444 29.855431
109.618725 30.428436 29.997564
109.640419 30.881429 31.257737
109.662611 31.334422 33.311986
109.685310 31.787414 32.639719
109.708527 32.240407 30.422886
109.732273 32.693400 28.625585
109.756558 33.146393 26.205748
109.781394 33.599385 22.579885
109.806793 34.052378 20.016808
109.832767 34.505371 19.535520
109.859328 34.958363 19.822232
109.886490 35.411356 21.847105
109.914267 35.864349 23.091504
109.942672 36.317342 23.967472
109.971719 36.770334 24.339168
110.001425 37.223327 24.317310
110.031804 37.676320 24.747743
110.062873 38.129312 25.441691
110.094648 38.582305 25.547722
110.127147 39.035298 25.720193
110.160388 39.488290 25.559972
110.194390 39.941283 24.643122
110.229172 40.394276 23.162303
110.264754 40.847269 21.049662
110.301157 41.300261 19.682345
110.338403 41.753254 21.444078
110.376515 42.206247 26.085480
109.777975 21.821575 23.331264
109.793299 22.274568 20.453862
109.809023 22.727560 18.169348
109.825153 23.180553 18.226439
109.841695 23.633546 19.114564
109.858656 24.086538 20.016713
109.876042 24.539531 20.665751
109.893860 24.992524 20.880844
109.912117 25.445517 21.307662
109.930820 25.898509 22.143247
109.949976 26.351502 23.509938
109.969594 26.804495 25.180288
109.989681 27.257487 26.121294
110.010246 27.710480 26.117441
110.031296 28.163473 26.347458
110.052841 28.616466 27.407468
110.074891 29.069458 28.136510
110.097453 29.522451 28.201941
110.120539 29.975444 28.211385
110.144157 30.428436 29.489039
110.168319 30.881429 30.929494
110.193036 31.334422 29.607884
110.218317 31.787414 26.648180
110.244175 32.240407 25.052353
110.270622 32.693400 24.948948
110.297670 33.146393 23.496458
110.325332 33.599385 22.370355
110.353620 34.052378 21.489755
110.382549 34.505371 20.935483
110.412132 34.958363 20.574252
110.442384 35.411356 21.937911
110.473320 35.864349 23.349159
110.504956 36.317342 24.366323
110.537309 36.770334 25.121989
110.570393 37.223327 25.823869
110.604228 37.676320 26.367518
110.638832 38.129312 26.443694
110.674222 38.582305 26.253018
110.710418 39.035298 26.064307
110.747441 39.488290 25.102623
110.785310 39.941283 23.199104
110.824049 40.394276 20.280429
110.863679 40.847269 18.067945
110.904223 41.300261 18.722014
110.945707 41.753254 21.985242
110.988154 42.206247 26.184337
110.266005 21.821575 22.945952
110.282894 22.274568 21.233619
110.300224 22.727560 19.502017
110.318002 23.180553 19.190649
110.336234 23.633546 19.505576
110.354927 24.086538 20.313437
110.374089 24.539531 19.728731
110.393727 24.992524 19.446841
110.413848 25.445517 20.343261
110.434462 25.898509 22.667275
110.455575 26.351502 24.489691
110.477196 26.804495 25.601268
110.499335 27.257487 26.193486
110.522000 27.710480 26.729511
110.545201 28.163473 27.429203
110.568947 28.616466 28.414920
110.593248 29.069458 29.026640
110.618115 29.522451 28.324899
110.643559 29.975444 27.269365
110.669590 30.428436 27.179081
110.696220 30.881429 26.603043
110.723460 31.334422 24.662512
110.751324 31.787414 22.914628
110.779824 32.240407 22.146567
110.808972 32.693400 22.075687
110.838783 33.146393 22.286787
110.869269 33.599385 22.282467
110.900447 34.052378 22.769573
110.932331 34.505371 21.790254
110.964935 34.958363 20.927649
110.998278 35.411356 21.652136
111.032374 35.864349 22.848496
111.067241 36.317342 23.611599
111.102898 36.770334 24.649239
111.139362 37.223327 25.818391
111.176653 37.676320 26.115452
111.214791 38.129312 25.743340
111.253796 38.582305 25.157590
111.293689 39.035298 24.278157
111.334493 39.488290 22.270571
111.376231 39.941283 19.915381
111.418926 40.394276 18.993496
111.462604 40.847269 19.574352
111.507290 41.300261 21.363986
111.553011 41.753254 23.346812
111.599794 42.206247 26.532946
110.754035 21.821575 22.303916
110.772489 22.274568 20.825381
110.791425 22.727560 19.914252
110.810850 23.180553 19.690410
110.830772 23.633546 20.079989
110.851198 24.086538 20.178119
110.872135 24.539531 19.130054
110.893593 24.992524 19.136878
110.915580 25.445517 20.858127
110.938103 25.898509 21.391614
110.961173 26.351502 23.558705
110.984798 26.804495 24.952699
111.008989 27.257487 25.401730
111.033754 27.710480 26.084675
111.059105 28.163473 27.053921
111.085052 28.616466 28.210066
111.111605 29.069458 29.176563
111.138777 29.522451 27.586019
111.166578 29.975444 25.978052
111.195022 30.428436 25.543139
111.224120 30.881429 24.492769
111.253885 31.334422 22.966801
111.284331 31.787414 21.340953
111.315472 32.240407 20.402859
111.347322 32.693400 20.594742
111.379895 33.146393 20.967937
111.413207 33.599385 21.529788
111.447274 34.052378 21.999731
111.482112 34.505371 21.759523
111.517739 34.958363 21.610320
111.554171 35.411356 21.727871
111.591427 35.864349 22.424358
111.629526 36.317342 23.310459
111.668487 36.770334 24.319960
111.708331 37.223327 24.740466
111.749078 37.676320 24.645522
111.790750 38.129312 24.222172
111.833369 38.582305 20.826403
111.876960 39.035298 18.659509
111.921546 39.488290 17.964062
111.967152 39.941283 18.138330
112.013804 40.394276 20.171190
112.061530 40.847269 21.188147
112.110357 41.300261 22.170647
112.160314 41.753254 23.604562
112.211433 42.206247 26.631458
111.242064 21.821575 21.936262
111.262084 22.274568 20.040210
111.282626 22.727560 19.435940
111.303699 23.180553 19.447386
111.325310 23.633546 19.955674
111.347468 24.086538 20.389188
111.370182 24.539531 19.348293
111.393460 24.992524 19.856472
111.417311 25.445517 20.765253
111.441745 25.898509 21.243383
111.466771 26.351502 21.505297
111.492401 26.804495 23.113425
111.518643 27.257487 23.092771
111.545509 27.710480 23.394282
111.573009 28.163473 24.492663
111.601157 28.616466 26.347851
111.629962 29.069458 27.553473
111.659439 29.522451 25.750019
111.689598 29.975444 25.443235
111.720454 30.428436 24.847913
111.752020 30.881429 23.428926
111.784310 31.334422 21.688686
111.817338 31.787414 19.937589
111.851120 32.240407 19.034731
111.885671 32.693400 18.582712
111.921007 33.146393 18.714997
111.957145 33.599385 19.748928
111.994101 34.052378 20.769991
112.031894 34.505371 21.146255
112.070543 34.958363 21.019773
112.110065 35.411356 22.593085
112.150481 35.864349 23.710050
112.191811 36.317342 24.534885
112.234077 36.770334 24.789035
112.277299 37.223327 24.919949
112.321502 37.676320 24.326471
112.366709 38.129312 21.151271
112.412943 38.582305 18.683251
112.460231 39.035298 19.010805
112.508598 39.488290 17.806686
112.558072 39.941283 17.392876
112.608681 40.394276 19.606131
112.660455 40.847269 21.471653
112.713423 41.300261 22.577339
112.767618 41.753254 23.329201
112.823072 42.206247 26.700617
111.730094 21.821575 21.708477
111.751679 22.274568 19.691659
111.773827 22.727560 18.987092
111.796548 23.180553 18.784887
111.819849 23.633546 19.198850
111.843739 24.086538 19.800289
111.868229 24.539531 19.580451
111.893326 24.992524 20.296434
111.919042 25.445517 20.132515
111.945387 25.898509 19.605343
111.972370 26.351502 19.504836
112.000003 26.804495 20.473900
112.028296 27.257487 20.410460
112.057263 27.710480 20.147737
112.086914 28.163473 21.220387
112.117262 28.616466 22.670701
112.148320 29.069458 23.556996
112.180100 29.522451 23.024275
112.212618 29.975444 23.478340
112.245886 30.428436 23.313332
112.279920 30.881429 22.072759
112.314735 31.334422 20.397385
112.350345 31.787414 19.098846
112.386768 32.240407 17.992064
112.424021 32.693400 17.330893
112.462119 33.146393 17.596738
112.501082 33.599385 18.325935
112.540928 34.052378 19.157442
112.581676 34.505371 19.662384
112.623346 34.958363 19.356064
112.665958 35.411356 22.520617
112.709534 35.864349 24.212042
112.754096 36.317342 25.650374
112.799666 36.770334 26.253420
112.846268 37.223327 25.950140
112.893927 37.676320 23.335273
112.942668 38.129312 21.471128
112.992517 38.582305 21.378338
113.043502 39.035298 18.902511
113.095651 39.488290 17.080663
113.148993 39.941283 19.107443
113.203559 40.394276 21.065041
113.259380 40.847269 21.889614
113.316490 41.300261 21.967493
113.374922 41.753254 23.902085
113.434712 42.206247 27.384445
112.218124 21.821575 21.866882
112.241274 22.274568 19.119704
112.265028 22.727560 18.647970
112.289396 23.180553 18.590337
112.314387 23.633546 18.906485
112.340010 24.086538 18.965855
112.366275 24.539531 19.498251
112.393193 24.992524 20.362891
112.420774 25.445517 19.595177
112.449028 25.898509 18.346224
112.477968 26.351502 18.522943
112.507605 26.804495 19.414733
112.537950 27.257487 19.923911
112.569017 27.710480 19.480970
112.600818 28.163473 19.715125
112.633367 28.616466 20.541371
112.666677 29.069458 20.912059
112.700762 29.522451 20.533028
112.735638 29.975444 21.221209
112.771319 30.428436 22.015358
112.807820 30.881429 21.180302
112.845159 31.334422 20.066720
112.883352 31.787414 19.188049
112.922417 32.240407 18.310589
112.962370 32.693400 17.936497
113.003232 33.146393 17.733614
113.045020 33.599385 17.814109
113.087755 34.052378 18.199957
113.131458 34.505371 18.163045
113.176150 34.958363 17.772346
113.221852 35.411356 20.362382
113.268588 35.864349 22.698778
113.316381 36.317342 24.174169
113.365255 36.770334 24.653265
113.415237 37.223327 23.317939
113.466352 37.676320 21.354618
113.518627 38.129312 19.474928
113.572091 38.582305 18.360572
113.626773 39.035298 18.127165
113.682703 39.488290 16.590695
113.739914 39.941283 19.700868
113.798436 40.394276 21.036438
113.858305 40.847269 21.249961
113.919556 41.300261 22.678385
113.982226 41.753254 25.390035
114.046351 42.206247 28.387347
112.706154 21.821575 21.082411
112.730869 22.274568 19.030064
112.756229 22.727560 18.701690
112.782245 23.180553 19.013649
112.808925 23.633546 18.764433
112.836281 24.086538 18.283782
112.864322 24.539531 19.362868
112.893059 24.992524 20.879270
112.922505 25.445517 19.941932
112.952670 25.898509 18.271752
112.983566 26.351502 18.541293
113.015207 26.804495 19.348859
113.047604 27.257487 19.488415
113.080772 27.710480 19.148256
113.114723 28.163473 19.604941
113.149472 28.616466 20.365983
113.185034 29.069458 20.728321
113.221424 29.522451 21.261623
113.258658 29.975444 21.789756
113.296751 30.428436 22.756172
113.335721 30.881429 21.900151
113.375584 31.334422 20.717089
113.416359 31.787414 20.144844
113.458065 32.240407 19.796030
113.500720 32.693400 19.042790
113.544344 33.146393 18.152527
113.588958 33.599385 17.372546
113.634583 34.052378 16.898477
113.681240 34.505371 16.612335
113.728953 34.958363 16.444115
113.777746 35.411356 18.365632
113.827641 35.864349 19.627066
113.878666 36.317342 20.502330
113.930845 36.770334 20.151175
113.984206 37.223327 19.760895
114.038776 37.676320 20.229396
114.094586 38.129312 20.309977
114.151665 38.582305 20.432383
114.210044 39.035298 20.393677
114.269756 39.488290 18.908251
114.330834 39.941283 21.306953
114.393314 40.394276 21.513652
114.457231 40.847269 22.000730
114.522623 41.300261 22.617848
114.589529 41.753254 23.992758
114.657990 42.206247 27.195982
113.194184 21.821575 21.291507
113.220464 22.274568 19.295657
113.247430 22.727560 18.767832
113.275093 23.180553 19.055015
113.303464 23.633546 19.505732
113.332551 24.086538 18.624090
113.362368 24.539531 18.860312
113.392926 24.992524 18.932416
113.424236 25.445517 19.864731
113.456311 25.898509 19.588649
113.489165 26.351502 20.544450
113.522809 26.804495 20.274397
113.557258 27.257487 19.626407
113.592526 27.710480 19.179086
113.628627 28.163473 19.855960
113.665577 28.616466 20.597343
113.703391 29.069458 21.580349
113.742086 29.522451 23.144860
113.781677 29.975444 23.674160
113.822183 30.428436 24.382568
113.863621 30.881429 23.265293
113.906009 31.334422 21.360117
113.949366 31.787414 20.637825
113.993713 32.240407 20.384180
114.039069 32.693400 19.570181
114.085456 33.146393 18.692844
114.132896 33.599385 17.730967
114.181410 34.052378 16.741070
114.231022 34.505371 15.895433
114.281757 34.958363 16.095530
114.333639 35.411356 17.005220
114.386695 35.864349 18.060617
114.440950 36.317342 18.736986
114.496434 36.770334 18.357401
114.553174 37.223327 18.299702
114.611201 37.676320 19.754006
114.670545 38.129312 19.707155
114.731239 38.582305 18.645521
114.793315 39.035298 17.904971
114.856808 39.488290 20.718931
114.921755 39.941283 25.049905
114.988191 40.394276 24.299682
115.056156 40.847269 24.916919
115.125690 41.300261 24.279800
115.196833 41.753254 22.357129
115.269630 42.206247 28.231399
113.682213 21.821575 22.033546
113.710059 22.274568 19.726058
113.738632 22.727560 19.048717
113.767942 23.180553 19.878513
113.798002 23.633546 20.618144
113.828822 24.086538 19.141831
113.860415 24.539531 19.054594
113.892792 24.992524 18.498380
113.925967 25.445517 19.375675
113.959953 25.898509 20.914421
113.994763 26.351502 22.407881
114.030411 26.804495 20.924782
114.066912 27.257487 19.898307
114.104280 27.710480 19.280073
114.142532 28.163473 20.319169
114.181682 28.616466 21.237331
114.221749 29.069458 21.697405
114.262748 29.522451 23.174904
114.304697 29.975444 23.822463
114.347615 30.428436 23.029552
114.391521 30.881429 21.361908
114.436434 31.334422 20.228223
114.482374 31.787414 19.973103
114.529361 32.240407 19.926987
114.577419 32.693400 19.938305
114.626569 33.146393 20.418830
114.676833 33.599385 19.966546
114.728237 34.052378 18.475716
114.780804 34.505371 17.075514
114.834560 34.958363 16.828024
114.889533 35.411356 17.131611
114.945748 35.864349 17.810183
115.003235 36.317342 18.060828
115.062023 36.770334 17.883745
115.122143 37.223327 18.391865
115.183626 37.676320 18.424540
115.246504 38.129312 17.100087
115.310813 38.582305 18.855801
115.376586 39.035298 20.163054
115.443861 39.488290 22.149587
115.512675 39.941283 24.595062
115.583069 40.394276 24.873881
115.655081 40.847269 24.877424
115.728756 41.300261 24.902859
115.804137 41.753254 24.195205
115.881269 42.206247 28.231306
114.170243 21.821575 22.242608
114.199654 22.274568 20.155112
114.229833 22.727560 19.384594
114.260791 23.180553 20.429003
114.292540 23.633546 20.244554
114.325093 24.086538 19.422951
114.358461 24.539531 20.012676
114.392659 24.992524 19.569767
114.427699 25.445517 18.722692
114.463595 25.898509 18.428797
114.500361 26.351502 19.195353
114.538013 26.804495 19.229213
114.576566 27.257487 18.619283
114.616034 27.710480 18.824093
114.656436 28.163473 19.919891
114.697787 28.616466 21.621742
114.740106 29.069458 21.900072
114.783410 29.522451 22.689545
114.827717 29.975444 23.626735
114.873048 30.428436 20.849745
114.919421 30.881429 19.605662
114.966858 31.334422 19.527874
115.015381 31.787414 19.628101
115.065010 32.240407 19.397834
115.115769 32.693400 19.820647
115.167681 33.146393 21.495253
115.220771 33.599385 21.461057
115.275064 34.052378 20.383941
115.330586 34.505371 19.172253
115.387364 34.958363 18.662990
115.445426 35.411356 18.390182
115.504802 35.864349 18.582411
115.565520 36.317342 18.973792
115.627613 36.770334 19.483672
115.691112 37.223327 19.728232
115.756050 37.676320 19.236813
115.822463 38.129312 18.858905
115.890386 38.582305 20.748239
115.959857 39.035298 19.453626
116.030914 39.488290 21.608952
116.103596 39.941283 23.735514
116.177946 40.394276 22.810852
116.254007 40.847269 24.237307
116.331823 41.300261 24.615935
116.411441 41.753254 23.796472
116.492909 42.206247 26.756531
114.658273 21.821575 22.127986
114.689249 22.274568 19.953623
114.721034 22.727560 19.741118
114.753639 23.180553 20.143745
114.787078 23.633546 20.259965
114.821364 24.086538 19.747090
114.856508 24.539531 19.268916
114.892525 24.992524 19.450003
114.929430 25.445517 18.059225
114.967236 25.898509 16.719987
115.005960 26.351502 17.535775
115.045615 26.804495 17.595464
115.086219 27.257487 17.679556
115.127789 27.710480 18.504921
115.170341 28.163473 19.275752
115.213893 28.616466 20.850485
115.258463 29.069458 23.102616
115.304071 29.522451 23.226660
115.350737 29.975444 21.892764
115.398480 30.428436 20.915148
115.447321 30.881429 22.720365
115.497283 31.334422 22.840634
115.548388 31.787414 20.843348
115.600658 32.240407 18.949220
115.654118 32.693400 19.646802
115.708793 33.146393 21.829887
115.764709 33.599385 22.495035
115.821891 34.052378 22.041188
115.880368 34.505371 21.441472
115.940168 34.958363 20.960186
116.001320 35.411356 20.456954
116.063855 35.864349 20.467464
116.127805 36.317342 21.018398
116.193202 36.770334 21.749375
116.260080 37.223327 21.993409
116.328475 37.676320 20.947603
116.398422 38.129312 21.511922
116.469960 38.582305 20.713702
116.543128 39.035298 21.914700
116.617966 39.488290 22.855190
116.694517 39.941283 22.454263
116.772823 40.394276 22.884988
116.852932 40.847269 23.859970
116.934889 41.300261 24.094399
117.018744 41.753254 24.059474
117.104548 42.206247 27.635318
115.146303 21.821575 22.214496
115.178844 22.274568 19.989971
115.212235 22.727560 19.610437
115.246488 23.180553 19.899024
115.281617 23.633546 20.790415
115.317634 24.086538 20.332826
115.354555 24.539531 19.280935
115.392392 24.992524 20.202769
115.431161 25.445517 19.262586
115.470878 25.898509 18.266777
115.511558 26.351502 17.732120
115.553217 26.804495 17.481805
115.595873 27.257487 17.573806
115.639543 27.710480 18.443378
115.684245 28.163473 18.972721
115.729998 28.616466 20.097157
115.776820 29.069458 21.358065
115.824733 29.522451 22.244234
115.873757 29.975444 22.014572
115.923912 30.428436 23.717306
115.975222 30.881429 24.132808
116.027708 31.334422 22.985649
116.081395 31.787414 19.969265
116.136306 32.240407 19.111382
116.192468 32.693400 20.175538
116.249905 33.146393 22.265365
116.308646 33.599385 22.961086
116.368718 34.052378 23.201225
116.430150 34.505371 23.824582
116.492971 34.958363 23.944805
116.557213 35.411356 24.375787
116.622909 35.864349 23.830504
116.690090 36.317342 23.731631
116.758791 36.770334 24.264510
116.829049 37.223327 24.561756
116.900899 37.676320 23.302422
116.974381 38.129312 21.588089
117.049534 38.582305 22.113383
117.126399 39.035298 24.174238
117.205019 39.488290 24.349129
117.285437 39.941283 23.117661
117.367701 40.394276 24.153998
117.451857 40.847269 25.082593
117.537956 41.300261 24.971177
117.626048 41.753254 24.710513
117.716187 42.206247 27.634919
115.634333 21.821575 22.553199
115.668439 22.274568 20.267824
115.703436 22.727560 19.805550
115.739337 23.180553 20.311882
115.776155 23.633546 20.839192
115.813905 24.086538 20.641705
115.852601 24.539531 20.054678
115.892259 24.992524 21.035837
115.932893 25.445517 20.506597
115.974520 25.898509 19.451678
116.017156 26.351502 18.602130
116.060819 26.804495 18.331979
116.105527 27.257487 18.201976
116.151297 27.710480 18.666338
116.198149 28.163473 19.407624
116.246103 28.616466 19.945614
116.295178 29.069458 20.283255
116.345395 29.522451 21.319364
116.396776 29.975444 21.401556
116.449344 30.428436 21.229948
116.503122 30.881429 21.066748
116.558133 31.334422 20.419575
116.614402 31.787414 19.905015
116.671954 32.240407 20.089053
116.730817 32.693400 20.904596
116.791018 33.146393 21.778577
116.852584 33.599385 22.601239
116.915545 34.052378 23.358919
116.979932 34.505371 25.540231
117.045775 34.958363 25.218209
117.113107 35.411356 25.649078
117.181962 35.864349 24.598674
117.252375 36.317342 24.798527
117.324381 36.770334 25.548717
117.398018 37.223327 26.222603
117.473324 37.676320 26.431283
117.550340 38.129312 25.706662
117.629108 38.582305 23.947009
117.709670 39.035298 24.241168
117.792071 39.488290 24.531931
117.876358 39.941283 23.239127
117.962578 40.394276 23.608619
118.050783 40.847269 24.392264
118.141022 41.300261 24.376954
118.233352 41.753254 24.114315
118.327827 42.206247 26.293129
116.122362 21.821575 22.770538
116.158034 22.274568 20.656281
116.194637 22.727560 20.391889
116.232185 23.180553 20.279635
116.270693 23.633546 20.100674
116.310176 24.086538 19.966434
116.350648 24.539531 20.801822
116.392125 24.992524 21.676229
116.434624 25.445517 21.488022
116.478161 25.898509 20.756835
116.522755 26.351502 20.590152
116.568422 26.804495 20.248345
116.615181 27.257487 19.749962
116.663052 27.710480 20.356215
116.712054 28.163473 20.472189
116.762208 28.616466 20.452806
116.813535 29.069458 20.435169
116.866057 29.522451 20.986091
116.919796 29.975444 20.802881
116.974777 30.428436 18.789516
117.031022 30.881429 18.752855
117.088557 31.334422 19.453527
117.147409 31.787414 19.679053
117.207603 32.240407 20.214576
117.269167 32.693400 20.502587
117.332130 33.146393 20.602061
117.396522 33.599385 21.835633
117.462372 34.052378 22.076293
117.529714 34.505371 23.695598
117.598578 34.958363 24.256805
117.669001 35.411356 24.440035
117.741015 35.864349 24.218072
117.814659 36.317342 24.546919
117.889970 36.770334 25.257194
117.966986 37.223327 26.527438
118.045749 37.676320 27.751903
118.126299 38.129312 27.229290
118.208682 38.582305 25.402144
118.292941 39.035298 24.471652
118.379124 39.488290 24.661604
118.467279 39.941283 24.148847
118.557456 40.394276 24.050623
118.649708 40.847269 23.818191
118.744089 41.300261 23.894032
118.840656 41.753254 23.968739
118.939466 42.206247 25.899176
116.610392 21.821575 23.515402
116.647629 22.274568 20.967824
116.685838 22.727560 20.286455
116.725034 23.180553 19.408582
116.765232 23.633546 18.801170
116.806446 24.086538 19.640157
116.848694 24.539531 21.425581
116.891992 24.992524 22.861283
116.936355 25.445517 22.628061
116.981803 25.898509 21.771147
117.028353 26.351502 21.291609
117.076024 26.804495 20.641434
117.124835 27.257487 20.911789
117.174806 27.710480 22.541322
117.225958 28.163473 21.147033
117.278313 28.616466 21.377576
117.331892 29.069458 20.848320
117.386719 29.522451 21.383276
117.442816 29.975444 21.873837
117.500209 30.428436 19.988111
117.558922 30.881429 19.158866
117.618982 31.334422 19.369116
117.680416 31.787414 20.032812
117.743251 32.240407 20.430044
117.807517 32.693400 20.059405
117.873242 33.146393 20.628470
117.940459 33.599385 21.160994
118.009199 34.052378 20.892933
118.079495 34.505371 21.879300
118.151382 34.958363 22.465609
118.224894 35.411356 22.696185
118.300069 35.864349 22.747758
118.376944 36.317342 22.810736
118.455559 36.770334 23.767306
118.535955 37.223327 25.311104
118.618173 37.676320 26.333865
118.702259 38.129312 26.326652
118.788256 38.582305 25.197311
118.876212 39.035298 25.941306
118.966176 39.488290 23.614039
119.058199 39.941283 23.055422
119.152333 40.394276 23.645889
119.248633 40.847269 24.168729
119.347156 41.300261 24.291535
119.447959 41.753254 24.082182
119.551106 42.206247 26.050195
117.098422 21.821575 23.969247
117.137224 22.274568 21.397271
117.177039 22.727560 19.915147
117.217883 23.180553 18.709261
117.259770 23.633546 18.089600
117.302717 24.086538 18.984516
117.346741 24.539531 21.116720
117.391858 24.992524 23.396673
117.438087 25.445517 23.197194
117.485445 25.898509 22.106560
117.533951 26.351502 21.486664
117.583626 26.804495 20.434484
117.634488 27.257487 20.681634
117.686560 27.710480 22.803863
117.739863 28.163473 21.871208
117.794418 28.616466 22.139179
117.850249 29.069458 21.523951
117.907380 29.522451 22.443655
117.965836 29.975444 22.757214
118.025641 30.428436 21.358836
118.086822 30.881429 20.193767
118.149407 31.334422 19.914550
118.213423 31.787414 20.649414
118.278899 32.240407 20.170957
118.345866 32.693400 20.385254
118.414355 33.146393 20.631015
118.484397 33.599385 20.363687
118.556026 34.052378 19.899490
118.629277 34.505371 20.767753
118.704186 34.958363 21.187016
118.780788 35.411356 21.697762
118.859122 35.864349 21.949414
118.939229 36.317342 22.265712
119.021149 36.770334 22.954243
119.104924 37.223327 24.397176
119.190598 37.676320 25.682707
119.278218 38.129312 25.929900
119.367830 38.582305 25.405305
119.459483 39.035298 24.507010
119.553229 39.488290 21.915090
119.649120 39.941283 21.672171
119.747211 40.394276 23.085183
119.847559 40.847269 23.744190
119.950222 41.300261 23.285722
120.055263 41.753254 22.748105
120.162745 42.206247 24.817384
117.586452 21.821575 24.812740
117.626819 22.274568 22.274058
117.668240 22.727560 20.715390
117.710731 23.180553 19.141512
117.754308 23.633546 18.267534
117.798988 24.086538 18.564885
117.844787 24.539531 20.612770
117.891725 24.992524 22.688131
117.939818 25.445517 22.969129
117.989086 25.898509 22.060781
118.039549 26.351502 21.694646
118.091228 26.804495 21.402236
118.144142 27.257487 20.799102
118.198315 27.710480 22.515672
118.253767 28.163473 23.829611
118.310523 28.616466 22.756354
118.368607 29.069458 22.005228
118.428042 29.522451 22.898579
118.488856 29.975444 22.944816
118.551073 30.428436 22.153325
118.614723 30.881429 20.850427
118.679832 31.334422 19.777724
118.746430 31.787414 19.552538
118.814547 32.240407 20.502916
118.884216 32.693400 20.499997
118.955467 33.146393 20.533648
119.028335 33.599385 20.108844
119.102853 34.052378 19.726737
119.179059 34.505371 20.230265
119.256989 34.958363 20.488316
119.336681 35.411356 21.129422
119.418176 35.864349 21.661879
119.501514 36.317342 22.106070
119.586738 36.770334 22.544613
119.673892 37.223327 23.610030
119.763023 37.676320 24.935326
119.854177 38.129312 25.690286
119.947403 38.582305 24.989528
120.042754 39.035298 23.637786
120.140281 39.488290 22.776574
120.240040 39.941283 22.416500
120.342088 40.394276 22.141930
120.446484 40.847269 22.496780
120.553289 41.300261 21.882782
120.662567 41.753254 21.244892
120.774384 42.206247 23.792209
118.074482 21.821575 26.057456
118.116414 22.274568 23.855701
118.159441 22.727560 22.475442
118.203580 23.180553 20.733471
118.248847 23.633546 19.765883
118.295259 24.086538 19.939556
118.342834 24.539531 20.353860
118.391591 24.992524 20.988818
118.441549 25.445517 21.654518
118.492728 25.898509 21.744678
118.545148 26.351502 22.173184
118.598830 26.804495 23.197857
118.653796 27.257487 23.183192
118.710069 27.710480 24.711852
118.767672 28.163473 25.314857
118.826628 28.616466 23.486213
118.886964 29.069458 21.937635
118.948704 29.522451 22.497910
119.011875 29.975444 24.016060
119.076506 30.428436 22.837876
119.142623 30.881429 20.481663
119.210256 31.334422 18.906086
119.279437 31.787414 21.279671
119.350196 32.240407 21.456966
119.422565 32.693400 20.632379
119.496579 33.146393 20.537336
119.572272 33.599385 20.294968
119.649681 34.052378 20.010476
119.728841 34.505371 20.066759
119.809793 34.958363 20.301033
119.892575 35.411356 20.811205
119.977229 35.864349 21.223029
120.063799 36.317342 21.665062
120.152327 36.770334 22.308704
120.242861 37.223327 23.583619
120.335447 37.676320 24.858544
120.430136 38.129312 26.928018
120.526977 38.582305 26.095397
120.626025 39.035298 24.686640
120.727334 39.488290 24.138276
120.830961 39.941283 23.636467
120.936966 40.394276 22.449080
121.045409 40.847269 22.092592
121.156355 41.300261 21.486103
121.269871 41.753254 21.641666
121.386024 42.206247 24.209647
118.562511 21.821575 27.061238
118.606009 22.274568 25.973620
118.650642 22.727560 24.409157
118.696429 23.180553 22.648629
118.743385 23.633546 21.498623
118.791529 24.086538 20.977207
118.840881 24.539531 20.562770
118.891458 24.992524 19.912412
118.943280 25.445517 20.572586
118.996370 25.898509 22.045364
119.050746 26.351502 23.444345
119.106432 26.804495 24.123623
119.163450 27.257487 25.344128
119.221823 27.710480 25.758972
119.281576 28.163473 24.307342
119.342733 28.616466 22.662152
119.405321 29.069458 21.938766
119.469366 29.522451 22.436570
119.534895 29.975444 23.454055
119.601938 30.428436 22.665690
119.670523 30.881429 19.948664
119.740681 31.334422 21.107444
119.812444 31.787414 21.554470
119.885844 32.240407 20.773482
119.960915 32.693400 20.699552
120.037692 33.146393 20.848318
120.116210 33.599385 20.710252
120.196508 34.052378 20.407972
120.278623 34.505371 20.086329
120.362596 34.958363 20.307974
120.448469 35.411356 20.940644
120.536283 35.864349 21.609050
120.626084 36.317342 22.235583
120.717917 36.770334 23.235501
120.811830 37.223327 25.097712
120.907872 37.676320 27.037746
121.006095 38.129312 28.016514
121.106551 38.582305 27.308827
121.209296 39.035298 26.715689
121.314386 39.488290 26.234391
121.421882 39.941283 26.114215
121.531843 40.394276 25.675246
121.644334 40.847269 25.236554
121.759422 41.300261 24.547298
121.877174 41.753254 25.226034
121.997663 42.206247 26.784905
119.050541 21.821575 28.369158
119.095604 22.274568 26.032303
119.141843 22.727560 24.565691
119.189277 23.180553 23.536523
119.237923 23.633546 22.589591
119.287800 24.086538 22.406404
119.338927 24.539531 21.240748
119.391324 24.992524 20.524645
119.445012 25.445517 21.450956
119.500011 25.898509 22.484661
119.556344 26.351502 23.229053
119.614034 26.804495 22.868460
119.673104 27.257487 23.301586
119.733577 27.710480 24.130235
119.795480 28.163473 24.255984
119.858839 28.616466 23.172693
119.923678 29.069458 23.224169
119.990028 29.522451 23.103250
120.057915 29.975444 22.661821
120.127370 30.428436 21.707333
120.198423 30.881429 20.869220
120.271106 31.334422 21.196771
120.345451 31.787414 20.825820
120.421492 32.240407 20.881673
120.499264 32.693400 21.466770
120.578804 33.146393 21.878874
120.660148 33.599385 21.883283
120.743335 34.052378 21.634942
120.828405 34.505371 21.280037
120.915400 34.958363 21.360241
121.004362 35.411356 21.950164
121.095336 35.864349 22.683849
121.188368 36.317342 23.573268
121.283506 36.770334 24.905382
121.380798 37.223327 25.503839
121.480297 37.676320 25.699051
121.582054 38.129312 27.497588
121.686125 38.582305 28.337393
121.792567 39.035298 28.967901
121.901439 39.488290 29.456971
119.538571 21.821575 27.630259
119.585199 22.274568 23.590132
119.633045 22.727560 22.737185
119.682126 23.180553 23.311131
119.732462 23.633546 24.238848
119.784071 24.086538 24.415468
119.836974 24.539531 22.365234
119.891191 24.992524 20.341312
119.946743 25.445517 21.459967
120.003653 25.898509 22.604503
120.061943 26.351502 22.485191
120.121636 26.804495 22.133917
120.182758 27.257487 22.050134
120.245332 27.710480 23.124926
120.309385 28.163473 23.433032
120.374944 28.616466 23.465434
120.442036 29.069458 23.445643
120.510690 29.522451 23.403728
120.580935 29.975444 22.520177
120.652802 30.428436 22.093894
120.726323 30.881429 22.262103
120.801531 31.334422 22.165888
120.878458 31.787414 22.130321
120.957141 32.240407 22.239803
121.037614 32.693400 22.766928
121.119916 33.146393 23.310884
121.204085 33.599385 23.418959
121.290162 34.052378 23.380524
121.378187 34.505371 23.145380
121.468203 34.958363 23.345570
121.560256 35.411356 23.635351
121.654390 35.864349 24.288867
121.750653 36.317342 25.020724
121.849095 36.770334 25.733597
121.949767 37.223327 26.031086
120.026601 21.821575 25.572591
120.074794 22.274568 21.173852
120.124246 22.727560 21.355466
120.174975 23.180553 24.035549
120.227000 23.633546 27.059423
120.280342 24.086538 28.538411
120.335020 24.539531 22.745621
120.391057 24.992524 20.533335
120.448474 25.445517 20.170572
120.507294 25.898509 21.569326
120.567541 26.351502 22.088586
120.629238 26.804495 21.543149
120.692411 27.257487 21.663383
120.757086 27.710480 22.300296
120.823289 28.163473 22.967278
120.891049 28.616466 23.385454
120.960393 29.069458 23.130942
121.031351 29.522451 23.196861
121.103955 29.975444 23.602425
121.178235 30.428436 24.148222
121.254224 30.881429 24.703909
121.331955 31.334422 24.570308
121.411465 31.787414 24.251763
121.492789 32.240407 24.394836
121.575964 32.693400 24.869413
121.661028 33.146393 25.210693
121.748023 33.599385 25.309563
121.836989 34.052378 25.337610
121.927969 34.505371 25.182368
120.514631 21.821575 23.597240
120.564389 22.274568 19.612593
120.615447 22.727560 21.557482
120.667823 23.180553 24.424212
120.721538 23.633546 32.676107
120.776612 24.086538 36.956313
120.833067 24.539531 26.744306
120.890924 24.992524 20.574352
120.950206 25.445517 18.783606
121.010936 25.898509 19.975101
121.073139 26.351502 21.183329
121.136840 26.804495 21.413036
121.202065 27.257487 22.163721
121.268840 27.710480 22.983526
121.337194 28.163473 23.783391
121.407154 28.616466 24.002784
121.478750 29.069458 24.255887
121.552013 29.522451 25.195698
121.626975 29.975444 26.476350
121.703667 30.428436 27.261273
121.782124 30.881429 27.410246
121.862380 31.334422 26.652950
121.944472 31.787414 26.082098
121.002660 21.821575 22.375949
121.053984 22.274568 17.962589
121.106648 22.727560 14.507169
121.160672 23.180553 18.977465
121.216077 23.633546 28.338724
121.272883 24.086538 33.410139
121.331113 24.539531 28.523901
121.390790 24.992524 19.126788
121.451937 25.445517 17.034692
121.514578 25.898509 19.179468
121.578738 26.351502 21.236016
121.644442 26.804495 22.850224
121.711719 27.257487 24.253175
121.780595 27.710480 24.210063
121.851098 28.163473 25.000790
121.923259 28.616466 25.581503
121.997107 29.069458 27.215467
121.490690 21.821575 19.876731
121.543579 22.274568 14.490960
121.597849 22.727560 10.163771
121.653520 23.180553 11.057863
121.710615 23.633546 17.285094
121.769154 24.086538 25.593842
121.829160 24.539531 32.240339
121.890657 24.992524 22.408758
121.953668 25.445517 19.946653
121.978720 21.821575 16.629888
