104.879006 21.923337 -0.696970
104.878618 22.374288 -1.016157
104.878219 22.825240 -1.114792
104.877811 23.276191 -1.058223
104.877392 23.727143 -0.940809
104.876963 24.178095 -0.956642
104.876522 24.629046 -0.964710
104.876071 25.079998 -1.040335
104.875609 25.530949 -1.133893
104.875136 25.981901 -1.193078
104.874651 26.432853 -1.167465
104.874155 26.883804 -1.047886
104.873647 27.334756 -0.973355
104.873127 27.785707 -0.990504
104.872595 28.236659 -1.063565
104.872050 28.687611 -1.152643
104.871493 29.138562 -1.230549
104.870922 29.589514 -1.299903
104.870339 30.040465 -1.353109
104.869742 30.491417 -1.412109
104.869131 30.942369 -1.459938
104.868507 31.393320 -1.490761
104.867868 31.844272 -1.455788
104.867215 32.295223 -1.372956
104.866547 32.746175 -1.355885
104.865864 33.197127 -1.309055
104.865165 33.648078 -1.273104
104.864451 34.099030 -1.268950
104.863720 34.549981 -1.254451
104.862974 35.000933 -1.239600
104.862210 35.451885 -1.222412
104.861429 35.902836 -1.193726
104.860631 36.353788 -1.163302
104.859814 36.804739 -1.147306
104.858979 37.255691 -1.134348
104.858126 37.706643 -1.149438
104.857253 38.157594 -1.158328
104.856360 38.608546 -1.177279
104.855447 39.059497 -1.178505
104.854513 39.510449 -1.129819
104.853558 39.961401 -1.077009
104.852582 40.412352 -1.059821
104.851582 40.863304 -1.062639
104.850560 41.314255 -1.030944
104.849515 41.765207 -0.920010
104.848445 42.216159 -0.694417
105.367915 21.923337 -0.914813
105.369096 22.374288 -1.232070
105.370307 22.825240 -1.200682
105.371549 23.276191 -1.198324
105.372823 23.727143 -1.249069
105.374129 24.178095 -1.273762
105.375467 24.629046 -1.322513
105.376839 25.079998 -1.452063
105.378244 25.530949 -1.509389
105.379683 25.981901 -1.520566
105.381157 26.432853 -1.499090
105.382666 26.883804 -1.382275
105.384211 27.334756 -1.294050
105.385792 27.785707 -1.321608
105.387411 28.236659 -1.421812
105.389067 28.687611 -1.538210
105.390762 29.138562 -1.649908
105.392497 29.589514 -1.757376
105.394271 30.040465 -1.853418
105.396086 30.491417 -1.937969
105.397942 30.942369 -1.977763
105.399841 31.393320 -1.966806
105.401784 31.844272 -1.896329
105.403770 32.295223 -1.804966
105.405801 32.746175 -1.740606
105.407878 33.197127 -1.674213
105.410002 33.648078 -1.636347
105.412174 34.099030 -1.617307
105.414395 34.549981 -1.589887
105.416666 35.000933 -1.562704
105.418989 35.451885 -1.527767
105.421363 35.902836 -1.483712
105.423791 36.353788 -1.445113
105.426273 36.804739 -1.425940
105.428812 37.255691 -1.418947
105.431408 37.706643 -1.427701
105.434062 38.157594 -1.442569
105.436777 38.608546 -1.457421
105.439553 39.059497 -1.443188
105.442392 39.510449 -1.371346
105.445296 39.961401 -1.335109
105.448266 40.412352 -1.328401
105.451305 40.863304 -1.339459
105.454413 41.314255 -1.304036
105.457592 41.765207 -1.173830
105.460846 42.216159 -0.915225
105.856825 21.923337 -0.907204
105.859574 22.374288 -1.199384
105.862395 22.825240 -1.065176
105.865288 23.276191 -1.043595
105.868254 23.727143 -1.195430
105.871296 24.178095 -1.316208
105.874412 24.629046 -1.405814
105.877606 25.079998 -1.540025
105.880878 25.530949 -1.521021
105.884230 25.981901 -1.448867
105.887662 26.432853 -1.465733
105.891176 26.883804 -1.439651
105.894774 27.334756 -1.410477
105.898457 27.785707 -1.458522
105.902227 28.236659 -1.556593
105.906085 28.687611 -1.668628
105.910032 29.138562 -1.769655
105.914071 29.589514 -1.859886
105.918203 30.040465 -1.946929
105.922430 30.491417 -2.011303
105.926754 30.942369 -2.034670
105.931176 31.393320 -2.000382
105.935699 31.844272 -1.922515
105.940325 32.295223 -1.841388
105.945056 32.746175 -1.797681
105.949893 33.197127 -1.758606
105.954840 33.648078 -1.738456
105.959898 34.099030 -1.727105
105.965070 34.549981 -1.706248
105.970359 35.000933 -1.670643
105.975767 35.451885 -1.625058
105.981297 35.902836 -1.583354
105.986951 36.353788 -1.555653
105.992732 36.804739 -1.542521
105.998644 37.255691 -1.549557
106.004689 37.706643 -1.566708
106.010871 38.157594 -1.584347
106.017193 38.608546 -1.596498
106.023659 39.059497 -1.567179
106.030271 39.510449 -1.497171
106.037034 39.961401 -1.481983
106.043951 40.412352 -1.500435
106.051027 40.863304 -1.498448
106.058265 41.314255 -1.435030
106.065670 41.765207 -1.280857
106.073247 42.216159 -0.997993
106.345734 21.923337 -0.854404
106.350052 22.374288 -1.179014
106.354482 22.825240 -1.126291
106.359026 23.276191 -1.116640
106.363686 23.727143 -1.172299
106.368462 24.178095 -1.224739
106.373357 24.629046 -1.224801
106.378374 25.079998 -1.348654
106.383512 25.530949 -1.348409
106.388776 25.981901 -1.290142
106.394167 26.432853 -1.329997
106.399687 26.883804 -1.377677
106.405338 27.334756 -1.410694
106.411122 27.785707 -1.479840
106.417043 28.236659 -1.562049
106.423102 28.687611 -1.649841
106.429302 29.138562 -1.726964
106.435645 29.589514 -1.776817
106.442135 30.040465 -1.824854
106.448774 30.491417 -1.879831
106.455565 30.942369 -1.910739
106.462511 31.393320 -1.904944
106.469615 31.844272 -1.827132
106.476880 32.295223 -1.732042
106.484310 32.746175 -1.689053
106.491908 33.197127 -1.688232
106.499677 33.648078 -1.689954
106.507622 34.099030 -1.691527
106.515745 34.549981 -1.679487
106.524052 35.000933 -1.640200
106.532546 35.451885 -1.588298
106.541230 35.902836 -1.552244
106.550111 36.353788 -1.541186
106.559191 36.804739 -1.552797
106.568476 37.255691 -1.575976
106.577971 37.706643 -1.602408
106.587681 38.157594 -1.622882
106.597610 38.608546 -1.637161
106.607764 39.059497 -1.590448
106.618149 39.510449 -1.520349
106.628771 39.961401 -1.514443
106.639635 40.412352 -1.527096
106.650749 40.863304 -1.517131
106.662117 41.314255 -1.440627
106.673748 41.765207 -1.280200
106.685648 42.216159 -0.996988
106.834643 21.923337 -0.830347
106.840530 22.374288 -1.212440
106.846570 22.825240 -1.263715
106.852765 23.276191 -1.281115
106.859117 23.727143 -1.267425
106.865628 24.178095 -1.212616
106.872302 24.629046 -1.222504
106.879141 25.079998 -1.258441
106.886147 25.530949 -1.260336
106.893323 25.981901 -1.212228
106.900672 26.432853 -1.240649
106.908197 26.883804 -1.311992
106.915901 27.334756 -1.379964
106.923787 27.785707 -1.452940
106.931859 28.236659 -1.523211
106.940119 28.687611 -1.588883
106.948572 29.138562 -1.632312
106.957220 29.589514 -1.640862
106.966067 30.040465 -1.657057
106.975118 30.491417 -1.718658
106.984376 30.942369 -1.776282
106.993846 31.393320 -1.789301
107.003530 31.844272 -1.743264
107.013435 32.295223 -1.647202
107.023564 32.746175 -1.598905
107.033922 33.197127 -1.600255
107.044514 33.648078 -1.609265
107.055345 34.099030 -1.620192
107.066420 34.549981 -1.619099
107.077745 35.000933 -1.587967
107.089324 35.451885 -1.536292
107.101164 35.902836 -1.492486
107.113271 36.353788 -1.472653
107.125650 36.804739 -1.480715
107.138309 37.255691 -1.509532
107.151253 37.706643 -1.540528
107.164490 38.157594 -1.561363
107.178026 38.608546 -1.569685
107.191870 39.059497 -1.539427
107.206028 39.510449 -1.460335
107.220509 39.961401 -1.449798
107.235320 40.412352 -1.469808
107.250471 40.863304 -1.464191
107.265970 41.314255 -1.366555
107.281826 41.765207 -1.210737
107.298049 42.216159 -0.952344
107.323552 21.923337 -0.790718
107.331008 22.374288 -1.183447
107.338658 22.825240 -1.245268
107.346503 23.276191 -1.220459
107.354548 23.727143 -1.210872
107.362795 24.178095 -1.244912
107.371247 24.629046 -1.321268
107.379908 25.079998 -1.319981
107.388781 25.530949 -1.289816
107.397870 25.981901 -1.256017
107.407177 26.432853 -1.253997
107.416708 26.883804 -1.303986
107.426465 27.334756 -1.364755
107.436453 27.785707 -1.421151
107.446675 28.236659 -1.472556
107.457136 28.687611 -1.511044
107.467841 29.138562 -1.517352
107.478794 29.589514 -1.489831
107.489999 30.040465 -1.476432
107.501462 30.491417 -1.505660
107.513187 30.942369 -1.559678
107.525180 31.393320 -1.609895
107.537446 31.844272 -1.601945
107.549990 32.295223 -1.552412
107.562819 32.746175 -1.517412
107.575937 33.197127 -1.511628
107.589352 33.648078 -1.531848
107.603069 34.099030 -1.580424
107.617095 34.549981 -1.603938
107.631438 35.000933 -1.574744
107.646103 35.451885 -1.515029
107.661098 35.902836 -1.457255
107.676431 36.353788 -1.425317
107.692109 36.804739 -1.428570
107.708141 37.255691 -1.453311
107.724535 37.706643 -1.479728
107.741299 38.157594 -1.496345
107.758443 38.608546 -1.500445
107.775976 39.059497 -1.448429
107.793907 39.510449 -1.356784
107.812246 39.961401 -1.337555
107.831005 40.412352 -1.378766
107.850193 40.863304 -1.364719
107.869822 41.314255 -1.262902
107.889903 41.765207 -1.116439
107.910450 42.216159 -0.889480
107.812462 21.923337 -0.607742
107.821486 22.374288 -1.050581
107.830745 22.825240 -1.206134
107.840242 23.276191 -1.217336
107.849979 23.727143 -1.237999
107.859961 24.178095 -1.227398
107.870192 24.629046 -1.321747
107.880676 25.079998 -1.329969
107.891416 25.530949 -1.324859
107.902416 25.981901 -1.337726
107.913682 26.432853 -1.318191
107.925218 26.883804 -1.321265
107.937028 27.334756 -1.355209
107.949118 27.785707 -1.384581
107.961491 28.236659 -1.411544
107.974154 28.687611 -1.430828
107.987111 29.138562 -1.420495
108.000368 29.589514 -1.390076
108.013932 30.040465 -1.372298
108.027806 30.491417 -1.370204
108.041999 30.942369 -1.385225
108.056515 31.393320 -1.413232
108.071362 31.844272 -1.437357
108.086545 32.295223 -1.429544
108.102073 32.746175 -1.418052
108.117952 33.197127 -1.435098
108.134189 33.648078 -1.487435
108.150793 34.099030 -1.561857
108.167770 34.549981 -1.604037
108.185130 35.000933 -1.565073
108.202881 35.451885 -1.493016
108.221032 35.902836 -1.431303
108.239591 36.353788 -1.396026
108.258568 36.804739 -1.395572
108.277973 37.255691 -1.409096
108.297817 37.706643 -1.426177
108.318108 38.157594 -1.435352
108.338860 38.608546 -1.434120
108.360081 39.059497 -1.352366
108.381785 39.510449 -1.247910
108.403984 39.961401 -1.220809
108.426689 40.412352 -1.235808
108.449915 40.863304 -1.239746
108.473674 41.314255 -1.163172
108.497981 41.765207 -1.035016
108.522850 42.216159 -0.835364
108.301371 21.923337 -0.554475
108.311965 22.374288 -0.994199
108.322833 22.825240 -1.193723
108.333980 23.276191 -1.266946
108.345410 23.727143 -1.281609
108.357128 24.178095 -1.271002
108.369137 24.629046 -1.293641
108.381443 25.079998 -1.294607
108.394050 25.530949 -1.315022
108.406963 25.981901 -1.359155
108.420188 26.432853 -1.328019
108.433729 26.883804 -1.316208
108.447592 27.334756 -1.317806
108.461783 27.785707 -1.336662
108.476307 28.236659 -1.355246
108.491171 28.687611 -1.368893
108.506381 29.138562 -1.363910
108.521943 29.589514 -1.345860
108.537864 30.040465 -1.339113
108.554150 30.491417 -1.326806
108.570810 30.942369 -1.313802
108.587850 31.393320 -1.332836
108.605277 31.844272 -1.358159
108.623100 32.295223 -1.367855
108.641327 32.746175 -1.370389
108.659966 33.197127 -1.392084
108.679026 33.648078 -1.448528
108.698516 34.099030 -1.523608
108.718445 34.549981 -1.566402
108.738823 35.000933 -1.537376
108.759660 35.451885 -1.470244
108.780966 35.902836 -1.415687
108.802751 36.353788 -1.383210
108.825027 36.804739 -1.371542
108.847806 37.255691 -1.371657
108.871099 37.706643 -1.375997
108.894918 38.157594 -1.371444
108.919276 38.608546 -1.336542
108.944187 39.059497 -1.246082
108.969664 39.510449 -1.147461
108.995721 39.961401 -1.123776
109.022374 40.412352 -1.135017
109.049637 40.863304 -1.147603
109.077527 41.314255 -1.097843
109.106059 41.765207 -0.993418
109.135251 42.216159 -0.807873
108.790280 21.923337 -0.578916
108.802443 22.374288 -1.002206
108.814921 22.825240 -1.187239
108.827719 23.276191 -1.285694
108.840842 23.727143 -1.260599
108.854294 24.178095 -1.203481
108.868082 24.629046 -1.228642
108.882210 25.079998 -1.274445
108.896684 25.530949 -1.282361
108.911510 25.981901 -1.286301
108.926693 26.432853 -1.247672
108.942239 26.883804 -1.256464
108.958155 27.334756 -1.240665
108.974448 27.785707 -1.246936
108.991123 28.236659 -1.284334
109.008188 28.687611 -1.318744
109.025651 29.138562 -1.335255
109.043517 29.589514 -1.343814
109.061796 30.040465 -1.352001
109.080494 30.491417 -1.343859
109.099621 30.942369 -1.335958
109.119184 31.393320 -1.350308
109.139193 31.844272 -1.359696
109.159655 32.295223 -1.368490
109.180582 32.746175 -1.368121
109.201981 33.197127 -1.362682
109.223864 33.648078 -1.401922
109.246240 34.099030 -1.462071
109.269120 34.549981 -1.495057
109.292516 35.000933 -1.483952
109.316438 35.451885 -1.427243
109.340899 35.902836 -1.368253
109.365911 36.353788 -1.325851
109.391486 36.804739 -1.295017
109.417638 37.255691 -1.276095
109.444380 37.706643 -1.255088
109.471727 38.157594 -1.222848
109.499693 38.608546 -1.176795
109.528293 39.059497 -1.112974
109.557543 39.510449 -1.071925
109.587459 39.961401 -1.061619
109.618059 40.412352 -1.085131
109.649359 40.863304 -1.110915
109.681379 41.314255 -1.084569
109.714137 41.765207 -1.003094
109.747652 42.216159 -0.808610
109.279189 21.923337 -0.593939
109.292921 22.374288 -1.044581
109.307008 22.825240 -1.214285
109.321457 23.276191 -1.258005
109.336273 23.727143 -1.242373
109.351461 24.178095 -1.204943
109.367027 24.629046 -1.216075
109.382978 25.079998 -1.241814
109.399319 25.530949 -1.216312
109.416057 25.981901 -1.223483
109.433198 26.432853 -1.200025
109.450750 26.883804 -1.179338
109.468719 27.334756 -1.140926
109.487113 27.785707 -1.138807
109.505939 28.236659 -1.180197
109.525206 28.687611 -1.235275
109.544920 29.138562 -1.275064
109.565092 29.589514 -1.292911
109.585728 30.040465 -1.274287
109.606839 30.491417 -1.262275
109.628432 30.942369 -1.292917
109.650519 31.393320 -1.321375
109.673108 31.844272 -1.322912
109.696210 32.295223 -1.340564
109.719836 32.746175 -1.351374
109.743996 33.197127 -1.339511
109.768701 33.648078 -1.353019
109.793964 34.099030 -1.395643
109.819795 34.549981 -1.424169
109.846209 35.000933 -1.415273
109.873217 35.451885 -1.352438
109.900833 35.902836 -1.290881
109.929071 36.353788 -1.249268
109.957945 36.804739 -1.216186
109.987470 37.255691 -1.179124
110.017662 37.706643 -1.134927
110.048536 38.157594 -1.075032
110.080109 38.608546 -1.010891
110.112398 39.059497 -0.976358
110.145421 39.510449 -0.981306
110.179197 39.961401 -1.010495
110.213743 40.412352 -1.060577
110.249081 40.863304 -1.102831
110.285231 41.314255 -1.099964
110.322214 41.765207 -1.006740
110.360053 42.216159 -0.805498
109.768099 21.923337 -0.555461
109.783399 22.374288 -0.987962
109.799096 22.825240 -1.210223
109.815196 23.276191 -1.226894
109.831704 23.727143 -1.152263
109.848627 24.178095 -1.139765
109.865972 24.629046 -1.182860
109.883745 25.079998 -1.204572
109.901953 25.530949 -1.183869
109.920603 25.981901 -1.254369
109.939703 26.432853 -1.172693
109.959260 26.883804 -1.114540
109.979282 27.334756 -1.075788
109.999778 27.785707 -1.073627
110.020755 28.236659 -1.107902
110.042223 28.687611 -1.143993
110.064190 29.138562 -1.177653
110.086666 29.589514 -1.194235
110.109660 30.040465 -1.183496
110.133183 30.491417 -1.192491
110.157244 30.942369 -1.271875
110.181854 31.393320 -1.333638
110.207024 31.844272 -1.309265
110.232765 32.295223 -1.319483
110.259090 32.746175 -1.298817
110.286010 33.197127 -1.270569
110.313538 33.648078 -1.265722
110.341687 34.099030 -1.300745
110.370470 34.549981 -1.343669
110.399902 35.000933 -1.343066
110.429996 35.451885 -1.280993
110.460767 35.902836 -1.221692
110.492231 36.353788 -1.185625
110.524404 36.804739 -1.154668
110.557303 37.255691 -1.103841
110.590944 37.706643 -1.045326
110.625346 38.157594 -0.972885
110.660526 38.608546 -0.921726
110.696504 39.059497 -0.909565
110.733300 39.510449 -0.933177
110.770934 39.961401 -0.994750
110.809428 40.412352 -1.067394
110.848803 40.863304 -1.094887
110.889084 41.314255 -1.071501
110.930292 41.765207 -0.993364
110.972454 42.216159 -0.812463
110.257008 21.923337 -0.521937
110.273877 22.374288 -0.870086
110.291184 22.825240 -1.134462
110.308934 23.276191 -1.174119
110.327135 23.727143 -1.052758
110.345794 24.178095 -1.018198
110.364917 24.629046 -1.235059
110.384512 25.079998 -1.338131
110.404587 25.530949 -1.302577
110.425150 25.981901 -1.273323
110.446208 26.432853 -1.127404
110.467771 26.883804 -1.077886
110.489846 27.334756 -1.066550
110.512443 27.785707 -1.057215
110.535571 28.236659 -1.083380
110.559240 28.687611 -1.112425
110.583460 29.138562 -1.131849
110.608240 29.589514 -1.158607
110.633592 30.040465 -1.165970
110.659527 30.491417 -1.183340
110.686055 30.942369 -1.275431
110.713188 31.393320 -1.314747
110.740939 31.844272 -1.240339
110.769321 32.295223 -1.295965
110.798345 32.746175 -1.277212
110.828025 33.197127 -1.215111
110.858376 33.648078 -1.183662
110.889411 34.099030 -1.197557
110.921145 34.549981 -1.233010
110.953594 35.000933 -1.240716
110.986774 35.451885 -1.199552
111.020701 35.902836 -1.149582
111.055391 36.353788 -1.121652
111.090863 36.804739 -1.095418
111.127135 37.255691 -1.053276
111.164226 37.706643 -1.002363
111.202155 38.157594 -0.946688
111.240942 38.608546 -0.904141
111.280610 39.059497 -0.905002
111.321179 39.510449 -0.962637
111.362672 39.961401 -1.033098
111.405112 40.412352 -1.052193
111.448525 40.863304 -1.055824
111.492936 41.314255 -1.035069
111.538370 41.765207 -0.970202
111.584855 42.216159 -0.803409
110.745917 21.923337 -0.533120
110.764355 22.374288 -0.912701
110.783271 22.825240 -1.126207
110.802673 23.276191 -1.143126
110.822566 23.727143 -1.052716
110.842960 24.178095 -1.102353
110.863862 24.629046 -1.327538
110.885280 25.079998 -1.352386
110.907222 25.530949 -1.173251
110.929697 25.981901 -1.265215
110.952713 26.432853 -1.173419
110.976281 26.883804 -1.126105
111.000409 27.334756 -1.103226
111.025108 27.785707 -1.058075
111.050387 28.236659 -1.100741
111.076258 28.687611 -1.165228
111.102730 29.138562 -1.190776
111.129815 29.589514 -1.216577
111.157524 30.040465 -1.233579
111.185871 30.491417 -1.226985
111.214866 30.942369 -1.238486
111.244523 31.393320 -1.242986
111.274855 31.844272 -1.276959
111.305876 32.295223 -1.341878
111.337599 32.746175 -1.306374
111.370040 33.197127 -1.214195
111.403213 33.648078 -1.135917
111.437135 34.099030 -1.117454
111.471820 34.549981 -1.137282
111.507287 35.000933 -1.140309
111.543553 35.451885 -1.111560
111.580634 35.902836 -1.079751
111.618551 36.353788 -1.065837
111.657322 36.804739 -1.055641
111.696967 37.255691 -1.038980
111.737508 37.706643 -1.014345
111.778964 38.157594 -0.984367
111.821359 38.608546 -0.969799
111.864715 39.059497 -0.985489
111.909057 39.510449 -1.006910
111.954409 39.961401 -1.014106
112.000797 40.412352 -1.022193
112.048248 40.863304 -1.025238
112.096788 41.314255 -1.007021
112.146448 41.765207 -0.941072
112.197256 42.216159 -0.782873
111.234826 21.923337 -0.656863
111.254833 22.374288 -1.012070
111.275359 22.825240 -1.121280
111.296411 23.276191 -1.156291
111.317998 23.727143 -1.093531
111.340127 24.178095 -1.146632
111.362807 24.629046 -1.308533
111.386047 25.079998 -1.255711
111.409856 25.530949 -1.216477
111.434243 25.981901 -1.246217
111.459219 26.432853 -1.252497
111.484792 26.883804 -1.213935
111.510973 27.334756 -1.209236
111.537773 27.785707 -1.131766
111.565203 28.236659 -1.155472
111.593275 28.687611 -1.224353
111.621999 29.138562 -1.258440
111.651389 29.589514 -1.295715
111.681457 30.040465 -1.315750
111.712215 30.491417 -1.310809
111.743677 30.942369 -1.295383
111.775858 31.393320 -1.288891
111.808771 31.844272 -1.365139
111.842431 32.295223 -1.400212
111.876853 32.746175 -1.354085
111.912054 33.197127 -1.246874
111.948050 33.648078 -1.151733
111.984858 34.099030 -1.101715
112.022495 34.549981 -1.107742
112.060980 35.000933 -1.101249
112.100331 35.451885 -1.059210
112.140568 35.902836 -1.013906
112.181711 36.353788 -1.000927
112.223781 36.804739 -1.006533
112.266800 37.255691 -1.011156
112.310789 37.706643 -0.991979
112.355773 38.157594 -0.955977
112.401776 38.608546 -0.934794
112.448821 39.059497 -0.936388
112.496936 39.510449 -0.955763
112.546147 39.961401 -0.991751
112.596482 40.412352 -1.020745
112.647970 40.863304 -1.014579
112.700640 41.314255 -0.989595
112.754526 41.765207 -0.919137
112.809657 42.216159 -0.755278
111.723736 21.923337 -0.795164
111.745311 22.374288 -1.085646
111.767447 22.825240 -1.137721
111.790149 23.276191 -1.150040
111.813429 23.727143 -1.160398
111.837293 24.178095 -1.149170
111.861752 24.629046 -1.258971
111.886814 25.079998 -1.158453
111.912490 25.530949 -1.200129
111.938790 25.981901 -1.172990
111.965724 26.432853 -1.224010
111.993302 26.883804 -1.162256
112.021537 27.334756 -1.239984
112.050438 27.785707 -1.236123
112.080019 28.236659 -1.167928
112.110292 28.687611 -1.192182
112.141269 29.138562 -1.227689
112.172963 29.589514 -1.276047
112.205389 30.040465 -1.328509
112.238559 30.491417 -1.341607
112.272488 30.942369 -1.346133
112.307192 31.393320 -1.367835
112.342686 31.844272 -1.415905
112.378986 32.295223 -1.416138
112.416108 32.746175 -1.359285
112.454069 33.197127 -1.261743
112.492888 33.648078 -1.190882
112.532582 34.099030 -1.159855
112.573170 34.549981 -1.162377
112.614673 35.000933 -1.139874
112.657110 35.451885 -1.072658
112.700502 35.902836 -0.986036
112.744871 36.353788 -0.944978
112.790240 36.804739 -0.941015
112.836632 37.255691 -0.948108
112.884071 37.706643 -0.939971
112.932583 38.157594 -0.904909
112.982192 38.608546 -0.883705
113.032927 39.059497 -0.889545
113.084815 39.510449 -0.925026
113.137884 39.961401 -0.970497
113.192166 40.412352 -1.018591
113.247692 40.863304 -1.044498
113.304493 41.314255 -1.017116
113.362603 41.765207 -0.926805
113.422058 42.216159 -0.741295
112.212645 21.923337 -0.788869
112.235789 22.374288 -1.070807
112.259534 22.825240 -1.070331
112.283888 23.276191 -1.036839
112.308860 23.727143 -1.094950
112.334460 24.178095 -1.145926
112.360697 24.629046 -1.220907
112.387582 25.079998 -1.130709
112.415125 25.530949 -1.139791
112.443337 25.981901 -1.213648
112.472229 26.432853 -1.219904
112.501813 26.883804 -1.147552
112.532100 27.334756 -1.162713
112.563103 27.785707 -1.216073
112.594836 28.236659 -1.195355
112.627309 28.687611 -1.185510
112.660539 29.138562 -1.200156
112.694538 29.589514 -1.238702
112.729321 30.040465 -1.310414
112.764903 30.491417 -1.311181
112.801300 30.942369 -1.327935
112.838527 31.393320 -1.370604
112.876602 31.844272 -1.418895
112.915541 32.295223 -1.406484
112.955362 32.746175 -1.333992
112.996084 33.197127 -1.252502
113.037725 33.648078 -1.207492
113.080305 34.099030 -1.197964
113.123845 34.549981 -1.217285
113.168366 35.000933 -1.201231
113.213888 35.451885 -1.121770
113.260436 35.902836 -1.031204
113.308031 36.353788 -0.947840
113.356699 36.804739 -0.913436
113.406465 37.255691 -0.905698
113.457353 37.706643 -0.906052
113.509392 38.157594 -0.894228
113.562609 38.608546 -0.880629
113.617032 39.059497 -0.883564
113.672693 39.510449 -0.934051
113.729622 39.961401 -0.979657
113.787851 40.412352 -1.050426
113.847414 40.863304 -1.125245
113.908345 41.314255 -1.130660
113.970681 41.765207 -1.006077
114.034459 42.216159 -0.762494
112.701554 21.923337 -0.733967
112.726268 22.374288 -1.011571
112.751622 22.825240 -0.998796
112.777626 23.276191 -0.949695
112.804291 23.727143 -0.993888
112.831626 24.178095 -1.103191
112.859642 24.629046 -1.146841
112.888349 25.079998 -1.113071
112.917759 25.530949 -0.972927
112.947883 25.981901 -1.155800
112.978734 26.432853 -1.179652
113.010323 26.883804 -1.115196
113.042664 27.334756 -1.181568
113.075769 27.785707 -1.225411
113.109652 28.236659 -1.232188
113.144327 28.687611 -1.222997
113.179809 29.138562 -1.226363
113.216112 29.589514 -1.256997
113.253253 30.040465 -1.308735
113.291247 30.491417 -1.194855
113.330111 30.942369 -1.213434
113.369862 31.393320 -1.320201
113.410517 31.844272 -1.398677
113.452096 32.295223 -1.366855
113.494616 32.746175 -1.298690
113.538098 33.197127 -1.261310
113.582562 33.648078 -1.264878
113.628029 34.099030 -1.267583
113.674520 34.549981 -1.286512
113.722058 35.000933 -1.295199
113.770667 35.451885 -1.227718
113.820370 35.902836 -1.133645
113.871191 36.353788 -1.038692
113.923158 36.804739 -0.992550
113.976297 37.255691 -0.977705
114.030635 37.706643 -0.980830
114.086201 38.157594 -0.989265
114.143025 38.608546 -0.979154
114.201138 39.059497 -0.953031
114.260572 39.510449 -0.950328
114.321360 39.961401 -1.009449
114.383536 40.412352 -1.103680
114.447136 40.863304 -1.215661
114.512197 41.314255 -1.270098
114.578759 41.765207 -1.169697
114.646860 42.216159 -0.819615
113.190463 21.923337 -0.687232
113.216746 22.374288 -0.961102
113.243709 22.825240 -0.989428
113.271365 23.276191 -0.971370
113.299722 23.727143 -1.058914
113.328793 24.178095 -1.126971
113.358587 24.629046 -1.149737
113.389116 25.079998 -1.157268
113.420393 25.530949 -0.984455
113.452430 25.981901 -1.042234
113.485239 26.432853 -1.030708
113.518834 26.883804 -1.042997
113.553227 27.334756 -1.160973
113.588434 27.785707 -1.180686
113.624468 28.236659 -1.179564
113.661344 28.687611 -1.201988
113.699078 29.138562 -1.235251
113.737687 29.589514 -1.278432
113.777185 30.040465 -1.284846
113.817591 30.491417 -1.058367
113.858922 30.942369 -1.102937
113.901196 31.393320 -1.296600
113.944433 31.844272 -1.368982
113.988651 32.295223 -1.321508
114.033871 32.746175 -1.269389
114.080113 33.197127 -1.239705
114.127400 33.648078 -1.254787
114.175753 34.099030 -1.294026
114.225195 34.549981 -1.333758
114.275751 35.000933 -1.336893
114.327445 35.451885 -1.297441
114.380303 35.902836 -1.219694
114.434351 36.353788 -1.168342
114.489617 36.804739 -1.144979
114.546129 37.255691 -1.154679
114.603917 37.706643 -1.184611
114.663010 38.157594 -1.199589
114.723442 38.608546 -1.164982
114.785244 39.059497 -1.084357
114.848451 39.510449 -0.987984
114.913097 39.961401 -0.993288
114.979220 40.412352 -1.084796
115.046858 40.863304 -1.154153
115.116050 41.314255 -1.227215
115.186837 41.765207 -1.291652
115.259261 42.216159 -0.868296
113.679373 21.923337 -0.640469
113.707224 22.374288 -0.927423
113.735797 22.825240 -1.013771
113.765103 23.276191 -1.018329
113.795153 23.727143 -1.057177
113.825959 24.178095 -1.173641
113.857532 24.629046 -1.121481
113.889884 25.079998 -1.143212
113.923028 25.530949 -1.074859
113.956977 25.981901 -0.953516
113.991744 26.432853 -0.851163
114.027344 26.883804 -0.995414
114.063791 27.334756 -1.122016
114.101099 27.785707 -1.217724
114.139284 28.236659 -1.155758
114.178361 28.687611 -1.125806
114.218348 29.138562 -1.207062
114.259261 29.589514 -1.281161
114.301117 30.040465 -1.267714
114.343935 30.491417 -1.146537
114.387733 30.942369 -1.237217
114.432531 31.393320 -1.346281
114.478348 31.844272 -1.363449
114.525206 32.295223 -1.292966
114.573125 32.746175 -1.184795
114.622128 33.197127 -1.075110
114.672237 33.648078 -1.080805
114.723476 34.099030 -1.166335
114.775870 34.549981 -1.247877
114.829444 35.000933 -1.285351
114.884224 35.451885 -1.271106
114.940237 35.902836 -1.248050
114.997511 36.353788 -1.255614
115.056076 36.804739 -1.247189
115.115962 37.255691 -1.281957
115.177199 37.706643 -1.318332
115.239820 38.157594 -1.303815
115.303858 38.608546 -1.268309
115.369350 39.059497 -1.188715
115.436329 39.510449 -1.057422
115.504835 39.961401 -0.985569
115.574905 40.412352 -1.046548
115.646580 40.863304 -1.101875
115.719902 41.314255 -1.156897
115.794914 41.765207 -1.281120
115.871662 42.216159 -0.912317
114.168282 21.923337 -0.639989
114.197702 22.374288 -0.948946
114.227885 22.825240 -1.064955
114.258842 23.276191 -1.087873
114.290585 23.727143 -1.133259
114.323125 24.178095 -1.177736
114.356477 24.629046 -1.130732
114.390651 25.079998 -1.159244
114.425662 25.530949 -1.126181
114.461524 25.981901 -1.125106
114.498249 26.432853 -1.064030
114.535855 26.883804 -1.118181
114.574354 27.334756 -1.240955
114.613764 27.785707 -1.279080
114.654100 28.236659 -1.224229
114.695379 28.687611 -1.122356
114.737618 29.138562 -1.204561
114.780835 29.589514 -1.281075
114.825049 30.040465 -1.287275
114.870279 30.491417 -1.279082
114.916545 30.942369 -1.345826
114.963866 31.393320 -1.336556
115.012264 31.844272 -1.295586
115.061761 32.295223 -1.259232
115.112379 32.746175 -1.123162
115.164142 33.197127 -0.957123
115.217074 33.648078 -0.959144
115.271200 34.099030 -1.043085
115.326545 34.549981 -1.132962
115.383137 35.000933 -1.183788
115.441003 35.451885 -1.198545
115.500171 35.902836 -1.209034
115.560671 36.353788 -1.237549
115.622535 36.804739 -1.244995
115.685794 37.255691 -1.267938
115.750480 37.706643 -1.279641
115.816629 38.157594 -1.275881
115.884275 38.608546 -1.277232
115.953455 39.059497 -1.240391
116.024208 39.510449 -1.189866
116.096572 39.961401 -1.153305
116.170590 40.412352 -1.147175
116.246302 40.863304 -1.142732
116.323754 41.314255 -1.121427
116.402992 41.765207 -1.225053
116.484063 42.216159 -0.968879
114.657191 21.923337 -0.670624
114.688180 22.374288 -1.002376
114.719972 22.825240 -1.118022
114.752580 23.276191 -1.153874
114.786016 23.727143 -1.182305
114.820292 24.178095 -1.198905
114.855422 24.629046 -1.146244
114.891418 25.079998 -1.149598
114.928297 25.530949 -1.111810
114.966070 25.981901 -1.121084
115.004755 26.432853 -1.121081
115.044365 26.883804 -1.206684
115.084918 27.334756 -1.254738
115.126429 27.785707 -1.215316
115.168916 28.236659 -1.225815
115.212396 28.687611 -1.176940
115.256888 29.138562 -1.065988
115.302410 29.589514 -1.172101
115.348982 30.040465 -1.270061
115.396623 30.491417 -1.352811
115.445356 30.942369 -1.368662
115.495201 31.393320 -1.206081
115.546180 31.844272 -1.183528
115.598316 32.295223 -1.195441
115.651634 32.746175 -1.085423
115.706157 33.197127 -0.904597
115.761912 33.648078 -0.874737
115.818924 34.099030 -0.925529
115.877220 34.549981 -0.996968
115.936830 35.000933 -1.065057
115.997781 35.451885 -1.115743
116.060105 35.902836 -1.119577
116.123832 36.353788 -1.122585
116.188994 36.804739 -1.136302
116.255626 37.255691 -1.189787
116.323762 37.706643 -1.243514
116.393438 38.157594 -1.238760
116.464692 38.608546 -1.246156
116.537561 39.059497 -1.255675
116.612086 39.510449 -1.253019
116.688310 39.961401 -1.257918
116.766274 40.412352 -1.214386
116.846024 40.863304 -1.131376
116.927607 41.314255 -1.102081
117.011070 41.765207 -1.161503
117.096464 42.216159 -0.857935
115.146100 21.923337 -0.671886
115.178658 22.374288 -1.010846
115.212060 22.825240 -1.123424
115.246319 23.276191 -1.148605
115.281447 23.727143 -1.113023
115.317458 24.178095 -1.114822
115.354367 24.629046 -1.133878
115.392186 25.079998 -1.115568
115.430931 25.530949 -1.079797
115.470617 25.981901 -1.131379
115.511260 26.432853 -1.196751
115.552876 26.883804 -1.267407
115.595481 27.334756 -1.244646
115.639094 27.785707 -1.135672
115.683732 28.236659 -1.155501
115.729413 28.687611 -1.134354
115.776157 29.138562 -1.107893
115.823984 29.589514 -1.138654
115.872914 30.040465 -1.261854
115.922967 30.491417 -1.330404
115.974167 30.942369 -1.271915
116.026535 31.393320 -1.161851
116.080095 31.844272 -1.162882
116.134871 32.295223 -1.152196
116.190888 32.746175 -1.053123
116.248172 33.197127 -0.870331
116.306749 33.648078 -0.820975
116.366647 34.099030 -0.828587
116.427895 34.549981 -0.848567
116.490522 35.000933 -0.868193
116.554560 35.451885 -0.900697
116.620038 35.902836 -0.928285
116.686992 36.353788 -0.944251
116.755453 36.804739 -0.963155
116.825459 37.255691 -1.003745
116.897044 37.706643 -1.096302
116.970247 38.157594 -1.193508
117.045108 38.608546 -1.220425
117.121667 39.059497 -1.216139
117.199965 39.510449 -1.210008
117.280047 39.961401 -1.191524
117.361959 40.412352 -1.079833
117.445746 40.863304 -0.999414
117.531459 41.314255 -1.048099
117.619148 41.765207 -1.078231
117.708865 42.216159 -0.776363
115.635010 21.923337 -0.655695
115.669136 22.374288 -0.991042
115.704148 22.825240 -1.102427
115.740057 23.276191 -1.120084
115.776878 23.727143 -1.037608
115.814625 24.178095 -0.994993
115.853312 24.629046 -1.052810
115.892953 25.079998 -1.100540
115.933565 25.530949 -1.068226
115.975164 25.981901 -1.113402
116.017765 26.432853 -1.218737
116.061386 26.883804 -1.271005
116.106045 27.334756 -1.246160
116.151759 27.785707 -1.203179
116.198548 28.236659 -1.142894
116.246431 28.687611 -1.106059
116.295427 29.138562 -1.108679
116.345559 29.589514 -1.103229
116.396846 30.040465 -1.217334
116.449312 30.491417 -1.272425
116.502978 30.942369 -1.144468
116.557870 31.393320 -1.171690
116.614011 31.844272 -1.185741
116.671426 32.295223 -1.144253
116.730142 32.746175 -1.040500
116.790187 33.197127 -0.883507
116.851586 33.648078 -0.829409
116.914371 34.099030 -0.830364
116.978570 34.549981 -0.840547
117.044215 35.000933 -0.852617
117.111338 35.451885 -0.864766
117.179972 35.902836 -0.878031
117.250152 36.353788 -0.885784
117.321912 36.804739 -0.889531
117.395291 37.255691 -0.903546
117.470326 37.706643 -0.978535
117.547057 38.157594 -1.067113
117.625525 38.608546 -1.084241
117.705772 39.059497 -1.057868
117.787844 39.510449 -1.064073
117.871785 39.961401 -1.067841
117.957643 40.412352 -1.001498
118.045468 40.863304 -0.999169
118.135311 41.314255 -1.049268
118.227225 41.765207 -1.059439
118.321266 42.216159 -0.820136
116.123919 21.923337 -0.661353
116.159614 22.374288 -0.991048
116.196235 22.825240 -1.078506
116.233796 23.276191 -1.088256
116.272309 23.727143 -1.007790
116.311791 24.178095 -0.919477
116.352257 24.629046 -0.991015
116.393721 25.079998 -1.058763
116.436200 25.530949 -0.998268
116.479710 25.981901 -0.970964
116.524270 26.432853 -1.061080
116.569897 26.883804 -1.157391
116.616608 27.334756 -1.263231
116.664424 27.785707 -1.201639
116.713364 28.236659 -1.138793
116.763448 28.687611 -1.081833
116.814697 29.138562 -1.090895
116.867133 29.589514 -1.091750
116.920778 30.040465 -1.126039
116.975656 30.491417 -1.203042
117.031790 30.942369 -1.157876
117.089205 31.393320 -1.152350
117.147926 31.844272 -1.164174
117.207981 32.295223 -1.138543
117.269397 32.746175 -1.036575
117.332201 33.197127 -0.943760
117.396424 33.648078 -0.904841
117.462095 34.099030 -0.902597
117.529245 34.549981 -0.938310
117.597908 35.000933 -0.976895
117.668117 35.451885 -0.974860
117.739906 35.902836 -0.973151
117.813312 36.353788 -0.959560
117.888371 36.804739 -0.941312
117.965123 37.255691 -0.924238
118.043608 37.706643 -0.938797
118.123866 38.157594 -0.986638
118.205941 38.608546 -0.997908
118.289878 39.059497 -0.951437
118.375722 39.510449 -0.952147
118.463523 39.961401 -0.972652
118.553328 40.412352 -0.963921
118.645191 40.863304 -0.993968
118.739164 41.314255 -1.052342
118.835303 41.765207 -1.074571
118.933667 42.216159 -0.870027
116.612828 21.923337 -0.654163
116.650092 22.374288 -0.972261
116.688323 22.825240 -1.052005
116.727534 23.276191 -1.067067
116.767741 23.727143 -1.020863
116.808958 24.178095 -0.981114
116.851201 24.629046 -0.983069
116.894488 25.079998 -0.926923
116.938834 25.530949 -0.845907
116.984257 25.981901 -0.899917
117.030775 26.432853 -1.017896
117.078407 26.883804 -1.118667
117.127172 27.334756 -1.132469
117.177089 27.785707 -1.016034
117.228180 28.236659 -1.112913
117.280465 28.687611 -1.042343
117.333967 29.138562 -1.073722
117.388707 29.589514 -1.044685
117.444710 30.040465 -1.014544
117.502000 30.491417 -1.083846
117.560601 30.942369 -1.096424
117.620539 31.393320 -1.117001
117.681842 31.844272 -1.114019
117.744536 32.295223 -1.099985
117.808651 32.746175 -1.023719
117.874216 33.197127 -0.997212
117.941261 33.648078 -1.000600
118.009818 34.099030 -1.032888
118.079920 34.549981 -1.083413
118.151601 35.000933 -1.071427
118.224895 35.451885 -1.060211
118.299840 35.902836 -1.057565
118.376472 36.353788 -1.054114
118.454830 36.804739 -1.016333
118.534956 37.255691 -0.969599
118.616889 37.706643 -0.939573
118.700675 38.157594 -0.943810
118.786358 38.608546 -0.981360
118.873984 39.059497 -0.937603
118.963601 39.510449 -0.919786
119.055260 39.961401 -0.958229
119.149013 40.412352 -0.936990
119.244913 40.863304 -0.946838
119.343016 41.314255 -0.999309
119.443381 41.765207 -1.025227
119.546068 42.216159 -0.790845
117.101737 21.923337 -0.624071
117.140571 22.374288 -0.938496
117.180411 22.825240 -1.048612
117.221273 23.276191 -1.106297
117.263172 23.727143 -1.108729
117.306124 24.178095 -1.054858
117.350146 24.629046 -1.011791
117.395255 25.079998 -0.905961
117.441468 25.530949 -0.858543
117.488804 25.981901 -0.874711
117.537280 26.432853 -0.914283
117.586918 26.883804 -1.022268
117.637735 27.334756 -0.991658
117.689754 27.785707 -0.810814
117.742996 28.236659 -1.046636
117.797482 28.687611 -1.022648
117.853236 29.138562 -1.042830
117.910282 29.589514 -0.923113
117.968642 30.040465 -0.968895
118.028344 30.491417 -1.012044
118.089412 30.942369 -1.043513
118.151874 31.393320 -1.070260
118.215758 31.844272 -1.053241
118.281091 32.295223 -1.036129
118.347906 32.746175 -1.008899
118.416231 33.197127 -1.014627
118.486098 33.648078 -1.052471
118.557542 34.099030 -1.094361
118.630595 34.549981 -1.071705
118.705294 35.000933 -1.050596
118.781674 35.451885 -1.039166
118.859773 35.902836 -1.035466
118.939632 36.353788 -1.039858
119.021289 36.804739 -1.049117
119.104788 37.255691 -1.001423
119.190171 37.706643 -0.941821
119.277485 38.157594 -0.925897
119.366774 38.608546 -0.969706
119.458089 39.059497 -0.960556
119.551480 39.510449 -0.910689
119.646998 39.961401 -0.934353
119.744697 40.412352 -0.947430
119.844635 40.863304 -0.919625
119.946868 41.314255 -0.958109
120.051459 41.765207 -0.981098
120.158469 42.216159 -0.749080
117.590647 21.923337 -0.618109
117.631049 22.374288 -0.910643
117.672498 22.825240 -1.031980
117.715011 23.276191 -1.132434
117.758603 23.727143 -1.145670
117.803291 24.178095 -1.088674
117.849091 24.629046 -1.026088
117.896023 25.079998 -0.920451
117.944103 25.530949 -0.868552
117.993350 25.981901 -0.920297
118.043786 26.432853 -0.947719
118.095428 26.883804 -1.010817
118.148299 27.334756 -0.998166
118.202420 27.785707 -0.870775
118.257812 28.236659 -0.910422
118.314500 28.687611 -1.021771
118.372506 29.138562 -1.025629
118.431856 29.589514 -0.936774
118.492574 30.040465 -1.053048
118.554688 30.491417 -1.051076
118.618223 30.942369 -1.058693
118.683209 31.393320 -1.062253
118.749673 31.844272 -1.022425
118.817647 32.295223 -1.009608
118.887160 32.746175 -1.029355
118.958245 33.197127 -1.030489
119.030936 33.648078 -1.069475
119.105265 34.099030 -1.091827
119.181270 34.549981 -1.067052
119.258986 35.000933 -1.041361
119.338452 35.451885 -1.025698
119.419707 35.902836 -1.017004
119.502792 36.353788 -1.016021
119.587748 36.804739 -1.023506
119.674620 37.255691 -0.995335
119.763453 37.706643 -0.910831
119.854294 38.157594 -0.879440
119.947191 38.608546 -0.918786
120.042195 39.059497 -0.943119
120.139358 39.510449 -0.884560
120.238735 39.961401 -0.888201
120.340382 40.412352 -0.972756
120.444357 40.863304 -0.927576
120.550721 41.314255 -0.934368
120.659537 41.765207 -0.948186
120.770870 42.216159 -0.706818
118.079556 21.923337 -0.668659
118.121527 22.374288 -0.828188
118.164586 22.825240 -0.930845
118.208749 23.276191 -1.043996
118.254034 23.727143 -1.048141
118.300457 24.178095 -1.018516
118.348036 24.629046 -0.995993
118.396790 25.079998 -0.937735
118.446737 25.530949 -0.874553
118.497897 25.981901 -0.877148
118.550291 26.432853 -0.964051
118.603939 26.883804 -0.955382
118.658862 27.334756 -0.968466
118.715085 27.785707 -0.787226
118.772628 28.236659 -0.706221
118.831517 28.687611 -0.895407
118.891776 29.138562 -1.046235
118.953430 29.589514 -1.084224
119.016507 30.040465 -1.088728
119.081032 30.491417 -1.078028
119.147034 30.942369 -1.077042
119.214543 31.393320 -1.054505
119.283589 31.844272 -1.030587
119.354202 32.295223 -1.046323
119.426414 32.746175 -1.045461
119.500260 33.197127 -1.044660
119.575773 33.648078 -1.068402
119.652989 34.099030 -1.095877
119.731945 34.549981 -1.068701
119.812679 35.000933 -1.040887
119.895231 35.451885 -1.017592
119.979641 35.902836 -0.998866
120.065952 36.353788 -0.991922
120.154207 36.804739 -0.985901
120.244453 37.255691 -0.907966
120.336735 37.706643 -0.816544
120.431103 38.157594 -0.781352
120.527608 38.608546 -0.811283
120.626301 39.059497 -0.848528
120.727237 39.510449 -0.794348
120.830473 39.961401 -0.769958
120.936067 40.412352 -0.827113
121.044079 40.863304 -0.874373
121.154573 41.314255 -0.883298
121.267614 41.765207 -0.831056
121.383271 42.216159 -0.601270
118.568465 21.923337 -0.718496
118.612005 22.374288 -0.722115
118.656674 22.825240 -0.830392
118.702488 23.276191 -0.954317
118.749465 23.727143 -0.969435
118.797624 24.178095 -0.950913
118.846981 24.629046 -0.947463
118.897557 25.079998 -0.886811
118.949371 25.530949 -0.927097
119.002444 25.981901 -0.855916
119.056796 26.432853 -0.840624
119.112449 26.883804 -0.856500
119.169426 27.334756 -0.749082
119.227750 27.785707 -0.662687
119.287444 28.236659 -0.757689
119.348534 28.687611 -0.894309
119.411046 29.138562 -1.055757
119.475005 29.589514 -1.057915
119.540439 30.040465 -0.985227
119.607376 30.491417 -0.988927
119.675846 30.942369 -1.039358
119.745878 31.393320 -1.062166
119.817504 31.844272 -1.083493
119.890757 32.295223 -1.082430
119.965669 32.746175 -1.050169
120.042275 33.197127 -1.020480
120.120610 33.648078 -1.025332
120.200713 34.099030 -1.049734
120.282620 34.549981 -1.056463
120.366372 35.000933 -1.016952
120.452009 35.451885 -0.973121
120.539575 35.902836 -0.941566
120.629112 36.353788 -0.920645
120.720666 36.804739 -0.859350
120.814285 37.255691 -0.760704
120.910017 37.706643 -0.680992
121.007912 38.157594 -0.646140
121.108024 38.608546 -0.667968
121.210406 39.059497 -0.688543
121.315116 39.510449 -0.630050
121.422210 39.961401 -0.573208
121.531751 40.412352 -0.564402
121.643801 40.863304 -0.575791
121.758425 41.314255 -0.567278
121.875692 41.765207 -0.498295
121.995672 42.216159 -0.354412
119.057374 21.923337 -0.799154
119.102483 22.374288 -0.844035
119.148761 22.825240 -0.885329
119.196226 23.276191 -0.933494
119.244897 23.727143 -0.936748
119.294790 24.178095 -0.942761
119.345926 24.629046 -0.952201
119.398325 25.079998 -0.950605
119.452006 25.530949 -0.902940
119.506991 25.981901 -0.932438
119.563301 26.432853 -0.887241
119.620960 26.883804 -0.962856
119.679990 27.334756 -0.945708
119.740415 27.785707 -0.892603
119.802260 28.236659 -0.871384
119.865552 28.687611 -0.926334
119.930316 29.138562 -0.982444
119.996579 29.589514 -0.900515
120.064371 30.040465 -0.883029
120.133720 30.491417 -0.967537
120.204657 30.942369 -1.044680
120.277213 31.393320 -1.093999
120.351420 31.844272 -1.093730
120.427312 32.295223 -1.030627
120.504923 32.746175 -0.950965
120.584289 33.197127 -0.889548
120.665448 33.648078 -0.871575
120.748436 34.099030 -0.889349
120.833295 34.549981 -0.910511
120.920065 35.000933 -0.899460
121.008788 35.451885 -0.855981
121.099509 35.902836 -0.805373
121.192272 36.353788 -0.755409
121.287125 36.804739 -0.682419
121.384117 37.255691 -0.595628
121.483299 37.706643 -0.527114
121.584722 38.157594 -0.494971
121.688441 38.608546 -0.507151
121.794512 39.059497 -0.489592
121.902994 39.510449 -0.422789
119.546284 21.923337 -0.964144
119.592961 22.374288 -1.161876
119.640849 22.825240 -1.086447
119.689965 23.276191 -0.988073
119.740328 23.727143 -0.922839
119.791957 24.178095 -0.929735
119.844871 24.629046 -0.992475
119.899092 25.079998 -0.981732
119.954640 25.530949 -0.895397
120.011537 25.981901 -0.892511
120.069806 26.432853 -0.943446
120.129470 26.883804 -1.025291
120.190553 27.334756 -1.104633
120.253080 27.785707 -1.045693
120.317076 28.236659 -0.916209
120.382569 28.687611 -0.910922
120.449585 29.138562 -0.913836
120.518154 29.589514 -0.843217
120.588303 30.040465 -0.901456
120.660064 30.491417 -0.968080
120.733468 30.942369 -1.003981
120.808547 31.393320 -1.001785
120.885335 31.844272 -0.930585
120.963867 32.295223 -0.850895
121.044177 32.746175 -0.767712
121.126304 33.197127 -0.698082
121.210285 33.648078 -0.674587
121.296160 34.099030 -0.669970
121.383970 34.549981 -0.671454
121.473758 35.000933 -0.670821
121.565567 35.451885 -0.643889
121.659442 35.902836 -0.590780
121.755432 36.353788 -0.544733
121.853584 36.804739 -0.493687
121.953950 37.255691 -0.432942
120.035193 21.923337 -1.026852
120.083439 22.374288 -1.286070
120.132936 22.825240 -1.114310
120.183703 23.276191 -0.885266
120.235759 23.727143 -0.793038
120.289123 24.178095 -0.860020
120.343816 24.629046 -0.951271
120.399859 25.079998 -0.971082
120.457274 25.530949 -0.920362
120.516084 25.981901 -0.778436
120.576311 26.432853 -0.823055
120.637981 26.883804 -0.959976
120.701117 27.334756 -1.003947
120.765745 27.785707 -0.974265
120.831892 28.236659 -0.877871
120.899586 28.687611 -0.848725
120.968855 29.138562 -0.885974
121.039728 29.589514 -0.859585
121.112235 30.040465 -0.856668
121.186408 30.491417 -0.830658
121.262279 30.942369 -0.762120
121.339882 31.393320 -0.705659
121.419251 31.844272 -0.661026
121.500422 32.295223 -0.615998
121.583432 32.746175 -0.549866
121.668319 33.197127 -0.507517
121.755122 33.648078 -0.478175
121.843884 34.099030 -0.464011
121.934645 34.549981 -0.454234
120.524102 21.923337 -1.048411
120.573917 22.374288 -1.227227
120.625024 22.825240 -0.877590
120.677442 23.276191 -0.466765
120.731190 23.727143 -0.392044
120.786290 24.178095 -0.527582
120.842761 24.629046 -0.707066
120.900627 25.079998 -0.793439
120.959909 25.530949 -0.784107
121.020631 25.981901 -0.642763
121.082817 26.432853 -0.679661
121.146491 26.883804 -0.808306
121.211680 27.334756 -0.819926
121.278410 27.785707 -0.833410
121.346708 28.236659 -0.814317
121.416604 28.687611 -0.771151
121.488125 29.138562 -0.704213
121.561302 29.589514 -0.616118
121.636167 30.040465 -0.532846
121.712752 30.491417 -0.480071
121.791091 30.942369 -0.446468
121.871217 31.393320 -0.427802
121.953167 31.844272 -0.415565
121.013011 21.923337 -1.012728
121.064395 22.374288 -1.221176
121.117112 22.825240 -0.774717
121.171180 23.276191 -0.231116
121.226621 23.727143 -0.154589
121.283456 24.178095 -0.212762
121.341706 24.629046 -0.291850
121.401394 25.079998 -0.376073
121.462543 25.530949 -0.383891
121.525177 25.981901 -0.380026
121.589322 26.432853 -0.467166
121.655002 26.883804 -0.505974
121.722244 27.334756 -0.505828
121.791075 27.785707 -0.537558
121.861525 28.236659 -0.541607
121.933621 28.687611 -0.448300
121.501921 21.923337 -0.918197
121.554874 22.374288 -1.153221
121.609199 22.825240 -0.853576
121.664919 23.276191 -0.539814
121.722053 23.727143 -0.642218
121.780622 24.178095 -0.525319
121.840651 24.629046 -0.197145
121.902161 25.079998 0.044785
121.965178 25.530949 0.066103
121.990830 21.923337 -0.636933
