104.879006 21.923337 3242.271620
104.878618 22.374288 3242.407789
104.878219 22.825240 3241.236629
104.877811 23.276191 3240.013525
104.877392 23.727143 3239.809923
104.876963 24.178095 3240.232176
104.876522 24.629046 3240.435398
104.876071 25.079998 3239.780174
104.875609 25.530949 3239.574471
104.875136 25.981901 3239.712563
104.874651 26.432853 3238.972541
104.874155 26.883804 3240.487393
104.873647 27.334756 3242.259362
104.873127 27.785707 3243.542043
104.872595 28.236659 3244.806193
104.872050 28.687611 3245.356552
104.871493 29.138562 3244.371087
104.870922 29.589514 3244.120674
104.870339 30.040465 3244.967527
104.869742 30.491417 3244.539865
104.869131 30.942369 3241.128936
104.868507 31.393320 3239.689513
104.867868 31.844272 3237.995423
104.867215 32.295223 3236.210432
104.866547 32.746175 3235.337149
104.865864 33.197127 3234.421978
104.865165 33.648078 3232.798295
104.864451 34.099030 3231.642491
104.863720 34.549981 3230.066554
104.862974 35.000933 3230.162786
104.862210 35.451885 3228.464699
104.861429 35.902836 3228.968554
104.860631 36.353788 3229.657434
104.859814 36.804739 3230.671390
104.858979 37.255691 3232.414147
104.858126 37.706643 3234.304686
104.857253 38.157594 3234.672047
104.856360 38.608546 3234.466201
104.855447 39.059497 3235.078116
104.854513 39.510449 3235.399994
104.853558 39.961401 3235.113407
104.852582 40.412352 3235.123241
104.851582 40.863304 3235.442333
104.850560 41.314255 3235.833070
104.849515 41.765207 3235.685477
104.848445 42.216159 3235.039955
105.367915 21.923337 3244.115146
105.369096 22.374288 3243.622354
105.370307 22.825240 3242.720273
105.371549 23.276191 3241.905499
105.372823 23.727143 3241.740015
105.374129 24.178095 3242.294597
105.375467 24.629046 3242.509944
105.376839 25.079998 3242.338052
105.378244 25.530949 3242.188267
105.379683 25.981901 3241.303828
105.381157 26.432853 3240.160178
105.382666 26.883804 3241.412785
105.384211 27.334756 3242.945036
105.385792 27.785707 3244.425539
105.387411 28.236659 3246.082937
105.389067 28.687611 3246.719437
105.390762 29.138562 3246.205264
105.392497 29.589514 3245.962991
105.394271 30.040465 3245.284062
105.396086 30.491417 3244.541650
105.397942 30.942369 3243.760501
105.399841 31.393320 3243.797232
105.401784 31.844272 3242.788775
105.403770 32.295223 3241.810109
105.405801 32.746175 3240.597220
105.407878 33.197127 3238.766976
105.410002 33.648078 3237.076708
105.412174 34.099030 3235.248044
105.414395 34.549981 3233.635140
105.416666 35.000933 3231.365466
105.418989 35.451885 3228.892341
105.421363 35.902836 3229.140339
105.423791 36.353788 3229.641323
105.426273 36.804739 3231.627671
105.428812 37.255691 3234.796648
105.431408 37.706643 3236.437578
105.434062 38.157594 3235.980527
105.436777 38.608546 3235.748454
105.439553 39.059497 3236.024254
105.442392 39.510449 3236.287248
105.445296 39.961401 3236.461569
105.448266 40.412352 3236.688834
105.451305 40.863304 3237.108319
105.454413 41.314255 3237.592454
105.457592 41.765207 3237.236840
105.460846 42.216159 3236.218626
105.856825 21.923337 3244.718505
105.859574 22.374288 3244.808414
105.862395 22.825240 3244.402029
105.865288 23.276191 3243.712426
105.868254 23.727143 3243.785104
105.871296 24.178095 3244.270236
105.874412 24.629046 3244.120011
105.877606 25.079998 3243.949197
105.880878 25.530949 3243.339187
105.884230 25.981901 3242.197416
105.887662 26.432853 3241.541251
105.891176 26.883804 3242.785399
105.894774 27.334756 3243.802086
105.898457 27.785707 3245.035624
105.902227 28.236659 3246.656536
105.906085 28.687611 3247.340399
105.910032 29.138562 3246.898600
105.914071 29.589514 3246.909200
105.918203 30.040465 3246.175588
105.922430 30.491417 3245.340867
105.926754 30.942369 3245.354421
105.931176 31.393320 3245.199211
105.935699 31.844272 3244.386381
105.940325 32.295223 3243.315232
105.945056 32.746175 3241.790174
105.949893 33.197127 3240.311348
105.954840 33.648078 3239.231358
105.959898 34.099030 3237.630752
105.965070 34.549981 3237.284200
105.970359 35.000933 3234.847727
105.975767 35.451885 3232.108451
105.981297 35.902836 3232.294071
105.986951 36.353788 3232.718170
105.992732 36.804739 3235.001998
105.998644 37.255691 3237.161855
106.004689 37.706643 3237.679271
106.010871 38.157594 3236.846650
106.017193 38.608546 3235.781512
106.023659 39.059497 3236.211161
106.030271 39.510449 3237.334705
106.037034 39.961401 3237.566264
106.043951 40.412352 3238.054797
106.051027 40.863304 3238.546142
106.058265 41.314255 3238.570789
106.065670 41.765207 3237.939014
106.073247 42.216159 3237.373082
106.345734 21.923337 3245.768395
106.350052 22.374288 3246.411940
106.354482 22.825240 3246.163854
106.359026 23.276191 3245.747039
106.363686 23.727143 3245.685889
106.368462 24.178095 3245.548264
106.373357 24.629046 3245.400258
106.378374 25.079998 3244.787644
106.383512 25.530949 3244.139092
106.388776 25.981901 3243.561824
106.394167 26.432853 3243.114513
106.399687 26.883804 3243.716880
106.405338 27.334756 3244.220896
106.411122 27.785707 3245.405756
106.417043 28.236659 3246.947008
106.423102 28.687611 3247.805568
106.429302 29.138562 3248.005135
106.435645 29.589514 3248.014487
106.442135 30.040465 3247.173917
106.448774 30.491417 3246.333628
106.455565 30.942369 3246.124230
106.462511 31.393320 3245.897478
106.469615 31.844272 3244.984322
106.476880 32.295223 3243.843065
106.484310 32.746175 3242.890229
106.491908 33.197127 3242.183961
106.499677 33.648078 3241.677028
106.507622 34.099030 3241.568348
106.515745 34.549981 3241.155048
106.524052 35.000933 3238.369861
106.532546 35.451885 3235.584898
106.541230 35.902836 3235.717660
106.550111 36.353788 3236.101645
106.559191 36.804739 3237.127834
106.568476 37.255691 3238.483466
106.577971 37.706643 3238.404384
106.587681 38.157594 3236.932530
106.597610 38.608546 3236.228079
106.607764 39.059497 3237.391902
106.618149 39.510449 3238.196493
106.628771 39.961401 3238.671025
106.639635 40.412352 3239.116788
106.650749 40.863304 3239.082339
106.662117 41.314255 3238.986728
106.673748 41.765207 3238.708788
106.685648 42.216159 3238.377693
106.834643 21.923337 3246.900861
106.840530 22.374288 3247.443822
106.846570 22.825240 3247.256691
106.852765 23.276191 3246.946245
106.859117 23.727143 3246.871154
106.865628 24.178095 3246.712888
106.872302 24.629046 3246.267202
106.879141 25.079998 3245.658829
106.886147 25.530949 3244.492966
106.893323 25.981901 3244.031172
106.900672 26.432853 3243.786559
106.908197 26.883804 3244.193465
106.915901 27.334756 3244.562245
106.923787 27.785707 3245.631873
106.931859 28.236659 3247.139022
106.940119 28.687611 3248.063091
106.948572 29.138562 3248.257290
106.957220 29.589514 3248.264886
106.966067 30.040465 3247.419371
106.975118 30.491417 3246.907057
106.984376 30.942369 3246.675155
106.993846 31.393320 3246.150544
107.003530 31.844272 3245.138187
107.013435 32.295223 3244.411522
107.023564 32.746175 3243.784586
107.033922 33.197127 3243.076792
107.044514 33.648078 3242.572239
107.055345 34.099030 3242.397956
107.066420 34.549981 3241.813602
107.077745 35.000933 3239.237785
107.089324 35.451885 3237.666138
107.101164 35.902836 3237.850576
107.113271 36.353788 3238.123246
107.125650 36.804739 3239.135473
107.138309 37.255691 3239.757576
107.151253 37.706643 3239.351501
107.164490 38.157594 3238.334928
107.178026 38.608546 3237.996928
107.191870 39.059497 3238.438742
107.206028 39.510449 3238.273209
107.220509 39.961401 3238.647470
107.235320 40.412352 3238.864523
107.250471 40.863304 3238.798436
107.265970 41.314255 3238.578381
107.281826 41.765207 3238.304684
107.298049 42.216159 3238.103314
107.323552 21.923337 3247.706464
107.331008 22.374288 3248.141792
107.338658 22.825240 3248.104737
107.346503 23.276191 3248.094057
107.354548 23.727143 3247.978994
107.362795 24.178095 3247.601456
107.371247 24.629046 3247.158517
107.379908 25.079998 3245.876703
107.388781 25.530949 3244.651268
107.397870 25.981901 3244.437309
107.407177 26.432853 3244.275819
107.416708 26.883804 3244.519163
107.426465 27.334756 3244.774247
107.436453 27.785707 3245.799776
107.446675 28.236659 3247.248575
107.457136 28.687611 3248.183154
107.467841 29.138562 3248.403815
107.478794 29.589514 3248.462244
107.489999 30.040465 3247.952122
107.501462 30.491417 3247.440465
107.513187 30.942369 3246.884099
107.525180 31.393320 3246.323931
107.537446 31.844272 3245.728152
107.549990 32.295223 3245.192367
107.562819 32.746175 3244.550137
107.575937 33.197127 3243.831845
107.589352 33.648078 3243.498297
107.603069 34.099030 3243.212219
107.617095 34.549981 3242.890044
107.631438 35.000933 3241.326592
107.646103 35.451885 3239.653431
107.661098 35.902836 3239.669568
107.676431 36.353788 3239.884658
107.692109 36.804739 3240.030541
107.708141 37.255691 3240.512113
107.724535 37.706643 3240.306816
107.741299 38.157594 3239.454983
107.758443 38.608546 3238.971078
107.775976 39.059497 3238.809504
107.793907 39.510449 3238.249559
107.812246 39.961401 3238.469377
107.831005 40.412352 3238.206263
107.850193 40.863304 3237.865310
107.869822 41.314255 3237.536346
107.889903 41.765207 3237.205891
107.910450 42.216159 3237.025493
107.812462 21.923337 3248.301294
107.821486 22.374288 3248.761074
107.830745 22.825240 3248.886129
107.840242 23.276191 3248.825239
107.849979 23.727143 3248.537731
107.859961 24.178095 3248.179490
107.870192 24.629046 3247.763299
107.880676 25.079998 3246.494736
107.891416 25.530949 3245.406382
107.902416 25.981901 3245.255573
107.913682 26.432853 3245.083459
107.925218 26.883804 3245.287410
107.937028 27.334756 3245.395366
107.949118 27.785707 3246.318093
107.961491 28.236659 3247.488773
107.974154 28.687611 3248.034598
107.987111 29.138562 3248.263902
108.000368 29.589514 3248.378193
108.013932 30.040465 3247.970650
108.027806 30.491417 3248.444577
108.041999 30.942369 3247.908283
108.056515 31.393320 3246.482382
108.071362 31.844272 3245.728870
108.086545 32.295223 3245.146347
108.102073 32.746175 3244.484839
108.117952 33.197127 3244.667953
108.134189 33.648078 3244.991622
108.150793 34.099030 3244.940174
108.167770 34.549981 3244.899118
108.185130 35.000933 3243.136118
108.202881 35.451885 3241.054696
108.221032 35.902836 3240.860457
108.239591 36.353788 3240.309416
108.258568 36.804739 3240.435636
108.277973 37.255691 3240.755181
108.297817 37.706643 3240.542161
108.318108 38.157594 3240.065643
108.338860 38.608546 3239.666278
108.360081 39.059497 3238.926304
108.381785 39.510449 3238.137101
108.403984 39.961401 3237.631210
108.426689 40.412352 3236.910396
108.449915 40.863304 3236.429900
108.473674 41.314255 3235.970620
108.497981 41.765207 3235.769974
108.522850 42.216159 3235.773893
108.301371 21.923337 3248.867990
108.311965 22.374288 3249.363616
108.322833 22.825240 3249.435154
108.333980 23.276191 3249.246742
108.345410 23.727143 3249.009323
108.357128 24.178095 3248.937252
108.369137 24.629046 3248.523771
108.381443 25.079998 3247.379835
108.394050 25.530949 3246.305205
108.406963 25.981901 3246.133376
108.420188 26.432853 3245.957371
108.433729 26.883804 3245.973815
108.447592 27.334756 3245.969223
108.461783 27.785707 3246.532287
108.476307 28.236659 3247.314345
108.491171 28.687611 3247.882263
108.506381 29.138562 3248.165635
108.521943 29.589514 3248.468026
108.537864 30.040465 3248.917279
108.554150 30.491417 3249.263727
108.570810 30.942369 3247.789097
108.587850 31.393320 3246.296810
108.605277 31.844272 3245.538695
108.623100 32.295223 3244.922524
108.641327 32.746175 3245.073214
108.659966 33.197127 3245.638147
108.679026 33.648078 3246.175734
108.698516 34.099030 3246.266434
108.718445 34.549981 3246.496148
108.738823 35.000933 3244.411237
108.759660 35.451885 3242.503515
108.780966 35.902836 3241.872818
108.802751 36.353788 3241.066270
108.825027 36.804739 3240.830413
108.847806 37.255691 3240.896613
108.871099 37.706643 3240.168673
108.894918 38.157594 3239.666623
108.919276 38.608546 3239.318643
108.944187 39.059497 3238.484755
108.969664 39.510449 3237.433460
108.995721 39.961401 3236.725406
109.022374 40.412352 3236.252088
109.049637 40.863304 3235.825148
109.077527 41.314255 3235.085614
109.106059 41.765207 3234.750627
109.135251 42.216159 3234.699116
108.790280 21.923337 3249.135578
108.802443 22.374288 3249.560282
108.814921 22.825240 3249.507030
108.827719 23.276191 3249.461792
108.840842 23.727143 3249.670465
108.854294 24.178095 3249.590365
108.868082 24.629046 3249.137682
108.882210 25.079998 3247.986821
108.896684 25.530949 3247.397493
108.911510 25.981901 3247.232485
108.926693 26.432853 3246.335325
108.942239 26.883804 3246.155430
108.958155 27.334756 3246.594985
108.974448 27.785707 3247.372677
108.991123 28.236659 3248.136555
109.008188 28.687611 3248.675970
109.025651 29.138562 3248.744148
109.043517 29.589514 3248.540028
109.061796 30.040465 3248.758781
109.080494 30.491417 3248.148316
109.099621 30.942369 3246.698171
109.119184 31.393320 3245.533495
109.139193 31.844272 3244.785063
109.159655 32.295223 3244.588429
109.180582 32.746175 3244.813820
109.201981 33.197127 3245.674387
109.223864 33.648078 3246.319048
109.246240 34.099030 3247.017497
109.269120 34.549981 3247.609093
109.292516 35.000933 3245.774787
109.316438 35.451885 3244.092712
109.340899 35.902836 3242.998166
109.365911 36.353788 3241.581134
109.391486 36.804739 3240.843355
109.417638 37.255691 3239.951256
109.444380 37.706643 3239.327713
109.471727 38.157594 3239.130273
109.499693 38.608546 3238.727414
109.528293 39.059497 3237.666870
109.557543 39.510449 3236.610734
109.587459 39.961401 3236.140634
109.618059 40.412352 3235.700869
109.649359 40.863304 3235.080277
109.681379 41.314255 3234.303752
109.714137 41.765207 3233.859463
109.747652 42.216159 3233.812567
109.279189 21.923337 3249.107793
109.292921 22.374288 3249.436666
109.307008 22.825240 3249.581444
109.321457 23.276191 3250.078198
109.336273 23.727143 3250.275348
109.351461 24.178095 3250.104141
109.367027 24.629046 3249.653296
109.382978 25.079998 3249.081845
109.399319 25.530949 3248.543917
109.416057 25.981901 3247.571998
109.433198 26.432853 3246.458021
109.450750 26.883804 3246.799295
109.468719 27.334756 3247.513280
109.487113 27.785707 3248.231161
109.505939 28.236659 3248.928682
109.525206 28.687611 3249.150911
109.544920 29.138562 3248.761180
109.565092 29.589514 3248.364883
109.585728 30.040465 3247.782595
109.606839 30.491417 3247.178833
109.628432 30.942369 3246.034055
109.650519 31.393320 3244.913414
109.673108 31.844272 3244.594768
109.696210 32.295223 3244.423183
109.719836 32.746175 3245.757339
109.743996 33.197127 3246.767222
109.768701 33.648078 3246.815584
109.793964 34.099030 3247.709315
109.819795 34.549981 3247.957349
109.846209 35.000933 3246.193776
109.873217 35.451885 3244.355961
109.900833 35.902836 3242.851893
109.929071 36.353788 3241.893437
109.957945 36.804739 3241.142758
109.987470 37.255691 3240.421458
110.017662 37.706643 3240.023382
110.048536 38.157594 3239.332607
110.080109 38.608546 3237.979133
110.112398 39.059497 3236.888137
110.145421 39.510449 3235.764866
110.179197 39.961401 3235.434004
110.213743 40.412352 3235.457219
110.249081 40.863304 3234.778953
110.285231 41.314255 3233.757920
110.322214 41.765207 3233.331852
110.360053 42.216159 3233.416518
109.768099 21.923337 3249.083405
109.783399 22.374288 3249.416382
109.799096 22.825240 3249.855098
109.815196 23.276191 3250.366953
109.831704 23.727143 3250.594720
109.848627 24.178095 3250.408388
109.865972 24.629046 3250.020266
109.883745 25.079998 3249.420664
109.901953 25.530949 3248.641338
109.920603 25.981901 3247.520002
109.939703 26.432853 3246.411798
109.959260 26.883804 3246.825182
109.979282 27.334756 3247.307913
109.999778 27.785707 3247.870865
110.020755 28.236659 3248.455082
110.042223 28.687611 3248.593260
110.064190 29.138562 3248.307309
110.086666 29.589514 3248.075538
110.109660 30.040465 3247.459535
110.133183 30.491417 3246.773220
110.157244 30.942369 3245.702526
110.181854 31.393320 3244.909265
110.207024 31.844272 3244.804268
110.232765 32.295223 3246.618299
110.259090 32.746175 3247.980674
110.286010 33.197127 3247.306133
110.313538 33.648078 3247.147263
110.341687 34.099030 3247.553944
110.370470 34.549981 3247.681817
110.399902 35.000933 3245.825563
110.429996 35.451885 3243.950733
110.460767 35.902836 3243.089662
110.492231 36.353788 3242.483016
110.524404 36.804739 3241.780143
110.557303 37.255691 3241.041593
110.590944 37.706643 3239.979912
110.625346 38.157594 3238.509241
110.660526 38.608546 3237.121046
110.696504 39.059497 3235.962544
110.733300 39.510449 3234.429757
110.770934 39.961401 3234.332297
110.809428 40.412352 3234.510725
110.848803 40.863304 3233.740565
110.889084 41.314255 3233.338673
110.930292 41.765207 3233.658589
110.972454 42.216159 3233.759560
110.257008 21.923337 3249.139111
110.273877 22.374288 3249.470028
110.291184 22.825240 3249.948896
110.308934 23.276191 3250.590487
110.327135 23.727143 3250.804617
110.345794 24.178095 3250.501553
110.364917 24.629046 3250.113765
110.384512 25.079998 3249.347577
110.404587 25.530949 3248.554901
110.425150 25.981901 3247.447669
110.446208 26.432853 3246.342654
110.467771 26.883804 3246.536111
110.489846 27.334756 3246.919232
110.512443 27.785707 3247.402198
110.535571 28.236659 3247.946179
110.559240 28.687611 3248.140583
110.583460 29.138562 3247.984957
110.608240 29.589514 3247.733349
110.633592 30.040465 3247.043246
110.659527 30.491417 3246.680803
110.686055 30.942369 3245.943513
110.713188 31.393320 3245.481913
110.740939 31.844272 3247.007346
110.769321 32.295223 3248.553912
110.798345 32.746175 3248.069077
110.828025 33.197127 3247.369111
110.858376 33.648078 3246.980390
110.889411 34.099030 3247.348525
110.921145 34.549981 3246.824639
110.953594 35.000933 3244.911536
110.986774 35.451885 3243.370436
111.020701 35.902836 3242.608302
111.055391 36.353788 3241.488697
111.090863 36.804739 3240.595455
111.127135 37.255691 3239.913332
111.164226 37.706643 3238.876019
111.202155 38.157594 3237.417757
111.240942 38.608546 3236.034395
111.280610 39.059497 3234.287463
111.321179 39.510449 3232.323966
111.362672 39.961401 3232.620320
111.405112 40.412352 3233.126259
111.448525 40.863304 3233.389451
111.492936 41.314255 3233.954467
111.538370 41.765207 3234.189966
111.584855 42.216159 3234.203654
110.745917 21.923337 3248.955986
110.764355 22.374288 3249.268501
110.783271 22.825240 3249.800175
110.802673 23.276191 3250.452566
110.822566 23.727143 3250.705197
110.842960 24.178095 3250.391802
110.863862 24.629046 3249.969934
110.885280 25.079998 3249.197721
110.907222 25.530949 3248.446001
110.929697 25.981901 3247.338696
110.952713 26.432853 3246.758227
110.976281 26.883804 3247.053058
111.000409 27.334756 3247.174809
111.025108 27.785707 3247.517593
111.050387 28.236659 3247.720285
111.076258 28.687611 3247.641368
111.102730 29.138562 3247.507966
111.129815 29.589514 3247.282475
111.157524 30.040465 3247.020779
111.185871 30.491417 3247.370120
111.214866 30.942369 3247.072937
111.244523 31.393320 3247.654077
111.274855 31.844272 3248.679795
111.305876 32.295223 3248.449142
111.337599 32.746175 3247.952987
111.370040 33.197127 3247.193446
111.403213 33.648078 3246.725316
111.437135 34.099030 3246.350482
111.471820 34.549981 3245.821989
111.507287 35.000933 3244.318104
111.543553 35.451885 3242.816629
111.580634 35.902836 3241.656889
111.618551 36.353788 3240.511494
111.657322 36.804739 3239.607235
111.696967 37.255691 3238.966130
111.737508 37.706643 3238.413566
111.778964 38.157594 3237.063416
111.821359 38.608546 3234.390031
111.864715 39.059497 3232.396463
111.909057 39.510449 3231.367752
111.954409 39.961401 3231.935874
112.000797 40.412352 3233.322138
112.048248 40.863304 3234.088016
112.096788 41.314255 3234.410559
112.146448 41.765207 3234.530218
112.197256 42.216159 3234.717458
111.234826 21.923337 3248.538124
111.254833 22.374288 3248.847302
111.275359 22.825240 3249.422874
111.296411 23.276191 3250.250805
111.317998 23.727143 3250.505959
111.340127 24.178095 3250.224054
111.362807 24.629046 3249.801586
111.386047 25.079998 3249.078897
111.409856 25.530949 3248.330484
111.434243 25.981901 3247.791492
111.459219 26.432853 3247.334070
111.484792 26.883804 3247.295093
111.510973 27.334756 3247.300440
111.537773 27.785707 3247.338477
111.565203 28.236659 3247.379662
111.593275 28.687611 3247.537656
111.621999 29.138562 3247.539235
111.651389 29.589514 3247.607284
111.681457 30.040465 3248.008916
111.712215 30.491417 3248.163006
111.743677 30.942369 3248.664572
111.775858 31.393320 3248.690093
111.808771 31.844272 3248.280128
111.842431 32.295223 3247.890238
111.876853 32.746175 3247.119851
111.912054 33.197127 3246.471756
111.948050 33.648078 3246.331252
111.984858 34.099030 3245.966997
112.022495 34.549981 3245.327365
112.060980 35.000933 3243.854440
112.100331 35.451885 3242.591989
112.140568 35.902836 3241.400062
112.181711 36.353788 3239.877244
112.223781 36.804739 3239.001978
112.266800 37.255691 3239.291776
112.310789 37.706643 3238.765794
112.355773 38.157594 3235.554069
112.401776 38.608546 3232.654264
112.448821 39.059497 3231.758210
112.496936 39.510449 3230.909830
112.546147 39.961401 3232.388777
112.596482 40.412352 3233.885549
112.647970 40.863304 3234.715575
112.700640 41.314255 3235.052413
112.754526 41.765207 3235.085466
112.809657 42.216159 3235.324486
111.723736 21.923337 3248.854044
111.745311 22.374288 3249.149357
111.767447 22.825240 3249.794268
111.790149 23.276191 3250.633250
111.813429 23.727143 3250.813183
111.837293 24.178095 3250.540510
111.861752 24.629046 3249.576322
111.886814 25.079998 3248.846489
111.912490 25.530949 3248.560040
111.938790 25.981901 3248.087485
111.965724 26.432853 3247.893015
111.993302 26.883804 3247.891016
112.021537 27.334756 3247.996696
112.050438 27.785707 3248.073697
112.080019 28.236659 3248.636407
112.110292 28.687611 3249.125536
112.141269 29.138562 3249.106775
112.172963 29.589514 3249.158354
112.205389 30.040465 3249.265648
112.238559 30.491417 3249.083106
112.272488 30.942369 3248.965879
112.307192 31.393320 3248.077996
112.342686 31.844272 3247.493224
112.378986 32.295223 3246.778977
112.416108 32.746175 3246.261384
112.454069 33.197127 3246.212179
112.492888 33.648078 3246.012015
112.532582 34.099030 3245.557258
112.573170 34.549981 3244.931718
112.614673 35.000933 3243.688332
112.657110 35.451885 3242.574140
112.700502 35.902836 3241.235455
112.744871 36.353788 3240.019943
112.790240 36.804739 3240.168530
112.836632 37.255691 3239.934042
112.884071 37.706643 3236.777282
112.932583 38.157594 3233.765292
112.982192 38.608546 3232.093547
113.032927 39.059497 3231.230594
113.084815 39.510449 3230.620042
113.137884 39.961401 3232.356456
113.192166 40.412352 3235.173944
113.247692 40.863304 3235.880623
113.304493 41.314255 3235.639918
113.362603 41.765207 3235.731699
113.422058 42.216159 3236.182004
112.212645 21.923337 3249.947103
112.235789 22.374288 3249.998818
112.259534 22.825240 3250.599402
112.283888 23.276191 3251.213950
112.308860 23.727143 3251.334335
112.334460 24.178095 3250.275461
112.360697 24.629046 3249.310325
112.387582 25.079998 3249.064546
112.415125 25.530949 3248.813464
112.443337 25.981901 3248.638220
112.472229 26.432853 3248.501372
112.501813 26.883804 3248.587193
112.532100 27.334756 3248.650169
112.563103 27.785707 3249.134744
112.594836 28.236659 3249.849000
112.627309 28.687611 3250.082344
112.660539 29.138562 3249.893885
112.694538 29.589514 3249.680142
112.729321 30.040465 3249.378637
112.764903 30.491417 3249.129096
112.801300 30.942369 3248.238309
112.838527 31.393320 3247.530107
112.876602 31.844272 3246.905947
112.915541 32.295223 3246.677682
112.955362 32.746175 3246.851020
112.996084 33.197127 3246.905871
113.037725 33.648078 3246.831647
113.080305 34.099030 3246.137588
113.123845 34.549981 3244.976125
113.168366 35.000933 3243.933540
113.213888 35.451885 3243.278621
113.260436 35.902836 3242.280346
113.308031 36.353788 3241.892878
113.356699 36.804739 3240.920682
113.406465 37.255691 3237.834397
113.457353 37.706643 3235.105348
113.509392 38.157594 3233.276210
113.562609 38.608546 3232.342119
113.617032 39.059497 3232.327042
113.672693 39.510449 3231.472995
113.729622 39.961401 3234.513742
113.787851 40.412352 3237.132047
113.847414 40.863304 3237.458480
113.908345 41.314255 3237.835437
113.970681 41.765207 3238.657986
114.034459 42.216159 3237.949956
112.701554 21.923337 3250.474972
112.726268 22.374288 3250.546437
112.751622 22.825240 3251.060377
112.777626 23.276191 3251.630571
112.804291 23.727143 3251.254947
112.831626 24.178095 3250.217626
112.859642 24.629046 3249.614178
112.888349 25.079998 3249.384980
112.917759 25.530949 3249.036080
112.947883 25.981901 3248.875943
112.978734 26.432853 3248.140913
113.010323 26.883804 3248.069212
113.042664 27.334756 3248.207054
113.075769 27.785707 3248.717065
113.109652 28.236659 3249.108370
113.144327 28.687611 3249.181593
113.179809 29.138562 3248.985745
113.216112 29.589514 3248.765776
113.253253 30.040465 3248.521288
113.291247 30.491417 3248.315949
113.330111 30.942369 3247.653128
113.369862 31.393320 3247.161216
113.410517 31.844272 3247.064557
113.452096 32.295223 3247.419793
113.494616 32.746175 3247.633697
113.538098 33.197127 3247.702889
113.582562 33.648078 3247.341834
113.628029 34.099030 3246.195653
113.674520 34.549981 3245.134180
113.722058 35.000933 3244.440325
113.770667 35.451885 3244.091791
113.820370 35.902836 3243.699345
113.871191 36.353788 3243.832291
113.923158 36.804739 3242.305476
113.976297 37.255691 3240.516508
114.030635 37.706643 3239.459928
114.086201 38.157594 3238.807980
114.143025 38.608546 3238.942040
114.201138 39.059497 3237.564884
114.260572 39.510449 3234.990898
114.321360 39.961401 3237.447106
114.383536 40.412352 3239.416579
114.447136 40.863304 3240.371070
114.512197 41.314255 3241.318074
114.578759 41.765207 3240.327392
114.646860 42.216159 3238.201151
113.190463 21.923337 3250.611747
113.216746 22.374288 3250.893711
113.243709 22.825240 3251.365073
113.271365 23.276191 3251.667100
113.299722 23.727143 3251.307860
113.328793 24.178095 3250.555286
113.358587 24.629046 3249.953045
113.389116 25.079998 3249.584186
113.420393 25.530949 3249.226486
113.452430 25.981901 3248.460121
113.485239 26.432853 3247.624974
113.518834 26.883804 3247.655235
113.553227 27.334756 3247.852991
113.588434 27.785707 3248.069510
113.624468 28.236659 3248.376316
113.661344 28.687611 3248.437624
113.699078 29.138562 3248.273555
113.737687 29.589514 3248.205652
113.777185 30.040465 3248.045536
113.817591 30.491417 3248.184230
113.858922 30.942369 3247.760180
113.901196 31.393320 3247.300992
113.944433 31.844272 3247.434671
113.988651 32.295223 3247.770718
114.033871 32.746175 3247.963860
114.080113 33.197127 3247.914983
114.127400 33.648078 3247.444908
114.175753 34.099030 3246.355162
114.225195 34.549981 3245.350362
114.275751 35.000933 3245.086485
114.327445 35.451885 3245.173242
114.380303 35.902836 3245.516853
114.434351 36.353788 3246.377954
114.489617 36.804739 3245.974698
114.546129 37.255691 3244.869378
114.603917 37.706643 3244.310189
114.663010 38.157594 3244.020652
114.723442 38.608546 3243.564070
114.785244 39.059497 3240.818305
114.848451 39.510449 3240.028606
114.913097 39.961401 3242.432604
114.979220 40.412352 3242.254889
115.046858 40.863304 3242.743971
115.116050 41.314255 3242.654426
115.186837 41.765207 3241.289381
115.259261 42.216159 3241.336128
113.679373 21.923337 3250.723664
113.707224 22.374288 3250.915879
113.735797 22.825240 3251.085429
113.765103 23.276191 3251.342569
113.795153 23.727143 3251.029175
113.825959 24.178095 3250.216270
113.857532 24.629046 3249.745790
113.889884 25.079998 3249.337714
113.923028 25.530949 3249.682283
113.956977 25.981901 3248.918186
113.991744 26.432853 3247.832248
114.027344 26.883804 3247.832343
114.063791 27.334756 3247.725547
114.101099 27.785707 3247.855388
114.139284 28.236659 3248.033416
114.178361 28.687611 3248.045816
114.218348 29.138562 3248.028766
114.259261 29.589514 3248.027732
114.301117 30.040465 3248.197464
114.343935 30.491417 3248.514185
114.387733 30.942369 3248.067724
114.432531 31.393320 3247.595513
114.478348 31.844272 3247.746315
114.525206 32.295223 3248.016461
114.573125 32.746175 3248.131198
114.622128 33.197127 3247.974621
114.672237 33.648078 3247.452778
114.723476 34.099030 3246.362127
114.775870 34.549981 3245.707281
114.829444 35.000933 3245.726950
114.884224 35.451885 3245.787552
114.940237 35.902836 3246.384358
114.997511 36.353788 3246.883062
115.056076 36.804739 3246.218929
115.115962 37.255691 3246.082506
115.177199 37.706643 3246.094499
115.239820 38.157594 3246.620128
115.303858 38.608546 3246.545090
115.369350 39.059497 3246.080058
115.436329 39.510449 3246.148489
115.504835 39.961401 3245.491630
115.574905 40.412352 3244.369661
115.646580 40.863304 3244.063432
115.719902 41.314255 3243.842024
115.794914 41.765207 3243.567785
115.871662 42.216159 3243.482827
114.168282 21.923337 3250.370106
114.197702 22.374288 3250.294753
114.227885 22.825240 3250.454897
114.258842 23.276191 3250.648839
114.290585 23.727143 3250.344858
114.323125 24.178095 3249.848414
114.356477 24.629046 3249.376619
114.390651 25.079998 3249.837104
114.425662 25.530949 3250.239411
114.461524 25.981901 3249.140374
114.498249 26.432853 3248.008657
114.535855 26.883804 3247.725579
114.574354 27.334756 3247.590207
114.613764 27.785707 3247.747180
114.654100 28.236659 3247.970806
114.695379 28.687611 3248.140212
114.737618 29.138562 3248.248854
114.780835 29.589514 3248.291384
114.825049 30.040465 3248.622059
114.870279 30.491417 3248.296715
114.916545 30.942369 3247.757716
114.963866 31.393320 3246.650889
115.012264 31.844272 3246.487709
115.061761 32.295223 3247.512818
115.112379 32.746175 3248.043779
115.164142 33.197127 3247.750801
115.217074 33.648078 3247.159420
115.271200 34.099030 3246.496824
115.326545 34.549981 3246.049774
115.383137 35.000933 3246.117237
115.441003 35.451885 3246.200405
115.500171 35.902836 3246.615422
115.560671 36.353788 3247.062513
115.622535 36.804739 3247.279174
115.685794 37.255691 3247.387225
115.750480 37.706643 3247.478543
115.816629 38.157594 3247.907355
115.884275 38.608546 3249.045051
115.953455 39.059497 3248.520365
116.024208 39.510449 3247.773849
116.096572 39.961401 3246.702593
116.170590 40.412352 3246.006722
116.246302 40.863304 3245.632283
116.323754 41.314255 3245.018580
116.402992 41.765207 3244.646885
116.484063 42.216159 3244.291235
114.657191 21.923337 3249.951407
114.688180 22.374288 3250.006327
114.719972 22.825240 3250.401075
114.752580 23.276191 3250.635618
114.786016 23.727143 3250.104170
114.820292 24.178095 3249.621528
114.855422 24.629046 3249.478008
114.891418 25.079998 3249.924239
114.928297 25.530949 3249.679179
114.966070 25.981901 3248.480069
115.004755 26.432853 3248.187933
115.044365 26.883804 3248.045981
115.084918 27.334756 3248.221427
115.126429 27.785707 3248.448309
115.168916 28.236659 3248.659847
115.212396 28.687611 3248.828134
115.256888 29.138562 3248.778481
115.302410 29.589514 3248.772635
115.348982 30.040465 3248.398125
115.396623 30.491417 3247.826357
115.445356 30.942369 3246.669137
115.495201 31.393320 3245.331887
115.546180 31.844272 3246.078055
115.598316 32.295223 3247.446663
115.651634 32.746175 3247.652547
115.706157 33.197127 3247.249441
115.761912 33.648078 3247.175140
115.818924 34.099030 3246.634534
115.877220 34.549981 3246.284317
115.936830 35.000933 3246.343649
115.997781 35.451885 3246.530094
116.060105 35.902836 3246.952314
116.123832 36.353788 3247.395264
116.188994 36.804739 3247.612778
116.255626 37.255691 3247.342460
116.323762 37.706643 3247.467228
116.393438 38.157594 3249.222735
116.464692 38.608546 3250.403584
116.537561 39.059497 3249.546479
116.612086 39.510449 3248.755503
116.688310 39.961401 3247.879973
116.766274 40.412352 3247.437340
116.846024 40.863304 3247.077632
116.927607 41.314255 3246.619180
117.011070 41.765207 3246.352733
117.096464 42.216159 3245.582272
115.146100 21.923337 3250.058785
115.178658 22.374288 3250.738826
115.212060 22.825240 3251.069092
115.246319 23.276191 3250.487607
115.281447 23.727143 3249.957479
115.317458 24.178095 3249.577912
115.354367 24.629046 3249.434580
115.392186 25.079998 3249.239208
115.430931 25.530949 3248.952619
115.470617 25.981901 3248.689983
115.511260 26.432853 3248.491426
115.552876 26.883804 3248.581126
115.595481 27.334756 3248.725878
115.639094 27.785707 3248.666332
115.683732 28.236659 3248.727490
115.729413 28.687611 3249.234026
115.776157 29.138562 3249.122857
115.823984 29.589514 3248.962888
115.872914 30.040465 3248.459448
115.922967 30.491417 3247.363970
115.974167 30.942369 3246.104931
116.026535 31.393320 3245.244433
116.080095 31.844272 3246.104605
116.134871 32.295223 3246.783267
116.190888 32.746175 3246.814140
116.248172 33.197127 3247.092659
116.306749 33.648078 3247.167294
116.366647 34.099030 3246.782339
116.427895 34.549981 3246.460497
116.490522 35.000933 3246.659252
116.554560 35.451885 3246.879115
116.620038 35.902836 3247.224260
116.686992 36.353788 3247.605117
116.755453 36.804739 3247.401395
116.825459 37.255691 3247.066233
116.897044 37.706643 3247.508400
116.970247 38.157594 3248.980337
117.045108 38.608546 3249.751867
117.121667 39.059497 3249.072815
117.199965 39.510449 3248.948440
117.280047 39.961401 3248.658550
117.361959 40.412352 3249.074567
117.445746 40.863304 3248.830648
117.531459 41.314255 3248.374051
117.619148 41.765207 3247.364020
117.708865 42.216159 3246.066995
115.635010 21.923337 3250.803941
115.669136 22.374288 3251.473765
115.704148 22.825240 3251.233462
115.740057 23.276191 3250.691583
115.776878 23.727143 3250.026951
115.814625 24.178095 3249.662582
115.853312 24.629046 3249.125580
115.892953 25.079998 3248.948765
115.933565 25.530949 3248.587757
115.975164 25.981901 3248.347646
116.017765 26.432853 3248.150610
116.061386 26.883804 3248.244418
116.106045 27.334756 3247.785078
116.151759 27.785707 3247.625876
116.198548 28.236659 3248.755130
116.246431 28.687611 3249.458800
116.295427 29.138562 3249.388358
116.345559 29.589514 3249.237411
116.396846 30.040465 3248.109794
116.449312 30.491417 3246.888256
116.502978 30.942369 3246.053159
116.557870 31.393320 3245.300355
116.614011 31.844272 3245.703786
116.671426 32.295223 3246.412067
116.730142 32.746175 3246.519881
116.790187 33.197127 3246.845852
116.851586 33.648078 3247.408095
116.914371 34.099030 3247.059203
116.978570 34.549981 3246.957044
117.044215 35.000933 3247.148693
117.111338 35.451885 3246.936663
117.179972 35.902836 3247.219163
117.250152 36.353788 3247.235071
117.321912 36.804739 3246.990931
117.395291 37.255691 3246.519704
117.470326 37.706643 3246.894152
117.547057 38.157594 3248.268895
117.625525 38.608546 3248.808080
117.705772 39.059497 3248.342627
117.787844 39.510449 3249.030805
117.871785 39.961401 3249.209619
117.957643 40.412352 3249.297418
118.045468 40.863304 3248.785924
118.135311 41.314255 3248.263472
118.227225 41.765207 3247.295643
118.321266 42.216159 3248.085506
116.123919 21.923337 3251.570623
116.159614 22.374288 3252.076057
116.196235 22.825240 3251.818222
116.233796 23.276191 3250.849390
116.272309 23.727143 3250.185298
116.311791 24.178095 3249.497110
116.352257 24.629046 3248.954678
116.393721 25.079998 3248.579747
116.436200 25.530949 3248.206045
116.479710 25.981901 3248.009387
116.524270 26.432853 3247.830840
116.569897 26.883804 3247.444198
116.616608 27.334756 3247.010575
116.664424 27.785707 3247.784896
116.713364 28.236659 3249.096041
116.763448 28.687611 3249.454473
116.814697 29.138562 3249.338653
116.867133 29.589514 3248.972117
116.920778 30.040465 3247.766062
116.975656 30.491417 3247.098655
117.031790 30.942369 3246.349023
117.089205 31.393320 3245.880722
117.147926 31.844272 3246.315747
117.207981 32.295223 3246.028598
117.269397 32.746175 3246.089622
117.332201 33.197127 3247.127409
117.396424 33.648078 3247.726999
117.462095 34.099030 3247.584982
117.529245 34.549981 3247.463210
117.597908 35.000933 3247.357970
117.668117 35.451885 3247.213849
117.739906 35.902836 3247.323387
117.813312 36.353788 3247.239832
117.888371 36.804739 3246.767258
117.965123 37.255691 3246.336558
118.043608 37.706643 3246.733123
118.123866 38.157594 3247.034133
118.205941 38.608546 3246.398227
118.289878 39.059497 3247.317799
118.375722 39.510449 3248.946263
118.463523 39.961401 3249.020311
118.553328 40.412352 3249.023676
118.645191 40.863304 3248.576876
118.739164 41.314255 3248.038265
118.835303 41.765207 3248.204462
118.933667 42.216159 3248.718551
116.612828 21.923337 3252.108880
116.650092 22.374288 3252.565575
116.688323 22.825240 3251.809994
116.727534 23.276191 3250.815460
116.767741 23.727143 3250.549558
116.808958 24.178095 3249.942557
116.851201 24.629046 3249.029121
116.894488 25.079998 3248.699928
116.938834 25.530949 3248.152262
116.984257 25.981901 3247.986748
117.030775 26.432853 3247.929545
117.078407 26.883804 3247.553353
117.127172 27.334756 3247.475345
117.177089 27.785707 3248.289129
117.228180 28.236659 3248.912732
117.280465 28.687611 3249.195914
117.333967 29.138562 3249.033968
117.388707 29.589514 3248.661609
117.444710 30.040465 3248.014439
117.502000 30.491417 3247.388892
117.560601 30.942369 3246.807008
117.620539 31.393320 3246.255271
117.681842 31.844272 3246.239545
117.744536 32.295223 3246.073878
117.808651 32.746175 3246.690352
117.874216 33.197127 3247.725911
117.941261 33.648078 3248.081891
118.009818 34.099030 3248.033796
118.079920 34.549981 3248.375304
118.151601 35.000933 3248.222386
118.224895 35.451885 3247.943772
118.299840 35.902836 3247.764154
118.376472 36.353788 3247.163171
118.454830 36.804739 3246.667338
118.534956 37.255691 3246.242372
118.616889 37.706643 3246.005136
118.700675 38.157594 3245.791641
118.786358 38.608546 3245.741712
118.873984 39.059497 3247.456491
118.963601 39.510449 3248.380456
119.055260 39.961401 3248.357292
119.149013 40.412352 3248.470225
119.244913 40.863304 3248.098414
119.343016 41.314255 3247.875138
119.443381 41.765207 3248.146123
119.546068 42.216159 3248.721596
117.101737 21.923337 3252.409108
117.140571 22.374288 3252.291284
117.180411 22.825240 3251.547289
117.221273 23.276191 3251.630342
117.263172 23.727143 3251.367234
117.306124 24.178095 3250.210514
117.350146 24.629046 3249.283208
117.395255 25.079998 3248.703887
117.441468 25.530949 3248.142708
117.488804 25.981901 3248.087144
117.537280 26.432853 3248.054472
117.586918 26.883804 3248.048019
117.637735 27.334756 3248.014869
117.689754 27.785707 3248.276095
117.742996 28.236659 3248.896218
117.797482 28.687611 3248.604072
117.853236 29.138562 3248.383939
117.910282 29.589514 3248.057006
117.968642 30.040465 3247.317072
118.028344 30.491417 3246.833919
118.089412 30.942369 3246.321693
118.151874 31.393320 3246.849482
118.215758 31.844272 3246.861587
118.281091 32.295223 3246.896894
118.347906 32.746175 3247.427666
118.416231 33.197127 3248.039707
118.486098 33.648078 3248.541880
118.557542 34.099030 3248.862092
118.630595 34.549981 3249.127983
118.705294 35.000933 3248.795696
118.781674 35.451885 3248.436233
118.859773 35.902836 3247.897855
118.939632 36.353788 3247.426876
119.021289 36.804739 3247.039388
119.104788 37.255691 3246.969228
119.190171 37.706643 3246.916993
119.277485 38.157594 3246.213579
119.366774 38.608546 3246.003856
119.458089 39.059497 3246.877653
119.551480 39.510449 3247.717773
119.646998 39.961401 3247.852542
119.744697 40.412352 3248.157647
119.844635 40.863304 3248.176114
119.946868 41.314255 3247.165978
120.051459 41.765207 3246.584615
120.158469 42.216159 3247.037818
117.590647 21.923337 3252.547975
117.631049 22.374288 3252.578237
117.672498 22.825240 3251.638199
117.715011 23.276191 3251.546223
117.758603 23.727143 3250.735280
117.803291 24.178095 3249.413678
117.849091 24.629046 3250.156360
117.896023 25.079998 3249.683196
117.944103 25.530949 3248.437175
117.993350 25.981901 3248.409870
118.043786 26.432853 3248.671942
118.095428 26.883804 3248.686090
118.148299 27.334756 3248.286787
118.202420 27.785707 3248.528047
118.257812 28.236659 3248.134652
118.314500 28.687611 3247.797319
118.372506 29.138562 3247.571782
118.431856 29.589514 3247.252244
118.492574 30.040465 3246.768025
118.554688 30.491417 3246.396994
118.618223 30.942369 3246.901361
118.683209 31.393320 3247.322235
118.749673 31.844272 3247.215051
118.817647 32.295223 3247.234280
118.887160 32.746175 3247.753418
118.958245 33.197127 3248.318434
119.030936 33.648078 3248.716218
119.105265 34.099030 3249.075967
119.181270 34.549981 3249.440661
119.258986 35.000933 3249.078781
119.338452 35.451885 3248.685313
119.419707 35.902836 3248.240517
119.502792 36.353788 3247.835988
119.587748 36.804739 3247.677361
119.674620 37.255691 3247.649023
119.763453 37.706643 3247.129498
119.854294 38.157594 3246.251842
119.947191 38.608546 3245.743896
120.042195 39.059497 3246.619100
120.139358 39.510449 3247.324788
120.238735 39.961401 3247.675903
120.340382 40.412352 3248.411056
120.444357 40.863304 3247.421681
120.550721 41.314255 3245.636299
120.659537 41.765207 3245.353696
120.770870 42.216159 3246.128555
118.079556 21.923337 3254.479372
118.121527 22.374288 3251.336959
118.164586 22.825240 3250.392847
118.208749 23.276191 3250.092010
118.254034 23.727143 3249.272354
118.300457 24.178095 3250.544509
118.348036 24.629046 3251.392690
118.396790 25.079998 3250.052183
118.446737 25.530949 3248.763525
118.497897 25.981901 3249.027982
118.550291 26.432853 3249.374212
118.603939 26.883804 3248.954494
118.658862 27.334756 3248.541743
118.715085 27.785707 3248.055404
118.772628 28.236659 3247.717393
118.831517 28.687611 3247.530072
118.891776 29.138562 3247.433915
118.953430 29.589514 3247.727648
119.016507 30.040465 3247.372486
119.081032 30.491417 3246.933444
119.147034 30.942369 3247.319653
119.214543 31.393320 3247.146597
119.283589 31.844272 3247.159326
119.354202 32.295223 3247.563700
119.426414 32.746175 3248.027719
119.500260 33.197127 3248.472931
119.575773 33.648078 3248.884338
119.652989 34.099030 3249.285081
119.731945 34.549981 3249.304017
119.812679 35.000933 3248.766540
119.895231 35.451885 3248.480898
119.979641 35.902836 3248.006378
120.065952 36.353788 3247.871382
120.154207 36.804739 3247.843365
120.244453 37.255691 3247.584109
120.336735 37.706643 3247.025173
120.431103 38.157594 3246.066857
120.527608 38.608546 3245.535512
120.626301 39.059497 3246.343508
120.727237 39.510449 3247.210973
120.830473 39.961401 3247.955509
120.936067 40.412352 3248.867552
121.044079 40.863304 3247.799809
121.154573 41.314255 3245.781129
121.267614 41.765207 3245.291200
121.383271 42.216159 3244.728608
118.568465 21.923337 3253.368382
118.612005 22.374288 3250.302328
118.656674 22.825240 3248.796039
118.702488 23.276191 3248.442740
118.749465 23.727143 3248.370708
118.797624 24.178095 3249.358071
118.846981 24.629046 3250.821248
118.897557 25.079998 3249.303395
118.949371 25.530949 3249.976844
119.002444 25.981901 3250.327617
119.056796 26.432853 3249.670807
119.112449 26.883804 3249.217324
119.169426 27.334756 3248.468470
119.227750 27.785707 3247.980517
119.287444 28.236659 3247.752944
119.348534 28.687611 3247.606868
119.411046 29.138562 3248.060130
119.475005 29.589514 3248.344593
119.540439 30.040465 3247.881363
119.607376 30.491417 3247.523238
119.675846 30.942369 3247.486637
119.745878 31.393320 3247.359789
119.817504 31.844272 3247.601182
119.890757 32.295223 3247.924986
119.965669 32.746175 3248.230189
120.042275 33.197127 3248.567375
120.120610 33.648078 3248.830848
120.200713 34.099030 3248.858054
120.282620 34.549981 3248.564227
120.366372 35.000933 3248.291762
120.452009 35.451885 3248.140773
120.539575 35.902836 3248.021293
120.629112 36.353788 3247.896318
120.720666 36.804739 3247.813286
120.814285 37.255691 3247.590598
120.910017 37.706643 3247.202186
121.007912 38.157594 3246.276203
121.108024 38.608546 3245.675406
121.210406 39.059497 3246.556824
121.315116 39.510449 3247.510650
121.422210 39.961401 3248.440256
121.531751 40.412352 3249.476397
121.643801 40.863304 3248.035800
121.758425 41.314255 3246.076808
121.875692 41.765207 3245.327237
121.995672 42.216159 3244.476231
119.057374 21.923337 3253.033107
119.102483 22.374288 3248.434574
119.148761 22.825240 3246.877984
119.196226 23.276191 3245.691572
119.244897 23.727143 3245.572671
119.294790 24.178095 3248.250560
119.345926 24.629046 3249.797397
119.398325 25.079998 3250.492067
119.452006 25.530949 3251.274332
119.506991 25.981901 3250.626546
119.563301 26.432853 3249.985365
119.620960 26.883804 3249.649532
119.679990 27.334756 3249.146195
119.740415 27.785707 3248.985765
119.802260 28.236659 3248.916419
119.865552 28.687611 3248.430864
119.930316 29.138562 3248.828946
119.996579 29.589514 3248.567778
120.064371 30.040465 3248.217337
120.133720 30.491417 3248.372294
120.204657 30.942369 3248.245586
120.277213 31.393320 3247.876875
120.351420 31.844272 3248.006609
120.427312 32.295223 3248.134113
120.504923 32.746175 3248.323233
120.584289 33.197127 3248.606332
120.665448 33.648078 3248.537193
120.748436 34.099030 3248.347849
120.833295 34.549981 3247.963482
120.920065 35.000933 3247.774904
121.008788 35.451885 3247.696722
121.099509 35.902836 3247.579752
121.192272 36.353788 3247.907237
121.287125 36.804739 3247.885939
121.384117 37.255691 3247.909375
121.483299 37.706643 3247.462417
121.584722 38.157594 3246.485765
121.688441 38.608546 3246.398058
121.794512 39.059497 3247.640629
121.902994 39.510449 3248.272445
119.546284 21.923337 3250.988507
119.592961 22.374288 3246.119303
119.640849 22.825240 3244.433433
119.689965 23.276191 3243.293019
119.740328 23.727143 3243.674879
119.791957 24.178095 3246.282047
119.844871 24.629046 3249.490061
119.899092 25.079998 3250.072817
119.954640 25.530949 3251.948274
120.011537 25.981901 3251.307886
120.069806 26.432853 3252.020818
120.129470 26.883804 3251.704277
120.190553 27.334756 3251.241090
120.253080 27.785707 3250.998184
120.317076 28.236659 3249.819629
120.382569 28.687611 3249.242752
120.449585 29.138562 3249.035690
120.518154 29.589514 3248.907408
120.588303 30.040465 3249.068119
120.660064 30.491417 3249.005315
120.733468 30.942369 3248.575818
120.808547 31.393320 3248.305078
120.885335 31.844272 3248.430693
120.963867 32.295223 3248.614918
121.044177 32.746175 3248.859968
121.126304 33.197127 3248.683118
121.210285 33.648078 3248.300045
121.296160 34.099030 3247.872002
121.383970 34.549981 3247.392929
121.473758 35.000933 3247.317065
121.565567 35.451885 3247.223436
121.659442 35.902836 3247.452885
121.755432 36.353788 3247.810346
121.853584 36.804739 3248.076626
121.953950 37.255691 3248.248745
120.035193 21.923337 3246.960771
120.083439 22.374288 3244.203932
120.132936 22.825240 3242.664343
120.183703 23.276191 3240.733832
120.235759 23.727143 3241.049014
120.289123 24.178095 3245.325230
120.343816 24.629046 3248.637783
120.399859 25.079998 3250.685098
120.457274 25.530949 3252.627032
120.516084 25.981901 3253.346418
120.576311 26.432853 3254.118174
120.637981 26.883804 3253.408562
120.701117 27.334756 3252.758328
120.765745 27.785707 3251.633134
120.831892 28.236659 3250.469033
120.899586 28.687611 3250.038862
120.968855 29.138562 3249.913687
121.039728 29.589514 3249.781950
121.112235 30.040465 3249.718576
121.186408 30.491417 3249.101825
121.262279 30.942369 3248.829728
121.339882 31.393320 3248.809991
121.419251 31.844272 3248.949931
121.500422 32.295223 3249.148379
121.583432 32.746175 3248.902535
121.668319 33.197127 3248.401534
121.755122 33.648078 3247.854571
121.843884 34.099030 3247.350241
121.934645 34.549981 3246.667337
120.524102 21.923337 3245.321080
120.573917 22.374288 3243.392957
120.625024 22.825240 3243.960796
120.677442 23.276191 3243.557368
120.731190 23.727143 3244.570891
120.786290 24.178095 3250.050217
120.842761 24.629046 3246.891199
120.900627 25.079998 3248.629380
120.959909 25.530949 3255.148516
121.020631 25.981901 3255.948320
121.082817 26.432853 3254.793471
121.146491 26.883804 3254.069141
121.211680 27.334756 3253.145931
121.278410 27.785707 3252.093898
121.346708 28.236659 3251.434482
121.416604 28.687611 3250.987743
121.488125 29.138562 3250.784365
121.561302 29.589514 3250.409368
121.636167 30.040465 3249.765999
121.712752 30.491417 3249.111616
121.791091 30.942369 3248.989733
121.871217 31.393320 3248.833266
121.953167 31.844272 3248.850892
121.013011 21.923337 3249.862382
121.064395 22.374288 3254.999157
121.117112 22.825240 3256.440233
121.171180 23.276191 3252.679648
121.226621 23.727143 3253.370954
121.283456 24.178095 3248.158715
121.341706 24.629046 3244.162569
121.401394 25.079998 3251.015196
121.462543 25.530949 3257.750248
121.525177 25.981901 3256.525695
121.589322 26.432853 3255.123988
121.655002 26.883804 3253.910919
121.722244 27.334756 3252.768599
121.791075 27.785707 3251.787213
121.861525 28.236659 3251.089883
121.933621 28.687611 3251.221877
121.501921 21.923337 3261.219130
121.554874 22.374288 3266.892149
121.609199 22.825240 3264.699394
121.664919 23.276191 3260.060949
121.722053 23.727143 3255.607183
121.780622 24.178095 3250.332520
121.840651 24.629046 3247.414871
121.902161 25.079998 3254.765411
121.965178 25.530949 3256.684446
121.990830 21.923337 3268.756562
