104.835320 21.832628 0.759351
104.834793 22.284584 1.158069
104.834252 22.736540 1.383354
104.833697 23.188497 1.769779
104.833128 23.640453 2.032638
104.832544 24.092409 2.086994
104.831946 24.544366 1.942936
104.831334 24.996322 2.035251
104.830706 25.448278 2.184678
104.830063 25.900235 2.209563
104.829404 26.352191 2.214378
104.828729 26.804147 2.101951
104.828039 27.256104 1.929226
104.827332 27.708060 1.819044
104.826608 28.160016 1.708179
104.825867 28.611973 1.602768
104.825109 29.063929 1.521637
104.824334 29.515885 1.519627
104.823540 29.967842 1.597887
104.822728 30.419798 1.687256
104.821898 30.871754 1.773885
104.821048 31.323711 1.876398
104.820180 31.775667 1.990760
104.819291 32.227623 2.156109
104.818382 32.679579 2.334849
104.817453 33.131536 2.382707
104.816502 33.583492 2.408679
104.815531 34.035448 2.456874
104.814537 34.487405 2.469846
104.813520 34.939361 2.473310
104.812481 35.391317 2.467797
104.811418 35.843274 2.425807
104.810332 36.295230 2.365396
104.809221 36.747186 2.305580
104.808084 37.199143 2.241049
104.806922 37.651099 2.151980
104.805734 38.103055 2.083069
104.804519 38.555012 2.056821
104.803276 39.006968 2.032489
104.802005 39.458924 1.950363
104.800705 39.910881 1.859322
104.799375 40.362837 1.826123
104.798014 40.814793 1.818621
104.796622 41.266750 1.730971
104.795198 41.718706 1.527533
104.793741 42.170662 1.160156
105.325169 21.832628 1.077744
105.326210 22.284584 1.544002
105.327278 22.736540 1.783076
105.328374 23.188497 2.212063
105.329497 23.640453 2.494148
105.330649 24.092409 2.431795
105.331830 24.544366 2.437807
105.333040 24.996322 2.598555
105.334280 25.448278 2.732905
105.335550 25.900235 2.804844
105.336851 26.352191 2.878224
105.338182 26.804147 2.771174
105.339546 27.256104 2.527992
105.340942 27.708060 2.367537
105.342371 28.160016 2.259102
105.343834 28.611973 2.152472
105.345330 29.063929 2.074729
105.346862 29.515885 2.068961
105.348429 29.967842 2.158261
105.350032 30.419798 2.278659
105.351671 30.871754 2.378216
105.353349 31.323711 2.471203
105.355064 31.775667 2.585043
105.356819 32.227623 2.745834
105.358613 32.679579 2.907938
105.360448 33.131536 2.992512
105.362325 33.583492 3.063444
105.364244 34.035448 3.125347
105.366206 34.487405 3.137395
105.368213 34.939361 3.144498
105.370265 35.391317 3.136686
105.372363 35.843274 3.084395
105.374509 36.295230 2.998504
105.376703 36.747186 2.914311
105.378947 37.199143 2.822584
105.381241 37.651099 2.722437
105.383588 38.103055 2.647143
105.385987 38.555012 2.612034
105.388441 39.006968 2.561013
105.390951 39.458924 2.421337
105.393519 39.910881 2.344510
105.396145 40.362837 2.323601
105.398831 40.814793 2.327456
105.401579 41.266750 2.244668
105.404391 41.718706 2.003447
105.407268 42.170662 1.548554
105.815018 21.832628 1.142101
105.817627 22.284584 1.633611
105.820304 22.736540 1.846840
105.823051 23.188497 2.111602
105.825867 23.640453 2.188414
105.828754 24.092409 2.111627
105.831714 24.544366 2.210643
105.834747 24.996322 2.370652
105.837854 25.448278 2.492550
105.841037 25.900235 2.632269
105.844297 26.352191 2.814294
105.847636 26.804147 2.815710
105.851054 27.256104 2.657659
105.854553 27.708060 2.544830
105.858135 28.160016 2.464218
105.861800 28.611973 2.379879
105.865552 29.063929 2.297005
105.869390 29.515885 2.258010
105.873317 29.967842 2.274044
105.877335 30.419798 2.334353
105.881445 30.871754 2.411482
105.885649 31.323711 2.492202
105.889949 31.775667 2.602225
105.894346 32.227623 2.752764
105.898844 32.679579 2.940609
105.903444 33.131536 3.092892
105.908147 33.583492 3.222201
105.912957 34.035448 3.308810
105.917876 34.487405 3.341310
105.922906 34.939361 3.353421
105.928049 35.391317 3.350054
105.933308 35.843274 3.312513
105.938686 36.295230 3.242092
105.944185 36.747186 3.161653
105.949809 37.199143 3.085966
105.955560 37.651099 3.006494
105.961441 38.103055 2.940061
105.967455 38.555012 2.899237
105.973607 39.006968 2.827960
105.979898 39.458924 2.691093
105.986333 39.910881 2.638088
105.992915 40.362837 2.654137
105.999648 40.814793 2.645367
106.006536 41.266750 2.528339
106.013583 41.718706 2.240080
106.020794 42.170662 1.725681
106.304867 21.832628 1.124756
106.309044 22.284584 1.587297
106.313331 22.736540 1.788367
106.317727 23.188497 1.973685
106.322236 23.640453 1.916472
106.326859 24.092409 1.878163
106.331597 24.544366 2.008490
106.336453 24.996322 2.124932
106.341428 25.448278 2.250756
106.346524 25.900235 2.411237
106.351744 26.352191 2.574509
106.357089 26.804147 2.621245
106.362561 27.256104 2.555553
106.368164 27.708060 2.522562
106.373898 28.160016 2.485529
106.379767 28.611973 2.421870
106.385773 29.063929 2.344301
106.391918 29.515885 2.270900
106.398206 29.967842 2.238375
106.404638 30.419798 2.248932
106.411218 30.871754 2.299841
106.417949 31.323711 2.395954
106.424833 31.775667 2.495732
106.431874 32.227623 2.633689
106.439075 32.679579 2.792061
106.446439 33.131536 2.963592
106.453970 33.583492 3.111140
106.461671 34.035448 3.193263
106.469546 34.487405 3.220737
106.477598 34.939361 3.218523
106.485833 35.391317 3.208680
106.494253 35.843274 3.198359
106.502863 36.295230 3.182689
106.511668 36.747186 3.163727
106.520671 37.199143 3.135464
106.529879 37.651099 3.088614
106.539294 38.103055 3.039002
106.548924 38.555012 3.007920
106.558772 39.006968 2.919702
106.568844 39.458924 2.768375
106.579147 39.910881 2.736938
106.589685 40.362837 2.753848
106.600465 40.814793 2.732088
106.611493 41.266750 2.601363
106.622776 41.718706 2.301437
106.634320 42.170662 1.771205
106.794716 21.832628 1.096685
106.800461 22.284584 1.503392
106.806357 22.736540 1.670342
106.812404 23.188497 1.804901
106.818606 23.640453 1.714253
106.824964 24.092409 1.758743
106.831481 24.544366 1.906099
106.838160 24.996322 1.983270
106.845002 25.448278 2.130550
106.852012 25.900235 2.265366
106.859191 26.352191 2.360102
106.866542 26.804147 2.408649
106.874069 27.256104 2.417459
106.881775 27.708060 2.433924
106.889662 28.160016 2.439316
106.897734 28.611973 2.411138
106.905994 29.063929 2.340240
106.914447 29.515885 2.234042
106.923095 29.967842 2.171319
106.931942 30.419798 2.199942
106.940992 30.871754 2.269792
106.950249 31.323711 2.359786
106.959718 31.775667 2.472579
106.969402 32.227623 2.568648
106.979306 32.679579 2.679974
106.989434 33.131536 2.807002
106.999792 33.583492 2.926517
107.010384 34.035448 2.992217
107.021215 34.487405 3.011084
107.032291 34.939361 3.009046
107.043617 35.391317 3.004575
107.055198 35.843274 3.006106
107.067040 36.295230 3.011084
107.079150 36.747186 3.018301
107.091534 37.199143 3.015198
107.104197 37.651099 2.995798
107.117148 38.103055 2.963652
107.130392 38.555012 2.927038
107.143937 39.006968 2.878751
107.157791 39.458924 2.708508
107.171961 39.910881 2.668493
107.186455 40.362837 2.690685
107.201282 40.814793 2.695236
107.216450 41.266750 2.532957
107.231969 41.718706 2.233337
107.247847 42.170662 1.745599
107.284564 21.832628 1.071778
107.291879 22.284584 1.451452
107.299383 22.736540 1.539118
107.307081 23.188497 1.618349
107.314975 23.640453 1.615626
107.323069 24.092409 1.734677
107.331365 24.544366 1.875137
107.339866 24.996322 1.964277
107.348576 25.448278 2.092766
107.357499 25.900235 2.183871
107.366637 26.352191 2.221924
107.375995 26.804147 2.270446
107.385577 27.256104 2.314262
107.395385 27.708060 2.337764
107.405425 28.160016 2.361032
107.415701 28.611973 2.350637
107.426216 29.063929 2.281101
107.436975 29.515885 2.152261
107.447983 29.967842 2.060121
107.459245 30.419798 2.059584
107.470765 30.871754 2.136700
107.482549 31.323711 2.268594
107.494602 31.775667 2.387950
107.506929 32.227623 2.479168
107.519537 32.679579 2.559146
107.532430 33.131536 2.635862
107.545615 33.583492 2.704914
107.559098 34.035448 2.785026
107.572885 34.487405 2.841149
107.586984 34.939361 2.841880
107.601401 35.391317 2.841992
107.616143 35.843274 2.851165
107.631217 36.295230 2.869069
107.646633 36.747186 2.892312
107.662396 37.199143 2.903502
107.678516 37.651099 2.898889
107.695001 38.103055 2.876762
107.711860 38.555012 2.846423
107.729103 39.006968 2.765720
107.746738 39.458924 2.557737
107.764775 39.910881 2.512270
107.783225 40.362837 2.566995
107.802099 40.814793 2.571738
107.821407 41.266750 2.399599
107.841161 41.718706 2.113650
107.861373 42.170662 1.678863
107.774413 21.832628 0.772887
107.783296 22.284584 1.196627
107.792410 22.736540 1.378569
107.801758 23.188497 1.468727
107.811345 23.640453 1.586657
107.821174 24.092409 1.702832
107.831248 24.544366 1.800759
107.841573 24.996322 1.918868
107.852150 25.448278 2.043973
107.862986 25.900235 2.122606
107.874084 26.352191 2.157268
107.885449 26.804147 2.183801
107.897084 27.256104 2.213689
107.908996 27.708060 2.226518
107.921189 28.160016 2.240153
107.933667 28.611973 2.243065
107.946437 29.063929 2.189301
107.959503 29.515885 2.092252
107.972872 29.967842 2.028040
107.986548 30.419798 1.997487
108.000539 30.871754 2.013667
108.014849 31.323711 2.095354
108.029487 31.775667 2.223276
108.044457 32.227623 2.324041
108.059768 32.679579 2.390812
108.075425 33.131536 2.451430
108.091437 33.583492 2.543024
108.107811 34.035448 2.625156
108.124555 34.487405 2.696690
108.141676 34.939361 2.693637
108.159184 35.391317 2.698497
108.177088 35.843274 2.715056
108.195395 36.295230 2.741759
108.214115 36.747186 2.771937
108.233258 37.199143 2.792392
108.252835 37.651099 2.795180
108.272855 38.103055 2.782673
108.293329 38.555012 2.761040
108.314268 39.006968 2.638808
108.335684 39.458924 2.406932
108.357589 39.910881 2.347978
108.379995 40.362837 2.373029
108.402916 40.814793 2.394759
108.426364 41.266750 2.265654
108.450354 41.718706 2.013698
108.474900 42.170662 1.616547
108.264262 21.832628 0.646212
108.274713 22.284584 1.058302
108.285436 22.736540 1.277753
108.296435 23.188497 1.422925
108.307714 23.640453 1.584626
108.319279 24.092409 1.622789
108.331132 24.544366 1.656401
108.343279 24.996322 1.822079
108.355725 25.448278 1.989183
108.368473 25.900235 2.066463
108.381531 26.352191 2.091673
108.394902 26.804147 2.088436
108.408592 27.256104 2.070130
108.422607 27.708060 2.083086
108.436952 28.160016 2.105503
108.451634 28.611973 2.126558
108.466658 29.063929 2.111162
108.482032 29.515885 2.077324
108.497760 29.967842 2.069797
108.513852 30.419798 2.045176
108.530312 30.871754 2.022481
108.547150 31.323711 2.072271
108.564371 31.775667 2.169267
108.581985 32.227623 2.246371
108.599998 32.679579 2.291458
108.618420 33.131536 2.331665
108.637259 33.583492 2.399767
108.656524 34.035448 2.473210
108.676224 34.487405 2.526208
108.696369 34.939361 2.547699
108.716968 35.391317 2.566267
108.738032 35.843274 2.594783
108.759572 36.295230 2.628104
108.781597 36.747186 2.659159
108.804121 37.199143 2.678968
108.827154 37.651099 2.685774
108.850708 38.103055 2.680162
108.874797 38.555012 2.641511
108.899433 39.006968 2.491398
108.924631 39.458924 2.272401
108.950403 39.910881 2.223453
108.976766 40.362837 2.244540
109.003733 40.814793 2.281370
109.031321 41.266750 2.204511
109.059546 41.718706 1.981625
109.088426 42.170662 1.606468
108.754111 21.832628 0.645675
108.766130 22.284584 1.052009
108.778462 22.736540 1.254829
108.791112 23.188497 1.403319
108.804084 23.640453 1.485944
108.817383 24.092409 1.484155
108.831016 24.544366 1.522789
108.844985 24.996322 1.716730
108.859299 25.448278 1.881060
108.873961 25.900235 1.953648
108.888978 26.352191 1.949980
108.904355 26.804147 1.914081
108.920100 27.256104 1.854484
108.936218 27.708060 1.856617
108.952716 28.160016 1.926952
108.969601 28.611973 2.001038
108.986880 29.063929 2.051256
109.004560 29.515885 2.101392
109.022649 29.967842 2.165844
109.041155 30.419798 2.168256
109.060086 30.871754 2.143904
109.079450 31.323711 2.176768
109.099256 31.775667 2.234992
109.119513 32.227623 2.261859
109.140229 32.679579 2.254884
109.161416 33.131536 2.243386
109.183082 33.583492 2.283186
109.205238 34.035448 2.331981
109.227894 34.487405 2.359453
109.251062 34.939361 2.393245
109.274752 35.391317 2.420319
109.298977 35.843274 2.435906
109.323749 36.295230 2.456255
109.349080 36.747186 2.464777
109.374983 37.199143 2.470657
109.401472 37.651099 2.463396
109.428562 38.103055 2.429533
109.456265 38.555012 2.363500
109.484599 39.006968 2.265414
109.513577 39.458924 2.180473
109.543217 39.910881 2.169795
109.573536 40.362837 2.224612
109.604550 40.814793 2.292073
109.636278 41.266750 2.243123
109.668739 41.718706 2.058897
109.701952 42.170662 1.657739
109.243960 21.832628 0.664279
109.257547 22.284584 1.085443
109.271488 22.736540 1.298077
109.285789 23.188497 1.363730
109.300453 23.640453 1.400712
109.315488 24.092409 1.392539
109.330899 24.544366 1.435319
109.346692 24.996322 1.611078
109.362873 25.448278 1.770128
109.379448 25.900235 1.850723
109.396424 26.352191 1.828608
109.413808 26.804147 1.731647
109.431607 27.256104 1.626396
109.449828 27.708060 1.619573
109.468479 28.160016 1.697202
109.487567 28.611973 1.819518
109.507101 29.063929 1.934134
109.527088 29.515885 2.046794
109.547538 29.967842 2.118999
109.568458 30.419798 2.138920
109.589859 30.871754 2.169299
109.611750 31.323711 2.235008
109.634140 31.775667 2.271864
109.657040 32.227623 2.239738
109.680460 32.679579 2.197002
109.704411 33.131536 2.174395
109.728904 33.583492 2.188932
109.753951 34.035448 2.216587
109.779564 34.487405 2.223598
109.805754 34.939361 2.237593
109.832536 35.391317 2.232608
109.859922 35.843274 2.236502
109.887926 36.295230 2.257427
109.916562 36.747186 2.272096
109.945846 37.199143 2.265523
109.975791 37.651099 2.237351
110.006415 38.103055 2.166263
110.037734 38.555012 2.070788
110.069764 39.006968 2.013003
110.102524 39.458924 2.048590
110.136032 39.910881 2.126959
110.170306 40.362837 2.249431
110.205367 40.814793 2.355080
110.241235 41.266750 2.352378
110.277932 41.718706 2.157721
110.315479 42.170662 1.697849
109.733809 21.832628 0.649921
109.748965 22.284584 1.047984
109.764515 22.736540 1.269098
109.780466 23.188497 1.340595
109.796823 23.640453 1.400522
109.813593 24.092409 1.398536
109.830783 24.544366 1.402234
109.848398 24.996322 1.555499
109.866447 25.448278 1.776247
109.884935 25.900235 1.907122
109.903871 26.352191 1.835490
109.923262 26.804147 1.674188
109.943115 27.256104 1.536938
109.963439 27.708060 1.495245
109.984243 28.160016 1.544463
110.005534 28.611973 1.629897
110.027322 29.063929 1.744298
110.049616 29.515885 1.882322
110.072426 29.967842 2.001659
110.095762 30.419798 2.077494
110.119633 30.871754 2.169991
110.144050 31.323711 2.287536
110.169025 31.775667 2.289242
110.194568 32.227623 2.158879
110.220691 32.679579 2.060887
110.247407 33.131536 2.027103
110.274727 33.583492 2.044361
110.302665 34.035448 2.073392
110.331233 34.487405 2.095358
110.360447 34.939361 2.107791
110.390320 35.391317 2.093883
110.420867 35.843274 2.092379
110.452103 36.295230 2.120846
110.484045 36.747186 2.144077
110.516708 37.199143 2.127203
110.550110 37.651099 2.079773
110.584269 38.103055 1.993700
110.619202 38.555012 1.927113
110.654930 39.006968 1.924626
110.691471 39.458924 1.999743
110.728846 39.910881 2.148602
110.767076 40.362837 2.337483
110.806184 40.814793 2.426140
110.846192 41.266750 2.383008
110.887124 41.718706 2.192817
110.929005 42.170662 1.728601
110.223658 21.832628 0.611591
110.240382 22.284584 0.998644
110.257541 22.736540 1.265437
110.275142 23.188497 1.312505
110.293192 23.640453 1.377700
110.311698 24.092409 1.427954
110.330667 24.544366 1.468071
110.350105 24.996322 1.616954
110.370021 25.448278 1.847063
110.390423 25.900235 1.972060
110.411318 26.352191 1.864191
110.432715 26.804147 1.705818
110.454623 27.256104 1.609195
110.477050 27.708060 1.540585
110.500006 28.160016 1.512218
110.523501 28.611973 1.526244
110.547543 29.063929 1.586868
110.572145 29.515885 1.726585
110.597315 29.967842 1.893567
110.623065 30.419798 2.018255
110.649406 30.871754 2.134040
110.676350 31.323711 2.227188
110.703909 31.775667 2.163888
110.732096 32.227623 2.006805
110.760922 32.679579 1.881643
110.790402 33.131536 1.875652
110.820549 33.583492 1.906788
110.851378 34.035448 1.937058
110.882903 34.487405 1.948277
110.915140 34.939361 1.967321
110.948104 35.391317 1.984270
110.981812 35.843274 1.996810
111.016280 36.295230 2.034617
111.051527 36.747186 2.067742
111.087570 37.199143 2.065347
111.124429 37.651099 2.041669
111.162122 38.103055 1.989144
111.200670 38.555012 1.947504
111.240095 39.006968 1.975873
111.280417 39.458924 2.122023
111.321660 39.910881 2.309176
111.363846 40.362837 2.392975
111.407001 40.814793 2.409740
111.451149 41.266750 2.355437
111.496317 41.718706 2.172617
111.542531 42.170662 1.730739
110.713507 21.832628 0.651574
110.731799 22.284584 1.131381
110.750567 22.736540 1.373209
110.769819 23.188497 1.302870
110.789562 23.640453 1.333278
110.809803 24.092409 1.443746
110.830550 24.544366 1.553238
110.851811 24.996322 1.709091
110.873595 25.448278 1.836904
110.895910 25.900235 1.880403
110.918764 26.352191 1.768657
110.942168 26.804147 1.669247
110.966130 27.256104 1.649783
110.990661 27.708060 1.603704
111.015770 28.160016 1.538012
111.041467 28.611973 1.497489
111.067765 29.063929 1.500723
111.094673 29.515885 1.594244
111.122203 29.967842 1.730855
111.150368 30.419798 1.818738
111.179180 30.871754 1.888234
111.208651 31.323711 1.954620
111.238794 31.775667 1.923791
111.269623 32.227623 1.816794
111.301153 32.679579 1.701913
111.333397 33.131536 1.738158
111.366372 33.583492 1.796282
111.400091 34.035448 1.811473
111.434573 34.487405 1.809319
111.469833 34.939361 1.832626
111.505888 35.391317 1.883641
111.542757 35.843274 1.937873
111.580457 36.295230 1.999765
111.619009 36.747186 2.058862
111.658433 37.199143 2.101821
111.698748 37.651099 2.130779
111.739976 38.103055 2.148964
111.782139 38.555012 2.166223
111.825260 39.006968 2.226976
111.869364 39.458924 2.312953
111.914474 39.910881 2.353588
111.960616 40.362837 2.380790
112.007818 40.814793 2.380053
112.056106 41.266750 2.314218
112.105509 41.718706 2.112961
112.156058 42.170662 1.690528
111.203356 21.832628 0.806653
111.223216 22.284584 1.336220
111.243594 22.736540 1.398173
111.264496 23.188497 1.298185
111.285932 23.640453 1.314139
111.307908 24.092409 1.430591
111.330434 24.544366 1.569435
111.353518 24.996322 1.659595
111.377169 25.448278 1.689520
111.401397 25.900235 1.704866
111.426211 26.352191 1.620214
111.451621 26.804147 1.571507
111.477638 27.256104 1.598615
111.504271 27.708060 1.566853
111.531533 28.160016 1.520901
111.559434 28.611973 1.446284
111.587986 29.063929 1.390592
111.617201 29.515885 1.442732
111.647092 29.967842 1.515654
111.677672 30.419798 1.561246
111.708953 30.871754 1.627505
111.740951 31.323711 1.699665
111.773678 31.775667 1.714320
111.807151 32.227623 1.635437
111.841384 32.679579 1.560572
111.876393 33.131536 1.603877
111.912194 33.583492 1.699159
111.948805 34.035448 1.693152
111.986242 34.487405 1.688861
112.024525 34.939361 1.740630
112.063672 35.391317 1.823811
112.103701 35.843274 1.891759
112.144635 36.295230 1.962150
112.186492 36.747186 2.044146
112.229295 37.199143 2.122549
112.273066 37.651099 2.179324
112.317829 38.103055 2.204079
112.363607 38.555012 2.225457
112.410426 39.006968 2.256049
112.458310 39.458924 2.288463
112.507288 39.910881 2.336477
112.557387 40.362837 2.385869
112.608635 40.814793 2.351467
112.661063 41.266750 2.264322
112.714702 41.718706 2.054285
112.769584 42.170662 1.622564
111.693205 21.832628 0.905925
111.714633 22.284584 1.327734
111.736620 22.736540 1.354966
111.759173 23.188497 1.273964
111.782301 23.640453 1.328850
111.806013 24.092409 1.467180
111.830317 24.544366 1.614796
111.855224 24.996322 1.653671
111.880743 25.448278 1.620862
111.906884 25.900235 1.616063
111.933658 26.352191 1.514009
111.961075 26.804147 1.445261
111.989146 27.256104 1.454398
112.017882 27.708060 1.455989
112.047297 28.160016 1.423560
112.077401 28.611973 1.320326
112.108207 29.063929 1.269794
112.139729 29.515885 1.307210
112.171981 29.967842 1.379528
112.204975 30.419798 1.417062
112.238727 30.871754 1.471344
112.273251 31.323711 1.551887
112.308563 31.775667 1.596881
112.344679 32.227623 1.550243
112.381615 32.679579 1.483494
112.419388 33.131536 1.491704
112.458017 33.583492 1.584500
112.497518 34.035448 1.594292
112.537912 34.487405 1.598384
112.579218 34.939361 1.666351
112.621456 35.391317 1.796050
112.664646 35.843274 1.858465
112.708812 36.295230 1.902696
112.753974 36.747186 1.974503
112.800157 37.199143 2.055360
112.847385 37.651099 2.115115
112.895682 38.103055 2.133495
112.945075 38.555012 2.148358
112.995591 39.006968 2.191365
113.047257 39.458924 2.234244
113.100102 39.910881 2.259653
113.154157 40.362837 2.302410
113.209452 40.814793 2.332600
113.266020 41.266750 2.257796
113.323894 41.718706 2.026477
113.383110 42.170662 1.565362
112.183054 21.832628 0.851230
112.206050 22.284584 1.222626
112.229646 22.736540 1.222052
112.253850 23.188497 1.171053
112.278671 23.640453 1.324506
112.304118 24.092409 1.518318
112.330201 24.544366 1.631856
112.356931 24.996322 1.644383
112.384318 25.448278 1.587831
112.412372 25.900235 1.549517
112.441105 26.352191 1.409348
112.470528 26.804147 1.304779
112.500653 27.256104 1.291085
112.531493 27.708060 1.313269
112.563060 28.160016 1.295198
112.595367 28.611973 1.236544
112.628429 29.063929 1.234167
112.662258 29.515885 1.271757
112.696869 29.967842 1.334478
112.732278 30.419798 1.351788
112.768500 30.871754 1.395507
112.805551 31.323711 1.491099
112.843447 31.775667 1.581261
112.882206 32.227623 1.577014
112.921846 32.679579 1.484027
112.962383 33.131536 1.420360
113.003839 33.583492 1.439040
113.046232 34.035448 1.459902
113.089582 34.487405 1.498439
113.133911 34.939361 1.563302
113.179239 35.391317 1.706299
113.225591 35.843274 1.785870
113.272989 36.295230 1.786838
113.321457 36.747186 1.823299
113.371020 37.199143 1.879923
113.421704 37.651099 1.921475
113.473536 38.103055 1.922293
113.526544 38.555012 1.964496
113.580756 39.006968 2.084393
113.636203 39.458924 2.190953
113.692916 39.910881 2.193575
113.750927 40.362837 2.239143
113.810269 40.814793 2.351592
113.870977 41.266750 2.380298
113.933087 41.718706 2.124038
113.996637 42.170662 1.569507
112.672903 21.832628 0.766590
112.697468 22.284584 1.086227
112.722673 22.736540 1.065593
112.748527 23.188497 1.027233
112.775040 23.640453 1.243289
112.802223 24.092409 1.483513
112.830085 24.544366 1.621810
112.858637 24.996322 1.631981
112.887892 25.448278 1.573825
112.917859 25.900235 1.516251
112.948551 26.352191 1.396125
112.979981 26.804147 1.311182
113.012161 27.256104 1.299576
113.045104 27.708060 1.308097
113.078824 28.160016 1.302774
113.113334 28.611973 1.292774
113.148650 29.063929 1.310925
113.184786 29.515885 1.323991
113.221758 29.967842 1.349245
113.259582 30.419798 1.263969
113.298274 30.871754 1.264245
113.337851 31.323711 1.430029
113.378332 31.775667 1.575792
113.419734 32.227623 1.584498
113.462076 32.679579 1.480539
113.505379 33.131536 1.402237
113.549661 33.583492 1.392192
113.594945 34.035448 1.400175
113.641252 34.487405 1.432023
113.688603 34.939361 1.490140
113.737023 35.391317 1.576572
113.786536 35.843274 1.631970
113.837166 36.295230 1.625175
113.888939 36.747186 1.634891
113.941882 37.199143 1.654753
113.996023 37.651099 1.653505
114.051389 38.103055 1.640159
114.108012 38.555012 1.724476
114.165922 39.006968 1.938976
114.225150 39.458924 2.137283
114.285730 39.910881 2.165201
114.347697 40.362837 2.222070
114.411086 40.814793 2.426387
114.475934 41.266750 2.606584
114.542280 41.718706 2.434178
114.610163 42.170662 1.660024
113.162751 21.832628 0.690305
113.188885 22.284584 0.990973
113.215699 22.736540 1.005460
113.243204 23.188497 0.994093
113.271410 23.640453 1.224376
113.300327 24.092409 1.454215
113.329968 24.544366 1.576776
113.360344 24.996322 1.560984
113.391466 25.448278 1.590555
113.423346 25.900235 1.628931
113.455998 26.352191 1.561392
113.489434 26.804147 1.454691
113.523668 27.256104 1.405748
113.558715 27.708060 1.383085
113.594587 28.160016 1.383944
113.631301 28.611973 1.403063
113.668871 29.063929 1.449641
113.707314 29.515885 1.423541
113.746647 29.967842 1.363935
113.786885 30.419798 1.119741
113.828047 30.871754 1.119222
113.870151 31.323711 1.366598
113.913216 31.775667 1.512642
113.957262 32.227623 1.478346
114.002307 32.679579 1.395571
114.048374 33.131536 1.338320
114.095484 33.583492 1.327904
114.143658 34.035448 1.354771
114.192921 34.487405 1.402443
114.243296 34.939361 1.434909
114.294807 35.391317 1.448612
114.347481 35.843274 1.451093
114.401343 36.295230 1.455931
114.456421 36.747186 1.462350
114.512744 37.199143 1.462756
114.570341 37.651099 1.445913
114.629243 38.103055 1.411002
114.689480 38.555012 1.466665
114.751087 39.006968 1.676668
114.814097 39.458924 1.908031
114.878544 39.910881 2.049455
114.944467 40.362837 2.174120
115.011903 40.814793 2.353589
115.080891 41.266750 2.593726
115.151472 41.718706 2.680190
115.223689 42.170662 1.754861
113.652600 21.832628 0.622916
113.680302 22.284584 0.943124
113.708725 22.736540 1.043580
113.737880 23.188497 1.094218
113.767779 23.640453 1.303203
113.798432 24.092409 1.508823
113.829852 24.544366 1.569044
113.862050 24.996322 1.535518
113.895040 25.448278 1.645877
113.928834 25.900235 1.755825
113.963445 26.352191 1.668509
113.998888 26.804147 1.505508
114.035176 27.256104 1.430902
114.072325 27.708060 1.443001
114.110350 28.160016 1.444519
114.149267 28.611973 1.516417
114.189093 29.063929 1.559335
114.229843 29.515885 1.491853
114.271535 29.967842 1.367760
114.314188 30.419798 1.164501
114.357821 30.871754 1.231950
114.402452 31.323711 1.402372
114.448101 31.775667 1.462544
114.494789 32.227623 1.375516
114.542538 32.679579 1.254644
114.591370 33.131536 1.126753
114.641306 33.583492 1.096553
114.692372 34.035448 1.174221
114.744591 34.487405 1.264630
114.797989 34.939361 1.323786
114.852591 35.391317 1.331641
114.908426 35.843274 1.330553
114.965520 36.295230 1.336301
115.023904 36.747186 1.329348
115.083607 37.199143 1.334644
115.144660 37.651099 1.332721
115.207096 38.103055 1.304623
115.270949 38.555012 1.322365
115.336252 39.006968 1.443766
115.403043 39.458924 1.605735
115.471359 39.910881 1.752955
115.541237 40.362837 1.914789
115.612720 40.814793 2.217056
115.685848 41.266750 2.511084
115.760665 41.718706 2.671832
115.837216 42.170662 1.800495
114.142449 21.832628 0.604904
114.171719 22.284584 0.954452
114.201751 22.736540 1.128803
114.232557 23.188497 1.211398
114.264149 23.640453 1.342880
114.296537 24.092409 1.493491
114.329736 24.544366 1.585801
114.363757 24.996322 1.532782
114.398614 25.448278 1.560093
114.434321 25.900235 1.603407
114.470892 26.352191 1.508564
114.508341 26.804147 1.369036
114.546684 27.256104 1.375607
114.585936 27.708060 1.384226
114.626114 28.160016 1.403731
114.667234 28.611973 1.503586
114.709314 29.063929 1.590456
114.752371 29.515885 1.507437
114.796424 29.967842 1.370486
114.841492 30.419798 1.298109
114.887594 30.871754 1.425028
114.934752 31.323711 1.512292
114.982985 31.775667 1.438800
115.032317 32.227623 1.312357
115.082769 32.679579 1.184123
115.134365 33.131536 1.003462
115.187129 33.583492 0.977040
115.241085 34.035448 1.051331
115.296261 34.487405 1.144348
115.352681 34.939361 1.202835
115.410375 35.391317 1.228109
115.469370 35.843274 1.244884
115.529697 36.295230 1.272718
115.591386 36.747186 1.266811
115.654469 37.199143 1.264456
115.718979 37.651099 1.277700
115.784950 38.103055 1.265800
115.852417 38.555012 1.267371
115.921418 39.006968 1.286807
115.991990 39.458924 1.370592
116.064173 39.910881 1.494894
116.138007 40.362837 1.706917
116.213537 40.814793 2.036662
116.290805 41.266750 2.338533
116.369857 41.718706 2.539606
116.450742 42.170662 1.952520
114.632298 21.832628 0.613421
114.663136 22.284584 0.970778
114.694778 22.736540 1.168164
114.727234 23.188497 1.288457
114.760518 23.640453 1.342689
114.794642 24.092409 1.420510
114.829619 24.544366 1.541467
114.865463 24.996322 1.509240
114.902188 25.448278 1.417468
114.939808 25.900235 1.392595
114.978338 26.352191 1.377825
115.017794 26.804147 1.331416
115.058191 27.256104 1.339393
115.099547 27.708060 1.297948
115.141877 28.160016 1.308529
115.185201 28.611973 1.409657
115.229535 29.063929 1.448446
115.274899 29.515885 1.402987
115.321312 29.967842 1.341508
115.368795 30.419798 1.444477
115.417368 30.871754 1.641625
115.467052 31.323711 1.616110
115.517870 31.775667 1.404623
115.569845 32.227623 1.255370
115.623000 32.679579 1.138282
115.677360 33.131536 0.965113
115.732951 33.583492 0.914422
115.789799 34.035448 0.954405
115.847930 34.487405 1.032154
115.907374 34.939361 1.106485
115.968159 35.391317 1.161613
116.030315 35.843274 1.168570
116.093874 36.295230 1.166726
116.158869 36.747186 1.164230
116.225331 37.199143 1.188779
116.293298 37.651099 1.228507
116.362803 38.103055 1.244069
116.433885 38.555012 1.234581
116.506583 39.006968 1.234793
116.580936 39.458924 1.261684
116.656987 39.910881 1.366845
116.734778 40.362837 1.573033
116.814354 40.814793 1.840651
116.895762 41.266750 2.103774
116.979050 41.718706 2.354217
117.064269 42.170662 1.863251
115.122147 21.832628 0.596748
115.154554 22.284584 0.942365
115.187804 22.736540 1.149562
115.221911 23.188497 1.305724
115.256888 23.640453 1.332023
115.292747 24.092409 1.350317
115.329503 24.544366 1.467684
115.367170 24.996322 1.516356
115.405762 25.448278 1.441418
115.445295 25.900235 1.413070
115.485785 26.352191 1.458410
115.527247 26.804147 1.448150
115.569699 27.256104 1.407698
115.613158 27.708060 1.298382
115.657641 28.160016 1.234541
115.703167 28.611973 1.238658
115.749756 29.063929 1.256759
115.797427 29.515885 1.270092
115.846201 29.967842 1.317014
115.896098 30.419798 1.515096
115.947141 30.871754 1.739758
115.999352 31.323711 1.631289
116.052755 31.775667 1.353178
116.107372 32.227623 1.198188
116.163231 32.679579 1.093916
116.220356 33.131536 0.939930
116.278774 33.583492 0.865251
116.338512 34.035448 0.865252
116.399600 34.487405 0.890046
116.462067 34.939361 0.919550
116.525943 35.391317 0.953501
116.591260 35.843274 0.985490
116.658052 36.295230 0.993691
116.726351 36.747186 0.997244
116.796194 37.199143 1.011889
116.867616 37.651099 1.070467
116.940657 38.103055 1.184792
117.015354 38.555012 1.219918
117.091748 39.006968 1.206081
117.169883 39.458924 1.198217
117.249801 39.910881 1.283119
117.331548 40.362837 1.444392
117.415171 40.814793 1.665701
117.500719 41.266750 1.935533
117.588242 41.718706 2.225664
117.677795 42.170662 1.770298
115.611996 21.832628 0.569106
115.645971 22.284584 0.910294
115.680830 22.736540 1.100785
115.716588 23.188497 1.255586
115.753257 23.640453 1.287971
115.790852 24.092409 1.300148
115.829387 24.544366 1.401873
115.868876 24.996322 1.511917
115.909336 25.448278 1.520836
115.950783 25.900235 1.524509
115.993232 26.352191 1.551398
116.036700 26.804147 1.555550
116.081207 27.256104 1.464223
116.126768 27.708060 1.342921
116.173404 28.160016 1.210541
116.221134 28.611973 1.137236
116.269978 29.063929 1.142552
116.319956 29.515885 1.195060
116.371090 29.967842 1.257520
116.423402 30.419798 1.410108
116.476915 30.871754 1.579733
116.531652 31.323711 1.491356
116.587639 31.775667 1.291455
116.644900 32.227623 1.175506
116.703462 32.679579 1.068848
116.763351 33.131536 0.953205
116.824596 33.583492 0.875458
116.887226 34.035448 0.867667
116.951270 34.487405 0.887026
117.016759 34.939361 0.914131
117.083727 35.391317 0.936315
117.152205 35.843274 0.952346
117.222229 36.295230 0.958212
117.293833 36.747186 0.947144
117.367056 37.199143 0.933311
117.441935 37.651099 0.982104
117.518510 38.103055 1.059242
117.596822 38.555012 1.088963
117.676914 39.006968 1.061989
117.758830 39.458924 1.074981
117.842615 39.910881 1.178904
117.928318 40.362837 1.355739
118.015988 40.814793 1.582128
118.105676 41.266750 1.849228
118.197435 41.718706 2.104109
118.291321 42.170662 1.708234
116.101845 21.832628 0.568431
116.137388 22.284584 0.903280
116.173857 22.736540 1.050883
116.211265 23.188497 1.167071
116.249627 23.640453 1.238885
116.288957 24.092409 1.300605
116.329270 24.544366 1.396306
116.370583 24.996322 1.497640
116.412910 25.448278 1.557116
116.456270 25.900235 1.587566
116.500678 26.352191 1.588009
116.546154 26.804147 1.554805
116.592714 27.256104 1.495294
116.640379 27.708060 1.376433
116.689168 28.160016 1.233096
116.739101 28.611973 1.130021
116.790199 29.063929 1.134121
116.842484 29.515885 1.206634
116.895978 29.967842 1.234340
116.950705 30.419798 1.269100
117.006688 30.871754 1.300322
117.063953 31.323711 1.256500
117.122524 31.775667 1.210514
117.182428 32.227623 1.172632
117.243693 32.679579 1.062302
117.306346 33.131536 1.008607
117.370418 33.583492 0.950863
117.435939 34.035448 0.939485
117.502939 34.487405 0.985082
117.571452 34.939361 1.047090
117.641511 35.391317 1.068252
117.713150 35.843274 1.075501
117.786406 36.295230 1.059683
117.861316 36.747186 1.027193
117.937919 37.199143 0.984744
118.016254 37.651099 0.966955
118.096364 38.103055 0.997933
118.178290 38.555012 1.001649
118.262079 39.006968 0.953307
118.347776 39.458924 0.967531
118.435429 39.910881 1.085902
118.525088 40.362837 1.289459
118.616805 40.814793 1.516526
118.710633 41.266750 1.738114
118.806628 41.718706 1.900465
118.904848 42.170662 1.540483
116.591694 21.832628 0.561523
116.628805 22.284584 0.888307
116.666883 22.736540 1.009029
116.705942 23.188497 1.101971
116.745996 23.640453 1.203133
116.787062 24.092409 1.316586
116.829154 24.544366 1.422432
116.872289 24.996322 1.490576
116.916485 25.448278 1.554723
116.961757 25.900235 1.607533
117.008125 26.352191 1.608354
117.055607 26.804147 1.563357
117.104222 27.256104 1.542095
117.153990 27.708060 1.459737
117.204931 28.160016 1.328603
117.257068 28.611973 1.203333
117.310420 29.063929 1.217014
117.365012 29.515885 1.297195
117.420867 29.967842 1.303416
117.478008 30.419798 1.265836
117.536462 30.871754 1.194960
117.596253 31.323711 1.157418
117.657408 31.775667 1.159771
117.719956 32.227623 1.150517
117.783924 32.679579 1.052655
117.849342 33.131536 1.039082
117.916241 33.583492 1.035593
117.984652 34.035448 1.067152
118.054609 34.487405 1.138940
118.126145 34.939361 1.160999
118.199294 35.391317 1.166709
118.274095 35.843274 1.172773
118.350583 36.295230 1.174513
118.428798 36.747186 1.116458
118.508781 37.199143 1.041738
118.590573 37.651099 0.982125
118.674217 38.103055 0.963688
118.759759 38.555012 0.992697
118.847245 39.006968 0.941529
118.936723 39.458924 0.942275
119.028243 39.910881 1.040634
119.121858 40.362837 1.189370
119.217622 40.814793 1.409747
119.315590 41.266750 1.552996
119.415820 41.718706 1.663650
119.518374 42.170662 1.339633
117.081543 21.832628 0.519260
117.120222 22.284584 0.859884
117.159909 22.736540 1.000536
117.200619 23.188497 1.094272
117.242366 23.640453 1.207925
117.285167 24.092409 1.296522
117.329038 24.544366 1.387850
117.373996 24.996322 1.462708
117.420059 25.448278 1.541000
117.467244 25.900235 1.621801
117.515572 26.352191 1.594098
117.565060 26.804147 1.514356
117.615730 27.256104 1.524017
117.667601 27.708060 1.510656
117.720695 28.160016 1.421444
117.775034 28.611973 1.283098
117.830642 29.063929 1.291643
117.887541 29.515885 1.348922
117.945756 29.967842 1.377589
118.005312 30.419798 1.345494
118.066235 30.871754 1.189217
118.128553 31.323711 1.106136
118.192293 31.775667 1.090131
118.257483 32.227623 1.082883
118.324154 32.679579 1.037474
118.392337 33.131536 1.037822
118.462063 33.583492 1.072603
118.533366 34.035448 1.129965
118.606279 34.487405 1.125675
118.680837 34.939361 1.123774
118.757078 35.391317 1.129998
118.835039 35.843274 1.136226
118.914760 36.295230 1.138225
118.996281 36.747186 1.132159
119.079643 37.199143 1.072561
119.164891 37.651099 0.987755
119.252070 38.103055 0.948974
119.341227 38.555012 0.979490
119.432410 39.006968 0.964490
119.525669 39.458924 0.928278
119.621057 39.910881 0.987485
119.718628 40.362837 1.130341
119.818439 40.814793 1.291239
119.920547 41.266750 1.377019
120.025013 41.718706 1.479460
120.131900 42.170662 1.194789
117.571392 21.832628 0.403357
117.611639 22.284584 0.794714
117.652936 22.736540 0.999172
117.695295 23.188497 1.108303
117.738735 23.640453 1.170430
117.783272 24.092409 1.208830
117.828921 24.544366 1.267030
117.875702 24.996322 1.363727
117.923633 25.448278 1.478025
117.972732 25.900235 1.553494
118.023019 26.352191 1.481971
118.074513 26.804147 1.404614
118.127237 27.256104 1.440468
118.181211 27.708060 1.545656
118.236458 28.160016 1.438126
118.293001 28.611973 1.300066
118.350863 29.063929 1.285569
118.410069 29.515885 1.368384
118.470644 29.967842 1.461352
118.532615 30.419798 1.391222
118.596009 30.871754 1.178088
118.660853 31.323711 1.086012
118.727177 31.775667 1.043284
118.795011 32.227623 1.034063
118.864385 32.679579 1.044975
118.935333 33.131536 1.039477
119.007886 33.583492 1.077240
119.082079 34.035448 1.117600
119.157948 34.487405 1.099985
119.235530 34.939361 1.089423
119.314862 35.391317 1.091112
119.395984 35.843274 1.094285
119.478937 36.295230 1.093643
119.563763 36.747186 1.090702
119.650506 37.199143 1.059578
119.739210 37.651099 0.959356
119.829924 38.103055 0.899964
119.922695 38.555012 0.926636
120.017575 39.006968 0.952418
120.114616 39.458924 0.899400
120.213871 39.910881 0.916304
120.315399 40.362837 1.061924
120.419256 40.814793 1.141001
120.525504 41.266750 1.204999
120.634205 41.718706 1.280031
120.745427 42.170662 1.009323
118.061241 21.832628 0.081286
118.103057 22.284584 0.561042
118.145962 22.736540 0.906365
118.189972 23.188497 1.041168
118.235105 23.640453 1.022671
118.281376 24.092409 1.020466
118.328805 24.544366 1.079230
118.377409 24.996322 1.190342
118.427207 25.448278 1.349521
118.478219 25.900235 1.437456
118.530465 26.352191 1.444685
118.583967 26.804147 1.450478
118.638745 27.256104 1.518538
118.694822 27.708060 1.564369
118.752222 28.160016 1.494691
118.810968 28.611973 1.344225
118.871084 29.063929 1.292433
118.932597 29.515885 1.369619
118.995533 29.967842 1.468500
119.059918 30.419798 1.370442
119.125782 30.871754 1.180021
119.193153 31.323711 1.076782
119.262062 31.775667 1.042469
119.332539 32.227623 1.057801
119.404616 32.679579 1.051234
119.478328 33.131536 1.051116
119.553708 33.583492 1.075205
119.630793 34.035448 1.107518
119.709618 34.487405 1.082278
119.790223 34.939361 1.062016
119.872646 35.391317 1.054094
119.956929 35.843274 1.048864
120.043114 36.295230 1.047159
120.131245 36.747186 1.050412
120.221368 37.199143 0.970532
120.313529 37.651099 0.859175
120.407777 38.103055 0.801624
120.504164 38.555012 0.822193
120.602741 39.006968 0.865992
120.703562 39.458924 0.813273
120.806686 39.910881 0.791443
120.912169 40.362837 0.858363
121.020073 40.814793 0.954257
121.130461 41.266750 1.038367
121.243398 41.718706 1.073170
121.358953 42.170662 0.816335
118.551090 21.832628 -0.433163
118.594474 22.284584 0.167621
118.638988 22.736540 0.755941
118.684649 23.188497 0.953315
118.731474 23.640453 0.924992
118.779481 24.092409 0.882859
118.828689 24.544366 0.923727
118.879115 24.996322 0.965473
118.930781 25.448278 1.195055
118.983706 25.900235 1.301419
119.037912 26.352191 1.353906
119.093420 26.804147 1.461314
119.150253 27.256104 1.556957
119.208433 27.708060 1.627743
119.267985 28.160016 1.563271
119.328934 28.611973 1.401747
119.391305 29.063929 1.285603
119.455125 29.515885 1.284231
119.520421 29.967842 1.285734
119.587222 30.419798 1.210557
119.655556 30.871754 1.125733
119.725453 31.323711 1.077471
119.796946 31.775667 1.081760
119.870066 32.227623 1.091885
119.944847 32.679579 1.065164
120.021323 33.131536 1.034890
120.099531 33.583492 1.035280
120.179506 34.035448 1.058065
120.261288 34.487405 1.067385
120.344915 34.939361 1.031362
120.430430 35.391317 0.994249
120.517874 35.843274 0.971773
120.607291 36.295230 0.964371
120.698728 36.747186 0.915108
120.792230 37.199143 0.809005
120.887848 37.651099 0.712911
120.985631 38.103055 0.665906
121.085632 38.555012 0.680804
121.187906 39.006968 0.711092
121.292509 39.458924 0.657106
121.399500 39.910881 0.600259
121.508939 40.362837 0.583003
121.620890 40.814793 0.603687
121.735417 41.266750 0.647440
121.852591 41.718706 0.626303
121.972479 42.170662 0.459521
119.040938 21.832628 -0.751606
119.085891 22.284584 -0.108044
119.132014 22.736540 0.643054
119.179326 23.188497 0.885607
119.227844 23.640453 0.876342
119.277586 24.092409 0.851518
119.328572 24.544366 0.893639
119.380822 24.996322 0.908200
119.434355 25.448278 0.970057
119.489194 25.900235 1.125627
119.545359 26.352191 1.168446
119.602873 26.804147 1.298733
119.661760 27.256104 1.463626
119.722044 27.708060 1.543337
119.783749 28.160016 1.487687
119.846901 28.611973 1.387097
119.911527 29.063929 1.282613
119.977654 29.515885 1.204391
120.045310 29.967842 1.137139
120.114525 30.419798 1.084109
120.185329 30.871754 1.071297
120.257754 31.323711 1.090634
120.331831 31.775667 1.101653
120.407594 32.227623 1.056391
120.485078 32.679579 0.981214
120.564319 33.131536 0.909696
120.645353 33.583492 0.877891
120.728219 34.035448 0.890814
120.812957 34.487405 0.914605
120.899608 34.939361 0.907011
120.988214 35.391317 0.868200
121.078819 35.843274 0.824716
121.171469 36.295230 0.783931
121.266210 36.747186 0.718427
121.363093 37.199143 0.628734
121.462167 37.651099 0.549277
121.563484 38.103055 0.506428
121.667100 38.555012 0.518637
121.773071 39.006968 0.511034
121.881456 39.458924 0.449907
121.992314 39.910881 0.378508
119.530787 21.832628 -0.553955
119.577308 22.284584 0.022807
119.625041 22.736540 0.745132
119.674003 23.188497 0.977578
119.724213 23.640453 0.924606
119.775691 24.092409 0.882214
119.828456 24.544366 0.914961
119.882528 24.996322 0.937786
119.937929 25.448278 0.864795
119.994681 25.900235 0.891484
120.052805 26.352191 0.984993
120.112326 26.804147 1.099566
120.173268 27.256104 1.267945
120.235655 27.708060 1.329560
120.299512 28.160016 1.335836
120.364868 28.611973 1.323437
120.431748 29.063929 1.268003
120.500182 29.515885 1.185223
120.570199 29.967842 1.088114
120.641828 30.419798 1.013256
120.715103 30.871754 1.001940
120.790054 31.323711 1.016483
120.866715 31.775667 0.955756
120.945122 32.227623 0.880160
121.025309 32.679579 0.794668
121.107314 33.131536 0.712467
121.191176 33.583492 0.676888
121.276933 34.035448 0.663561
121.364627 34.487405 0.665277
121.454301 34.939361 0.663913
121.545998 35.391317 0.642813
121.639764 35.843274 0.594622
121.735646 36.295230 0.553610
121.833693 36.747186 0.508230
121.933955 37.199143 0.448694
120.020636 21.832628 -0.049666
120.068725 22.284584 0.478636
120.118067 22.736540 0.997856
120.168680 23.188497 1.144907
120.220583 23.640453 1.071397
120.273796 24.092409 1.049207
120.328340 24.544366 1.024550
120.384235 24.996322 0.957896
120.441503 25.448278 0.875095
120.500168 25.900235 0.738082
120.560252 26.352191 0.763991
120.621780 26.804147 0.903232
120.684775 27.256104 1.005958
120.749265 27.708060 1.068087
120.815276 28.160016 1.142211
120.882834 28.611973 1.183351
120.951969 29.063929 1.167621
121.022710 29.515885 1.109201
121.095087 29.967842 0.983261
121.169132 30.419798 0.866801
121.244876 30.871754 0.779870
121.322354 31.323711 0.725604
121.401600 31.775667 0.681369
121.482649 32.227623 0.636817
121.565540 32.679579 0.567808
121.650309 33.131536 0.512126
121.736998 33.583492 0.476310
121.825646 34.035448 0.453355
121.916297 34.487405 0.440271
120.510485 21.832628 0.320756
120.560143 22.284584 0.687823
120.611093 22.736540 0.944923
120.663357 23.188497 1.030683
120.716952 23.640453 1.108326
120.771901 24.092409 1.184555
120.828223 24.544366 1.152482
120.885941 24.996322 0.972646
120.945078 25.448278 0.811760
121.005655 25.900235 0.625556
121.067699 26.352191 0.610011
121.131233 26.804147 0.721946
121.196283 27.256104 0.763550
121.262876 27.708060 0.825345
121.331039 28.160016 0.911242
121.400801 28.611973 0.956435
121.472191 29.063929 0.917460
121.545239 29.515885 0.777421
121.619976 29.967842 0.596227
121.696435 30.419798 0.492589
121.774650 30.871754 0.450679
121.854654 31.323711 0.436384
121.936484 31.775667 0.425441
121.000334 21.832628 0.027428
121.051560 22.284584 0.149411
121.104120 22.736540 0.286006
121.158034 23.188497 0.415744
121.213322 23.640453 0.685329
121.270006 24.092409 0.976315
121.328107 24.544366 0.995293
121.387648 24.996322 0.778539
121.448652 25.448278 0.546879
121.511143 25.900235 0.418525
121.575146 26.352191 0.424166
121.640686 26.804147 0.441708
121.707791 27.256104 0.448073
121.776487 27.708060 0.497306
121.846803 28.160016 0.561113
121.918768 28.611973 0.558557
121.992412 29.063929 0.472664
121.490183 21.832628 -0.621109
121.542977 22.284584 -0.587429
121.597146 22.736540 -0.461307
121.652710 23.188497 -0.256655
121.709691 23.640453 0.126030
121.768111 24.092409 0.449910
121.827991 24.544366 0.451795
121.889354 24.996322 0.277521
121.952226 25.448278 0.152396
121.980032 21.832628 -0.708649
