104.879006 21.923337 84.361251
104.878618 22.374288 109.277015
104.878219 22.825240 120.208900
104.877811 23.276191 120.429209
104.877392 23.727143 111.424112
104.876963 24.178095 112.789729
104.876522 24.629046 113.645794
104.876071 25.079998 121.686742
104.875609 25.530949 131.386788
104.875136 25.981901 138.037066
104.874651 26.432853 139.759482
104.874155 26.883804 127.321707
104.873647 27.334756 114.805218
104.873127 27.785707 114.394280
104.872595 28.236659 117.558451
104.872050 28.687611 122.321361
104.871493 29.138562 129.745972
104.870922 29.589514 135.679853
104.870339 30.040465 137.490554
104.869742 30.491417 142.253996
104.869131 30.942369 155.089148
104.868507 31.393320 161.593817
104.867868 31.844272 165.107411
104.867215 32.295223 167.131333
104.866547 32.746175 168.583859
104.865864 33.197127 170.294828
104.865165 33.648078 172.011720
104.864451 34.099030 174.328685
104.863720 34.549981 178.411918
104.862974 35.000933 178.310389
104.862210 35.451885 185.623457
104.861429 35.902836 179.964468
104.860631 36.353788 176.518823
104.859814 36.804739 170.800482
104.858979 37.255691 162.485452
104.858126 37.706643 157.721579
104.857253 38.157594 156.506027
104.856360 38.608546 159.904003
104.855447 39.059497 158.209117
104.854513 39.510449 151.930585
104.853558 39.961401 146.151332
104.852582 40.412352 143.257898
104.851582 40.863304 141.543062
104.850560 41.314255 136.866407
104.849515 41.765207 126.799455
104.848445 42.216159 107.717135
105.367915 21.923337 97.406307
105.369096 22.374288 122.360261
105.370307 22.825240 123.000714
105.371549 23.276191 126.159085
105.372823 23.727143 131.530545
105.374129 24.178095 132.400550
105.375467 24.629046 135.753754
105.376839 25.079998 146.363913
105.378244 25.530949 151.978908
105.379683 25.981901 157.560951
105.381157 26.432853 161.775660
105.382666 26.883804 151.620933
105.384211 27.334756 140.851997
105.385792 27.785707 138.630782
105.387411 28.236659 140.725288
105.389067 28.687611 146.546690
105.390762 29.138562 155.029360
105.392497 29.589514 162.929897
105.394271 30.040465 172.139452
105.396086 30.491417 180.888638
105.397942 30.942369 187.055450
105.399841 31.393320 186.163631
105.401784 31.844272 184.479512
105.403770 32.295223 181.840413
105.405801 32.746175 182.522234
105.407878 33.197127 184.486725
105.410002 33.648078 186.983792
105.412174 34.099030 191.885660
105.414395 34.549981 196.266707
105.416666 35.000933 205.984381
105.418989 35.451885 218.580905
105.421363 35.902836 214.383352
105.423791 36.353788 209.228735
105.426273 36.804739 195.943586
105.428812 37.255691 178.987854
105.431408 37.706643 171.848971
105.434062 38.157594 175.495802
105.436777 38.608546 180.307948
105.439553 39.059497 178.877854
105.442392 39.510449 169.544653
105.445296 39.961401 163.992559
105.448266 40.412352 161.085604
105.451305 40.863304 159.665417
105.454413 41.314255 154.589415
105.457592 41.765207 144.214975
105.460846 42.216159 124.215423
105.856825 21.923337 95.992468
105.859574 22.374288 117.693360
105.862395 22.825240 109.768856
105.865288 23.276191 110.387970
105.868254 23.727143 121.695941
105.871296 24.178095 129.442755
105.874412 24.629046 136.568251
105.877606 25.079998 147.228580
105.880878 25.530949 148.229348
105.884230 25.981901 147.328486
105.887662 26.432853 153.108564
105.891176 26.883804 150.818155
105.894774 27.334756 147.114576
105.898457 27.785707 147.162085
105.902227 28.236659 149.275678
105.906085 28.687611 154.322735
105.910032 29.138562 161.538250
105.914071 29.589514 167.669460
105.918203 30.040465 176.682038
105.922430 30.491417 184.842283
105.926754 30.942369 187.572789
105.931176 31.393320 185.983114
105.935699 31.844272 183.044984
105.940325 32.295223 180.899532
105.945056 32.746175 183.681002
105.949893 33.197127 186.599201
105.954840 33.648078 188.664233
105.959898 34.099030 192.457680
105.965070 34.549981 191.331513
105.970359 35.000933 200.200655
105.975767 35.451885 212.333206
105.981297 35.902836 202.309948
105.986951 36.353788 198.711611
105.992732 36.804739 188.139451
105.998644 37.255691 175.804429
106.004689 37.706643 172.897689
106.010871 38.157594 181.821852
106.017193 38.608546 191.173582
106.023659 39.059497 186.660088
106.030271 39.510449 174.056330
106.037034 39.961401 170.027509
106.043951 40.412352 168.513610
106.051027 40.863304 165.953871
106.058265 41.314255 160.388320
106.065670 41.765207 149.637572
106.073247 42.216159 127.735958
106.345734 21.923337 90.722792
106.350052 22.374288 113.114044
106.354482 22.825240 110.458755
106.359026 23.276191 110.734088
106.363686 23.727143 114.566366
106.368462 24.178095 118.587335
106.373357 24.629046 119.765479
106.378374 25.079998 130.808657
106.383512 25.530949 133.656751
106.388776 25.981901 131.584235
106.394167 26.432853 137.847216
106.399687 26.883804 142.476934
106.405338 27.334756 145.220204
106.411122 27.785707 147.778707
106.417043 28.236659 149.530175
106.423102 28.687611 152.616371
106.429302 29.138562 156.577819
106.435645 29.589514 159.982485
106.442135 30.040465 165.869363
106.448774 30.491417 173.526597
106.455565 30.942369 177.689682
106.462511 31.393320 178.944191
106.469615 31.844272 176.553639
106.476880 32.295223 173.039370
106.484310 32.746175 172.953909
106.491908 33.197127 175.330053
106.499677 33.648078 176.216508
106.507622 34.099030 174.831183
106.515745 34.549981 175.140794
106.524052 35.000933 183.206279
106.532546 35.451885 189.790749
106.541230 35.902836 186.964310
106.550111 36.353788 182.333176
106.559191 36.804739 179.427126
106.568476 37.255691 175.363971
106.577971 37.706643 178.308517
106.587681 38.157594 187.833702
106.597610 38.608546 192.431260
106.607764 39.059497 181.239217
106.618149 39.510449 169.246039
106.628771 39.961401 166.256394
106.639635 40.412352 164.801353
106.650749 40.863304 163.335830
106.662117 41.314255 157.182884
106.673748 41.765207 145.966419
106.685648 42.216159 124.525817
106.834643 21.923337 87.242478
106.840530 22.374288 113.067111
106.846570 22.825240 117.114638
106.852765 23.276191 118.760311
106.859117 23.727143 117.933556
106.865628 24.178095 115.003481
106.872302 24.629046 117.564770
106.879141 25.079998 122.442383
106.886147 25.530949 126.369234
106.893323 25.981901 125.156338
106.900672 26.432853 129.620103
106.908197 26.883804 136.057231
106.915901 27.334756 141.783377
106.923787 27.785707 145.401854
106.931859 28.236659 146.917402
106.940119 28.687611 148.766579
106.948572 29.138562 150.483507
106.957220 29.589514 150.096272
106.966067 30.040465 153.611612
106.975118 30.491417 161.755590
106.984376 30.942369 167.941298
106.993846 31.393320 171.165233
107.003530 31.844272 171.095319
107.013435 32.295223 166.117354
107.023564 32.746175 163.855948
107.033922 33.197127 165.233895
107.044514 33.648078 165.914738
107.055345 34.099030 165.131893
107.066420 34.549981 167.229575
107.077745 35.000933 176.223273
107.089324 35.451885 178.625422
107.101164 35.902836 175.548118
107.113271 36.353788 170.540018
107.125650 36.804739 166.434623
107.138309 37.255691 165.519309
107.151253 37.706643 168.799507
107.164490 38.157594 174.384883
107.178026 38.608546 176.528664
107.191870 39.059497 171.214479
107.206028 39.510449 162.891188
107.220509 39.961401 160.346121
107.235320 40.412352 160.401340
107.250471 40.863304 159.505877
107.265970 41.314255 153.066493
107.281826 41.765207 142.139860
107.298049 42.216159 121.940204
107.323552 21.923337 82.978550
107.331008 22.374288 109.299559
107.338658 22.825240 113.466857
107.346503 23.276191 111.814283
107.354548 23.727143 111.898097
107.362795 24.178095 115.765803
107.371247 24.629046 122.517415
107.379908 25.079998 126.015581
107.388781 25.530949 127.902388
107.397870 25.981901 127.427082
107.407177 26.432853 129.332168
107.416708 26.883804 134.144365
107.426465 27.334756 139.389943
107.436453 27.785707 142.186974
107.446675 28.236659 143.115645
107.457136 28.687611 143.747221
107.467841 29.138562 143.379855
107.478794 29.589514 140.945859
107.489999 30.040465 142.023649
107.501462 30.491417 147.612020
107.513187 30.942369 153.044635
107.525180 31.393320 158.676072
107.537446 31.844272 159.962318
107.549990 32.295223 157.450517
107.562819 32.746175 155.814174
107.575937 33.197127 156.015284
107.589352 33.648078 156.477429
107.603069 34.099030 158.927094
107.617095 34.549981 162.549521
107.631438 35.000933 167.426566
107.646103 35.451885 170.162736
107.661098 35.902836 164.667816
107.676431 36.353788 160.277907
107.692109 36.804739 158.718418
107.708141 37.255691 157.908192
107.724535 37.706643 159.839396
107.741299 38.157594 163.685321
107.758443 38.608546 165.574484
107.775976 39.059497 161.629550
107.793907 39.510449 154.952283
107.812246 39.961401 152.658282
107.831005 40.412352 156.684890
107.850193 40.863304 157.275604
107.869822 41.314255 150.522144
107.889903 41.765207 139.327019
107.910450 42.216159 120.182430
107.812462 21.923337 69.642479
107.821486 22.374288 98.527910
107.830745 22.825240 108.101646
107.840242 23.276191 109.370068
107.849979 23.727143 112.514921
107.859961 24.178095 113.449865
107.870192 24.629046 121.411095
107.880676 25.079998 125.330972
107.891416 25.530949 128.539401
107.902416 25.981901 131.133244
107.913682 26.432853 131.657068
107.925218 26.883804 132.923136
107.937028 27.334756 136.448674
107.949118 27.785707 137.771289
107.961491 28.236659 138.102361
107.974154 28.687611 138.752165
107.987111 29.138562 137.555535
108.000368 29.589514 135.011001
108.013932 30.040465 134.532718
108.027806 30.491417 134.969542
108.041999 30.942369 138.452810
108.056515 31.393320 144.917550
108.071362 31.844272 148.903617
108.086545 32.295223 149.445727
108.102073 32.746175 149.008112
108.117952 33.197127 147.973259
108.134189 33.648078 148.492476
108.150793 34.099030 151.451561
108.167770 34.549981 153.361803
108.185130 35.000933 156.611967
108.202881 35.451885 159.350074
108.221032 35.902836 156.334254
108.239591 36.353788 155.170141
108.258568 36.804739 154.270363
108.277973 37.255691 153.578636
108.297817 37.706643 154.863577
108.318108 38.157594 156.767235
108.338860 38.608546 157.738261
108.360081 39.059497 153.169900
108.381785 39.510449 146.871695
108.403984 39.961401 146.327956
108.426689 40.412352 150.347798
108.449915 40.863304 153.022893
108.473674 41.314255 148.003502
108.497981 41.765207 136.977638
108.522850 42.216159 118.885232
108.301371 21.923337 65.597259
108.311965 22.374288 93.611626
108.322833 22.825240 106.010052
108.333980 23.276191 111.852660
108.345410 23.727143 114.713180
108.357128 24.178095 115.467206
108.369137 24.629046 118.291787
108.381443 25.079998 121.253122
108.394050 25.530949 125.812065
108.406963 25.981901 130.326180
108.420188 26.432853 129.879928
108.433729 26.883804 130.244897
108.447592 27.334756 131.530975
108.461783 27.785707 132.757087
108.476307 28.236659 133.304020
108.491171 28.687611 133.653419
108.506381 29.138562 133.028307
108.521943 29.589514 131.120449
108.537864 30.040465 128.988657
108.554150 30.491417 128.745047
108.570810 30.942369 133.856573
108.587850 31.393320 140.563135
108.605277 31.844272 144.687247
108.623100 32.295223 146.865575
108.641327 32.746175 145.697796
108.659966 33.197127 143.037634
108.679026 33.648078 141.692790
108.698516 34.099030 142.972403
108.718445 34.549981 142.638836
108.738823 35.000933 149.127944
108.759660 35.451885 151.397037
108.780966 35.902836 150.433528
108.802751 36.353788 150.916991
108.825027 36.804739 150.670839
108.847806 37.255691 150.050422
108.871099 37.706643 151.919278
108.894918 38.157594 152.716579
108.919276 38.608546 150.876806
108.944187 39.059497 146.004714
108.969664 39.510449 141.056653
108.995721 39.961401 141.372670
109.022374 40.412352 144.288458
109.049637 40.863304 147.017527
109.077527 41.314255 144.635387
109.106059 41.765207 135.830098
109.135251 42.216159 118.776079
108.790280 21.923337 67.009648
108.802443 22.374288 94.041463
108.814921 22.825240 105.850700
108.827719 23.276191 113.066634
108.840842 23.727143 112.308726
108.854294 24.178095 109.731407
108.868082 24.629046 112.798649
108.882210 25.079998 118.472568
108.896684 25.530949 121.055043
108.911510 25.981901 122.770619
108.926693 26.432853 122.979842
108.942239 26.883804 125.013819
108.958155 27.334756 123.706786
108.974448 27.785707 123.075998
108.991123 28.236659 124.835549
109.008188 28.687611 127.156962
109.025651 29.138562 129.201305
109.043517 29.589514 130.885955
109.061796 30.040465 131.239569
109.080494 30.491417 132.575572
109.099621 30.942369 138.277495
109.119184 31.393320 143.394909
109.139193 31.844272 147.002898
109.159655 32.295223 148.479369
109.180582 32.746175 145.994403
109.201981 33.197127 139.392700
109.223864 33.648078 136.001957
109.246240 34.099030 133.920219
109.269120 34.549981 133.650962
109.292516 35.000933 139.685365
109.316438 35.451885 142.093865
109.340899 35.902836 142.455653
109.365911 36.353788 144.037517
109.391486 36.804739 143.953483
109.417638 37.255691 144.626331
109.444380 37.706643 144.340762
109.471727 38.157594 142.102207
109.499693 38.608546 139.488907
109.528293 39.059497 137.470855
109.557543 39.510449 137.404700
109.587459 39.961401 138.086348
109.618059 40.412352 141.663594
109.649359 40.863304 145.642228
109.681379 41.314255 145.328955
109.714137 41.765207 138.919175
109.747652 42.216159 120.719998
109.279189 21.923337 67.743211
109.292921 22.374288 96.922357
109.307008 22.825240 107.617414
109.321457 23.276191 110.090896
109.336273 23.727143 109.759875
109.351461 24.178095 108.460771
109.367027 24.629046 110.685861
109.382978 25.079998 113.955866
109.399319 25.530949 114.160074
109.416057 25.981901 117.436266
109.433198 26.432853 118.949232
109.450750 26.883804 117.876274
109.468719 27.334756 114.249022
109.487113 27.785707 112.625008
109.505939 28.236659 114.744931
109.525206 28.687611 119.451145
109.544920 29.138562 124.101653
109.565092 29.589514 127.158623
109.585728 30.040465 128.326519
109.606839 30.491417 129.052099
109.628432 30.942369 135.260781
109.650519 31.393320 142.119059
109.673108 31.844272 142.619884
109.696210 32.295223 142.718780
109.719836 32.746175 137.985164
109.743996 33.197127 131.896824
109.768701 33.648078 129.127883
109.793964 34.099030 127.815011
109.819795 34.549981 128.850251
109.846209 35.000933 133.217644
109.873217 35.451885 135.714642
109.900833 35.902836 136.305690
109.929071 36.353788 136.501214
109.957945 36.804739 136.203515
109.987470 37.255691 135.061384
110.017662 37.706643 132.609967
110.048536 38.157594 129.707344
110.080109 38.608546 127.858428
110.112398 39.059497 128.075028
110.145421 39.510449 132.329789
110.179197 39.961401 135.679891
110.213743 40.412352 139.506359
110.249081 40.863304 144.800689
110.285231 41.314255 147.705924
110.322214 41.765207 140.481534
110.360053 42.216159 121.119281
109.768099 21.923337 64.876206
109.783399 22.374288 93.194907
109.799096 22.825240 107.078489
109.815196 23.276191 107.770111
109.831704 23.727143 103.308711
109.848627 24.178095 103.554665
109.865972 24.629046 107.487056
109.883745 25.079998 110.488576
109.901953 25.530949 111.282086
109.920603 25.981901 119.098006
109.939703 26.432853 116.864085
109.959260 26.883804 113.219419
109.979282 27.334756 110.005604
109.999778 27.785707 108.796763
110.020755 28.236659 110.739884
110.042223 28.687611 114.207716
110.064190 29.138562 117.979763
110.086666 29.589514 119.915288
110.109660 30.040465 120.758540
110.133183 30.491417 124.091370
110.157244 30.942369 133.741516
110.181854 31.393320 138.914888
110.207024 31.844272 134.636272
110.232765 32.295223 129.723504
110.259090 32.746175 124.754079
110.286010 33.197127 122.730491
110.313538 33.648078 121.663912
110.341687 34.099030 122.459439
110.370470 34.549981 124.753862
110.399902 35.000933 129.071797
110.429996 35.451885 130.762616
110.460767 35.902836 129.614422
110.492231 36.353788 129.201739
110.524404 36.804739 129.273926
110.557303 37.255691 127.598929
110.590944 37.706643 125.783898
110.625346 38.157594 123.345019
110.660526 38.608546 122.319267
110.696504 39.059497 124.624901
110.733300 39.510449 131.557104
110.770934 39.961401 136.893888
110.809428 40.412352 141.496326
110.848803 40.863304 145.842890
110.889084 41.314255 145.497827
110.930292 41.765207 137.762398
110.972454 42.216159 120.571469
110.257008 21.923337 62.178876
110.273877 22.374288 85.564223
110.291184 22.825240 102.489462
110.308934 23.276191 104.373095
110.327135 23.727143 96.705699
110.345794 24.178095 95.418962
110.364917 24.629046 110.253059
110.384512 25.079998 118.748139
110.404587 25.530949 118.566314
110.425150 25.981901 119.993330
110.446208 26.432853 113.462913
110.467771 26.883804 110.860024
110.489846 27.334756 110.134753
110.512443 27.785707 109.369833
110.535571 28.236659 111.188640
110.559240 28.687611 113.926959
110.583460 29.138562 116.186253
110.608240 29.589514 118.201830
110.633592 30.040465 119.643369
110.659527 30.491417 121.722846
110.686055 30.942369 129.259247
110.713188 31.393320 131.079601
110.740939 31.844272 120.229361
110.769321 32.295223 120.596773
110.798345 32.746175 120.265684
110.828025 33.197127 117.405924
110.858376 33.648078 115.800212
110.889411 34.099030 116.306171
110.921145 34.549981 119.086660
110.953594 35.000933 123.516248
110.986774 35.451885 125.076336
111.020701 35.902836 124.063431
111.055391 36.353788 125.485115
111.090863 36.804739 126.768664
111.127135 37.255691 126.158986
111.164226 37.706643 124.760187
111.202155 38.157594 123.462884
111.240942 38.608546 123.041019
111.280610 39.059497 128.280834
111.321179 39.510449 141.082534
111.362672 39.961401 145.968795
111.405112 40.412352 144.947254
111.448525 40.863304 144.476098
111.492936 41.314255 140.980403
111.538370 41.765207 134.076630
111.584855 42.216159 118.219681
110.745917 21.923337 62.870634
110.764355 22.374288 88.791353
110.783271 22.825240 102.623116
110.802673 23.276191 102.724870
110.822566 23.727143 96.873067
110.842960 24.178095 100.780154
110.863862 24.629046 116.268382
110.885280 25.079998 119.869177
110.907222 25.530949 110.095692
110.929697 25.981901 119.238757
110.952713 26.432853 115.592121
110.976281 26.883804 113.091935
111.000409 27.334756 112.169985
111.025108 27.785707 109.308444
111.050387 28.236659 113.050903
111.076258 28.687611 119.092217
111.102730 29.138562 121.981106
111.129815 29.589514 123.009188
111.157524 30.040465 123.802675
111.185871 30.491417 122.055140
111.214866 30.942369 122.057795
111.244523 31.393320 119.226639
111.274855 31.844272 117.971048
111.305876 32.295223 122.657884
111.337599 32.746175 121.383491
111.370040 33.197127 116.567609
111.403213 33.648078 112.084277
111.437135 34.099030 111.685825
111.471820 34.549981 113.991302
111.507287 35.000933 117.632183
111.543553 35.451885 119.153550
111.580634 35.902836 120.111288
111.618551 36.353788 122.947821
111.657322 36.804739 125.650700
111.696967 37.255691 126.475258
111.737508 37.706643 125.835533
111.778964 38.157594 126.965617
111.821359 38.608546 131.950969
111.864715 39.059497 140.215874
111.909057 39.510449 147.252938
111.954409 39.961401 145.360883
112.000797 40.412352 141.677226
112.048248 40.863304 139.386192
112.096788 41.314255 136.589647
112.146448 41.765207 129.665522
112.197256 42.216159 114.242814
111.234826 21.923337 71.925877
111.254833 22.374288 96.424977
111.275359 22.825240 102.879815
111.296411 23.276191 103.873991
111.317998 23.727143 99.675600
111.340127 24.178095 103.903198
111.362807 24.629046 115.432985
111.386047 25.079998 113.785764
111.409856 25.530949 112.954222
111.434243 25.981901 116.760044
111.459219 26.432853 119.094917
111.484792 26.883804 117.884647
111.510973 27.334756 118.045202
111.537773 27.785707 112.949420
111.565203 28.236659 115.675101
111.593275 28.687611 122.147619
111.621999 29.138562 125.264082
111.651389 29.589514 126.486989
111.681457 30.040465 126.866183
111.712215 30.491417 125.529789
111.743677 30.942369 121.634221
111.775858 31.393320 119.317890
111.808771 31.844272 124.206905
111.842431 32.295223 126.949818
111.876853 32.746175 124.981777
111.912054 33.197127 118.566049
111.948050 33.648078 112.498956
111.984858 34.099030 110.246808
112.022495 34.549981 112.361295
112.060980 35.000933 115.139027
112.100331 35.451885 116.587784
112.140568 35.902836 116.459633
112.181711 36.353788 120.085627
112.223781 36.804739 123.340297
112.266800 37.255691 123.000979
112.310789 37.706643 122.262249
112.355773 38.157594 126.153924
112.401776 38.608546 132.959729
112.448821 39.059497 137.398072
112.496936 39.510449 142.609717
112.546147 39.961401 139.347570
112.596482 40.412352 138.055838
112.647970 40.863304 135.571312
112.700640 41.314255 132.294900
112.754526 41.765207 124.866485
112.809657 42.216159 109.445528
111.723736 21.923337 81.736815
111.745311 22.374288 100.936027
111.767447 22.825240 103.076126
111.790149 23.276191 102.296778
111.813429 23.727143 103.122136
111.837293 24.178095 103.650739
111.861752 24.629046 112.906988
111.886814 25.079998 107.849189
111.912490 25.530949 111.117793
111.938790 25.981901 110.296728
111.965724 26.432853 114.525793
111.993302 26.883804 110.782739
112.021537 27.334756 115.772211
112.050438 27.785707 115.222967
112.080019 28.236659 110.348249
112.110292 28.687611 112.351717
112.141269 29.138562 115.668948
112.172963 29.589514 118.765925
112.205389 30.040465 122.724542
112.238559 30.491417 124.053390
112.272488 30.942369 123.282132
112.307192 31.393320 125.470627
112.342686 31.844272 129.224496
112.378986 32.295223 129.996565
112.416108 32.746175 126.266546
112.454069 33.197127 119.092543
112.492888 33.648078 114.828433
112.532582 34.099030 114.282810
112.573170 34.549981 116.281800
112.614673 35.000933 117.147446
112.657110 35.451885 117.918503
112.700502 35.902836 115.438806
112.744871 36.353788 115.976342
112.790240 36.804739 115.612029
112.836632 37.255691 116.312194
112.884071 37.706643 122.341699
112.932583 38.157594 127.638811
112.982192 38.608546 131.777671
113.032927 39.059497 133.780066
113.084815 39.510449 139.308409
113.137884 39.961401 138.590003
113.192166 40.412352 134.005392
113.247692 40.863304 134.684377
113.304493 41.314255 132.460378
113.362603 41.765207 124.068963
113.422058 42.216159 106.323750
112.212645 21.923337 79.837193
112.235789 22.374288 97.872464
112.259534 22.825240 96.395570
112.283888 23.276191 93.314182
112.308860 23.727143 97.711536
112.334460 24.178095 103.564160
112.360697 24.629046 110.691944
112.387582 25.079998 105.335000
112.415125 25.530949 105.635847
112.443337 25.981901 110.706816
112.472229 26.432853 111.459328
112.501813 26.883804 106.478537
112.532100 27.334756 107.604817
112.563103 27.785707 110.240413
112.594836 28.236659 107.786045
112.627309 28.687611 107.564815
112.660539 29.138562 109.309121
112.694538 29.589514 112.452794
112.729321 30.040465 118.889627
112.764903 30.491417 120.263838
112.801300 30.942369 122.653165
112.838527 31.393320 126.841099
112.876602 31.844272 131.106953
112.915541 32.295223 129.802433
112.955362 32.746175 123.282700
112.996084 33.197127 116.678936
113.037725 33.648078 113.559222
113.080305 34.099030 114.857667
113.123845 34.549981 119.095516
113.168366 35.000933 120.030623
113.213888 35.451885 117.946460
113.260436 35.902836 115.336632
113.308031 36.353788 110.246144
113.356699 36.804739 109.815648
113.406465 37.255691 115.901194
113.457353 37.706643 122.725298
113.509392 38.157594 126.346221
113.562609 38.608546 127.369374
113.617032 39.059497 127.471215
113.672693 39.510449 135.770983
113.729622 39.961401 131.147261
113.787851 40.412352 130.131372
113.847414 40.863304 136.758635
113.908345 41.314255 137.108811
113.970681 41.765207 124.450285
114.034459 42.216159 105.165226
112.701554 21.923337 74.411720
112.726268 22.374288 92.283087
112.751622 22.825240 90.173108
112.777626 23.276191 86.614169
112.804291 23.727143 90.845961
112.831626 24.178095 100.285356
112.859642 24.629046 104.385165
112.888349 25.079998 102.175333
112.917759 25.530949 93.021612
112.947883 25.981901 105.290237
112.978734 26.432853 109.042963
113.010323 26.883804 105.435515
113.042664 27.334756 109.809647
113.075769 27.785707 111.825381
113.109652 28.236659 112.045940
113.144327 28.687611 111.822549
113.179809 29.138562 112.843487
113.216112 29.589514 116.226874
113.253253 30.040465 121.149450
113.291247 30.491417 113.886292
113.330111 30.942369 115.690114
113.369862 31.393320 124.471254
113.410517 31.844272 130.015629
113.452096 32.295223 126.146020
113.494616 32.746175 119.707067
113.538098 33.197127 115.832037
113.582562 33.648078 116.202879
113.628029 34.099030 118.884497
113.674520 34.549981 122.823862
113.722058 35.000933 125.178823
113.770667 35.451885 122.586206
113.820370 35.902836 117.142342
113.871191 36.353788 109.681163
113.923158 36.804739 108.926277
113.976297 37.255691 111.945708
114.030635 37.706643 115.446826
114.086201 38.157594 118.194705
114.143025 38.608546 116.972368
114.201138 39.059497 118.489319
114.260572 39.510449 125.665283
114.321360 39.961401 125.405155
114.383536 40.412352 128.377994
114.447136 40.863304 136.365198
114.512197 41.314255 138.864806
114.578759 41.765207 133.681301
114.646860 42.216159 109.217511
113.190463 21.923337 71.020107
113.216746 22.374288 88.230392
113.243709 22.825240 88.933936
113.271365 23.276191 87.743558
113.299722 23.727143 95.091605
113.328793 24.178095 101.133874
113.358587 24.629046 103.242106
113.389116 25.079998 103.705882
113.420393 25.530949 93.055307
113.452430 25.981901 98.478149
113.485239 26.432853 100.408933
113.518834 26.883804 102.038942
113.553227 27.334756 109.592545
113.588434 27.785707 110.538048
113.624468 28.236659 110.359645
113.661344 28.687611 112.448337
113.699078 29.138562 116.177825
113.737687 29.589514 120.869047
113.777185 30.040465 122.281305
113.817591 30.491417 105.356266
113.858922 30.942369 108.266191
113.901196 31.393320 122.589758
113.944433 31.844272 127.137666
113.988651 32.295223 122.396769
114.033871 32.746175 117.210557
114.080113 33.197127 114.127923
114.127400 33.648078 115.441337
114.175753 34.099030 120.324078
114.225195 34.549981 125.327225
114.275751 35.000933 126.466837
114.327445 35.451885 123.959357
114.380303 35.902836 117.864638
114.434351 36.353788 112.186019
114.489617 36.804739 110.820379
114.546129 37.255691 114.418413
114.603917 37.706643 119.852618
114.663010 38.157594 121.531509
114.723442 38.608546 118.710769
114.785244 39.059497 118.718253
114.848451 39.510449 115.172058
114.913097 39.961401 113.527705
114.979220 40.412352 120.970119
115.046858 40.863304 126.529261
115.116050 41.314255 132.519022
115.186837 41.765207 140.162871
115.259261 42.216159 107.408551
113.679373 21.923337 68.205526
113.707224 22.374288 86.374757
113.735797 22.825240 91.533744
113.765103 23.276191 92.482216
113.795153 23.727143 96.353391
113.825959 24.178095 104.874634
113.857532 24.629046 101.987244
113.889884 25.079998 103.453605
113.923028 25.530949 98.443461
113.956977 25.981901 92.144287
113.991744 26.432853 87.873551
114.027344 26.883804 98.187083
114.063791 27.334756 106.916417
114.101099 27.785707 113.374578
114.139284 28.236659 109.369468
114.178361 28.687611 108.166658
114.218348 29.138562 114.994696
114.259261 29.589514 121.737941
114.301117 30.040465 120.931753
114.343935 30.491417 110.147766
114.387733 30.942369 116.213709
114.432531 31.393320 124.681244
114.478348 31.844272 125.343113
114.525206 32.295223 119.308631
114.573125 32.746175 110.841706
114.622128 33.197127 102.962672
114.672237 33.648078 103.848671
114.723476 34.099030 111.567078
114.775870 34.549981 118.605104
114.829444 35.000933 121.416115
114.884224 35.451885 120.381323
114.940237 35.902836 117.637305
114.997511 36.353788 117.059803
115.056076 36.804739 117.861656
115.115962 37.255691 121.695534
115.177199 37.706643 124.526759
115.239820 38.157594 120.743678
115.303858 38.608546 119.748390
115.369350 39.059497 116.071337
115.436329 39.510449 107.759667
115.504835 39.961401 105.924819
115.574905 40.412352 113.433031
115.646580 40.863304 118.797788
115.719902 41.314255 123.826285
115.794914 41.765207 133.989716
115.871662 42.216159 106.677345
114.168282 21.923337 68.702989
114.197702 22.374288 89.318688
114.227885 22.825240 96.841824
114.258842 23.276191 99.142500
114.290585 23.727143 102.548010
114.323125 24.178095 106.063301
114.356477 24.629046 103.701758
114.390651 25.079998 103.958387
114.425662 25.530949 100.798968
114.461524 25.981901 102.416640
114.498249 26.432853 101.064164
114.535855 26.883804 105.698746
114.574354 27.334756 114.543634
114.613764 27.785707 117.170049
114.654100 28.236659 113.485828
114.695379 28.687611 107.045012
114.737618 29.138562 113.717367
114.780835 29.589514 120.271256
114.825049 30.040465 120.931129
114.870279 30.491417 117.971551
114.916545 30.942369 123.541140
114.963866 31.393320 125.852763
115.012264 31.844272 123.092650
115.061761 32.295223 117.437472
115.112379 32.746175 106.290617
115.164142 33.197127 95.257265
115.217074 33.648078 96.155663
115.271200 34.099030 103.089424
115.326545 34.549981 110.310759
115.383137 35.000933 113.947619
115.441003 35.451885 114.789571
115.500171 35.902836 114.796610
115.560671 36.353788 116.219691
115.622535 36.804739 116.865858
115.685794 37.255691 118.719294
115.750480 37.706643 118.791073
115.816629 38.157594 117.398924
115.884275 38.608546 116.570684
115.953455 39.059497 113.798215
116.024208 39.510449 113.797164
116.096572 39.961401 115.506228
116.170590 40.412352 115.637365
116.246302 40.863304 117.489690
116.323754 41.314255 117.617033
116.402992 41.765207 125.946816
116.484063 42.216159 108.189272
114.657191 21.923337 71.185790
114.688180 22.374288 93.230055
114.719972 22.825240 100.843365
114.752580 23.276191 103.067542
114.786016 23.727143 106.066165
114.820292 24.178095 108.242624
114.855422 24.629046 104.410586
114.891418 25.079998 103.581353
114.928297 25.530949 100.450215
114.966070 25.981901 102.371218
115.004755 26.432853 104.061012
115.044365 26.883804 110.339856
115.084918 27.334756 113.649831
115.126429 27.785707 111.005332
115.168916 28.236659 111.746804
115.212396 28.687611 108.879876
115.256888 29.138562 103.101312
115.302410 29.589514 111.244961
115.348982 30.040465 117.757498
115.396623 30.491417 125.027385
115.445356 30.942369 131.385374
115.495201 31.393320 122.355205
115.546180 31.844272 116.320273
115.598316 32.295223 112.148101
115.651634 32.746175 103.958818
115.706157 33.197127 92.364419
115.761912 33.648078 90.576715
115.818924 34.099030 95.031781
115.877220 34.549981 100.950053
115.936830 35.000933 105.965545
115.997781 35.451885 109.319504
116.060105 35.902836 108.830545
116.123832 36.353788 108.741369
116.188994 36.804739 110.082670
116.255626 37.255691 115.138896
116.323762 37.706643 118.035718
116.393438 38.157594 114.099619
116.464692 38.608546 111.406855
116.537561 39.059497 115.051961
116.612086 39.510449 117.456200
116.688310 39.961401 119.294615
116.766274 40.412352 117.560258
116.846024 40.863304 112.738122
116.927607 41.314255 111.679656
117.011070 41.765207 116.812968
117.096464 42.216159 97.428654
115.146100 21.923337 71.258185
115.178658 22.374288 92.484015
115.212060 22.825240 99.557285
115.246319 23.276191 102.566561
115.281447 23.727143 101.802972
115.317458 24.178095 102.777953
115.354367 24.629046 103.936750
115.392186 25.079998 103.411197
115.430931 25.530949 100.819838
115.470617 25.981901 104.184145
115.511260 26.432853 108.995218
115.552876 26.883804 113.543811
115.595481 27.334756 111.879117
115.639094 27.785707 105.127442
115.683732 28.236659 106.672319
115.729413 28.687611 105.036744
115.776157 29.138562 104.185795
115.823984 29.589514 107.539126
115.872914 30.040465 117.773113
115.922967 30.491417 127.365771
115.974167 30.942369 126.638763
116.026535 31.393320 119.040535
116.080095 31.844272 113.374107
116.134871 32.295223 110.446221
116.190888 32.746175 103.608563
116.248172 33.197127 90.577184
116.306749 33.648078 86.986787
116.366647 34.099030 88.515754
116.427895 34.549981 91.355831
116.490522 35.000933 92.827718
116.554560 35.451885 95.523940
116.620038 35.902836 96.461210
116.686992 36.353788 97.038245
116.755453 36.804739 99.469011
116.825459 37.255691 103.613546
116.897044 37.706643 108.698986
116.970247 38.157594 111.426024
117.045108 38.608546 112.376293
117.121667 39.059497 115.337937
117.199965 39.510449 115.220339
117.280047 39.961401 113.275082
117.361959 40.412352 105.284113
117.445746 40.863304 100.569845
117.531459 41.314255 104.777503
117.619148 41.765207 108.770905
117.708865 42.216159 90.151612
115.635010 21.923337 69.635444
115.669136 22.374288 90.136757
115.704148 22.825240 97.739394
115.740057 23.276191 100.391541
115.776878 23.727143 96.657708
115.814625 24.178095 94.690720
115.853312 24.629046 99.389182
115.892953 25.079998 103.203257
115.933565 25.530949 101.596848
115.975164 25.981901 105.018563
116.017765 26.432853 112.333304
116.061386 26.883804 115.367900
116.106045 27.334756 114.414032
116.151759 27.785707 112.250860
116.198548 28.236659 106.088496
116.246431 28.687611 102.399244
116.295427 29.138562 103.165316
116.345559 29.589514 104.313441
116.396846 30.040465 114.826284
116.449312 30.491417 121.409424
116.502978 30.942369 114.146577
116.557870 31.393320 117.166830
116.614011 31.844272 116.323300
116.671426 32.295223 111.543060
116.730142 32.746175 103.909984
116.790187 33.197127 91.680354
116.851586 33.648078 87.151017
116.914371 34.099030 88.622354
116.978570 34.549981 91.718235
117.044215 35.000933 92.195254
117.111338 35.451885 93.906014
117.179972 35.902836 93.343919
117.250152 36.353788 94.150272
117.321912 36.804739 95.603425
117.395291 37.255691 98.145746
117.470326 37.706643 103.590308
117.547057 38.157594 106.967023
117.625525 38.608546 105.755834
117.705772 39.059497 104.949170
117.787844 39.510449 104.307284
117.871785 39.961401 102.978452
117.957643 40.412352 98.536876
118.045468 40.863304 99.873901
118.135311 41.314255 104.455668
118.227225 41.765207 106.922104
118.321266 42.216159 89.068862
116.123919 21.923337 69.439614
116.159614 22.374288 89.661786
116.196235 22.825240 95.728198
116.233796 23.276191 97.908398
116.272309 23.727143 94.106000
116.311791 24.178095 89.543546
116.352257 24.629046 96.008456
116.393721 25.079998 101.378066
116.436200 25.530949 97.928475
116.479710 25.981901 96.775423
116.524270 26.432853 103.435122
116.569897 26.883804 110.333029
116.616608 27.334756 118.592614
116.664424 27.785707 112.499830
116.713364 28.236659 105.494050
116.763448 28.687611 100.874328
116.814697 29.138562 102.055796
116.867133 29.589514 103.351033
116.920778 30.040465 107.547459
116.975656 30.491417 112.907228
117.031790 30.942369 111.940020
117.089205 31.393320 113.133662
117.147926 31.844272 113.001934
117.207981 32.295223 112.152505
117.269397 32.746175 104.061341
117.332201 33.197127 94.921693
117.396424 33.648078 91.783859
117.462095 34.099030 92.256654
117.529245 34.549981 96.746318
117.597908 35.000933 100.492332
117.668117 35.451885 100.766228
117.739906 35.902836 100.180814
117.813312 36.353788 99.566880
117.888371 36.804739 99.695446
117.965123 37.255691 100.362282
118.043608 37.706643 101.943977
118.123866 38.157594 104.437238
118.205941 38.608546 104.939447
118.289878 39.059497 98.836282
118.375722 39.510449 96.165012
118.463523 39.961401 97.050913
118.553328 40.412352 96.516676
118.645191 40.863304 99.257076
118.739164 41.314255 104.667909
118.835303 41.765207 106.117134
118.933667 42.216159 91.300716
116.612828 21.923337 69.017416
116.650092 22.374288 88.087102
116.688323 22.825240 94.024942
116.727534 23.276191 96.127839
116.767741 23.727143 93.402403
116.808958 24.178095 92.853215
116.851201 24.629046 95.561589
116.894488 25.079998 92.764562
116.938834 25.530949 87.940221
116.984257 25.981901 92.096543
117.030775 26.432853 100.411935
117.078407 26.883804 107.746920
117.127172 27.334756 108.663573
117.177089 27.785707 99.139271
117.228180 28.236659 104.050171
117.280465 28.687611 99.124677
117.333967 29.138562 101.739105
117.388707 29.589514 100.727601
117.444710 30.040465 99.351158
117.502000 30.491417 104.599445
117.560601 30.942369 106.487097
117.620539 31.393320 109.216255
117.681842 31.844272 109.576249
117.744536 32.295223 109.036538
117.808651 32.746175 101.513792
117.874216 33.197127 98.001420
117.941261 33.648078 97.822072
118.009818 34.099030 100.235690
118.079920 34.549981 104.379319
118.151601 35.000933 104.584375
118.224895 35.451885 104.501887
118.299840 35.902836 104.634536
118.376472 36.353788 105.426511
118.454830 36.804739 104.388855
118.534956 37.255691 102.970856
118.616889 37.706643 101.867913
118.700675 38.157594 102.488211
118.786358 38.608546 104.561842
118.873984 39.059497 98.884406
118.963601 39.510449 93.520043
119.055260 39.961401 96.018705
119.149013 40.412352 95.074421
119.244913 40.863304 97.029338
119.343016 41.314255 101.434117
119.443381 41.765207 102.532412
119.546068 42.216159 85.604173
117.101737 21.923337 66.999795
117.140571 22.374288 86.667104
117.180411 22.825240 93.878608
117.221273 23.276191 96.824341
117.263172 23.727143 97.500668
117.306124 24.178095 96.750423
117.350146 24.629046 96.591035
117.395255 25.079998 91.392488
117.441468 25.530949 89.056149
117.488804 25.981901 90.398881
117.537280 26.432853 93.184584
117.586918 26.883804 100.194792
117.637735 27.334756 97.839602
117.689754 27.785707 85.026776
117.742996 28.236659 99.842888
117.797482 28.687611 99.142219
117.853236 29.138562 101.205067
117.910282 29.589514 94.006518
117.968642 30.040465 98.323923
118.028344 30.491417 101.710823
118.089412 30.942369 104.072477
118.151874 31.393320 104.543035
118.215758 31.844272 103.800254
118.281091 32.295223 102.080840
118.347906 32.746175 99.252806
118.416231 33.197127 98.651359
118.486098 33.648078 100.109317
118.557542 34.099030 102.356746
118.630595 34.549981 101.151464
118.705294 35.000933 100.583200
118.781674 35.451885 100.971950
118.859773 35.902836 101.919165
118.939632 36.353788 103.463884
119.021289 36.804739 105.514337
119.104788 37.255691 103.200557
119.190171 37.706643 99.767005
119.277485 38.157594 99.913103
119.366774 38.608546 103.290322
119.458089 39.059497 100.055725
119.551480 39.510449 92.231350
119.646998 39.961401 93.601201
119.744697 40.412352 95.806533
119.844635 40.863304 94.361958
119.946868 41.314255 98.523927
120.051459 41.765207 100.646277
120.158469 42.216159 83.518459
117.590647 21.923337 67.892195
117.631049 22.374288 85.292414
117.672498 22.825240 93.378636
117.715011 23.276191 98.965357
117.758603 23.727143 100.944345
117.803291 24.178095 99.896237
117.849091 24.629046 95.697889
117.896023 25.079998 90.408447
117.944103 25.530949 89.482062
117.993350 25.981901 93.220161
118.043786 26.432853 94.388007
118.095428 26.883804 98.250609
118.148299 27.334756 97.577125
118.202420 27.785707 89.065295
118.257812 28.236659 92.881352
118.314500 28.687611 100.958514
118.372506 29.138562 101.699578
118.431856 29.589514 96.551100
118.492574 30.040465 105.990572
118.554688 30.491417 105.940975
118.618223 30.942369 104.179099
118.683209 31.393320 102.580856
118.749673 31.844272 99.902824
118.817647 32.295223 99.747974
118.887160 32.746175 100.254432
118.958245 33.197127 99.105506
119.030936 33.648078 100.790915
119.105265 34.099030 101.653261
119.181270 34.549981 99.611443
119.258986 35.000933 98.648329
119.338452 35.451885 98.853415
119.419707 35.902836 99.567600
119.502792 36.353788 100.658899
119.587748 36.804739 101.960238
119.674620 37.255691 100.655412
119.763453 37.706643 96.247329
119.854294 38.157594 95.912349
119.947191 38.608546 99.107330
120.042195 39.059497 98.199020
120.139358 39.510449 91.643005
120.238735 39.961401 91.025423
120.340382 40.412352 96.152040
120.444357 40.863304 94.913256
120.550721 41.314255 98.084388
120.659537 41.765207 98.851228
120.770870 42.216159 80.410441
118.079556 21.923337 71.013652
118.121527 22.374288 82.939948
118.164586 22.825240 89.916716
118.208749 23.276191 96.792108
118.254034 23.727143 97.840728
118.300457 24.178095 94.108587
118.348036 24.629046 91.394797
118.396790 25.079998 89.854110
118.446737 25.530949 88.615756
118.497897 25.981901 88.931652
118.550291 26.432853 94.237632
118.603939 26.883804 94.389448
118.658862 27.334756 96.106974
118.715085 27.785707 85.608524
118.772628 28.236659 80.647042
118.831517 28.687611 93.241547
118.891776 29.138562 103.536819
118.953430 29.589514 106.006703
119.016507 30.040465 108.024275
119.081032 30.491417 107.033778
119.147034 30.942369 104.017737
119.214543 31.393320 101.934067
119.283589 31.844272 102.278026
119.354202 32.295223 102.672854
119.426414 32.746175 100.876504
119.500260 33.197127 99.746151
119.575773 33.648078 100.493540
119.652989 34.099030 101.603101
119.731945 34.549981 99.792375
119.812679 35.000933 98.940304
119.895231 35.451885 98.260317
119.979641 35.902836 98.109507
120.065952 36.353788 98.290806
120.154207 36.804739 98.323269
120.244453 37.255691 93.975782
120.336735 37.706643 89.134692
120.431103 38.157594 89.653917
120.527608 38.608546 91.876065
120.626301 39.059497 92.162515
120.727237 39.510449 86.070310
120.830473 39.961401 82.672529
120.936067 40.412352 84.559332
121.044079 40.863304 89.550809
121.154573 41.314255 93.231213
121.267614 41.765207 89.856709
121.383271 42.216159 74.184644
118.568465 21.923337 76.174770
118.612005 22.374288 79.016268
118.656674 22.825240 87.034918
118.702488 23.276191 95.037710
118.749465 23.727143 95.427161
118.797624 24.178095 91.922244
118.846981 24.629046 88.959563
118.897557 25.079998 86.355171
118.949371 25.530949 89.420341
119.002444 25.981901 85.765810
119.056796 26.432853 86.185177
119.112449 26.883804 87.819476
119.169426 27.334756 82.622342
119.227750 27.785707 77.686280
119.287444 28.236659 84.022290
119.348534 28.687611 92.998499
119.411046 29.138562 103.056983
119.475005 29.589514 102.802344
119.540439 30.040465 98.907019
119.607376 30.491417 98.924410
119.675846 30.942369 100.555549
119.745878 31.393320 104.128574
119.817504 31.844272 105.600598
119.890757 32.295223 103.987256
119.965669 32.746175 100.737811
120.042275 33.197127 97.902035
120.120610 33.648078 97.662768
120.200713 34.099030 99.153231
120.282620 34.549981 99.976051
120.366372 35.000933 97.841573
120.452009 35.451885 95.475362
120.539575 35.902836 93.946050
120.629112 36.353788 93.137188
120.720666 36.804739 89.564200
120.814285 37.255691 84.134129
120.910017 37.706643 80.458724
121.007912 38.157594 79.711105
121.108024 38.608546 81.364297
121.210406 39.059497 81.203671
121.315116 39.510449 75.026023
121.422210 39.961401 69.634816
121.531751 40.412352 67.555517
121.643801 40.863304 69.447380
121.758425 41.314255 70.327475
121.875692 41.765207 66.268006
121.995672 42.216159 56.563637
119.057374 21.923337 82.974127
119.102483 22.374288 90.526488
119.148761 22.825240 94.979838
119.196226 23.276191 99.448797
119.244897 23.727143 99.024758
119.294790 24.178095 94.462587
119.345926 24.629046 91.406855
119.398325 25.079998 89.678148
119.452006 25.530949 85.983174
119.506991 25.981901 90.455883
119.563301 26.432853 88.520480
119.620960 26.883804 93.897347
119.679990 27.334756 94.160452
119.740415 27.785707 91.265148
119.802260 28.236659 90.009268
119.865552 28.687611 94.052437
119.930316 29.138562 97.187477
119.996579 29.589514 91.768439
120.064371 30.040465 90.574140
120.133720 30.491417 95.311164
120.204657 30.942369 100.619431
120.277213 31.393320 105.422271
120.351420 31.844272 104.721901
120.427312 32.295223 99.638981
120.504923 32.746175 93.718998
120.584289 33.197127 89.039718
120.665448 33.648078 87.799958
120.748436 34.099030 89.193892
120.833295 34.549981 91.123607
120.920065 35.000933 90.731262
121.008788 35.451885 88.199378
121.099509 35.902836 85.246815
121.192272 36.353788 81.801204
121.287125 36.804739 77.570528
121.384117 37.255691 71.413881
121.483299 37.706643 66.969691
121.584722 38.157594 67.095632
121.688441 38.608546 68.819309
121.794512 39.059497 66.830492
121.902994 39.510449 61.773154
119.546284 21.923337 96.486301
119.592961 22.374288 116.977884
119.640849 22.825240 114.473763
119.689965 23.276191 108.926596
119.740328 23.727143 103.338022
119.791957 24.178095 98.650319
119.844871 24.629046 95.725609
119.899092 25.079998 92.474731
119.954640 25.530949 84.422498
120.011537 25.981901 86.083974
120.069806 26.432853 88.635404
120.129470 26.883804 94.429608
120.190553 27.334756 100.471898
120.253080 27.785707 97.561724
120.317076 28.236659 90.958601
120.382569 28.687611 91.712973
120.449585 29.138562 92.010490
120.518154 29.589514 87.245948
120.588303 30.040465 90.399935
120.660064 30.491417 94.826271
120.733468 30.942369 98.349085
120.808547 31.393320 98.428115
120.885335 31.844272 92.667513
120.963867 32.295223 86.464173
121.044177 32.746175 80.430735
121.126304 33.197127 76.036317
121.210285 33.648078 74.894393
121.296160 34.099030 75.044680
121.383970 34.549981 75.593381
121.473758 35.000933 75.867434
121.565567 35.451885 74.222175
121.659442 35.902836 70.507513
121.755432 36.353788 67.298899
121.853584 36.804739 63.772405
121.953950 37.255691 59.337487
120.035193 21.923337 106.683123
120.083439 22.374288 129.942417
120.132936 22.825240 120.087388
120.183703 23.276191 106.832342
120.235759 23.727143 99.832734
120.289123 24.178095 98.244223
120.343816 24.629046 93.902827
120.399859 25.079998 90.597332
120.457274 25.530949 83.960587
120.516084 25.981901 74.680882
120.576311 26.432853 77.206730
120.637981 26.883804 86.705756
120.701117 27.334756 90.794510
120.765745 27.785707 91.047555
120.831892 28.236659 87.216729
120.899586 28.687611 86.321645
120.968855 29.138562 88.603812
121.039728 29.589514 86.956436
121.112235 30.040465 86.955108
121.186408 30.491417 86.281975
121.262279 30.942369 82.048035
121.339882 31.393320 77.622150
121.419251 31.844272 73.817380
121.500422 32.295223 70.388739
121.583432 32.746175 66.247084
121.668319 33.197127 63.881707
121.755122 33.648078 62.328287
121.843884 34.099030 61.764901
121.934645 34.549981 61.550886
120.524102 21.923337 109.489632
120.573917 22.374288 125.120960
120.625024 22.825240 97.311659
120.677442 23.276191 66.318448
120.731190 23.727143 65.925738
120.786290 24.178095 73.845022
120.842761 24.629046 81.875042
120.900627 25.079998 80.470120
120.959909 25.530949 70.373082
121.020631 25.981901 61.767978
121.082817 26.432853 66.208748
121.146491 26.883804 75.609892
121.211680 27.334756 78.337854
121.278410 27.785707 81.382923
121.346708 28.236659 81.894731
121.416604 28.687611 79.947643
121.488125 29.138562 75.878283
121.561302 29.589514 70.647132
121.636167 30.040465 66.060393
121.712752 30.491417 63.222895
121.791091 30.942369 60.897778
121.871217 31.393320 58.733802
121.953167 31.844272 57.440540
121.013011 21.923337 94.607019
121.064395 22.374288 95.817950
121.117112 22.825240 62.880581
121.171180 23.276191 39.020100
121.226621 23.727143 40.924550
121.283456 24.178095 47.513148
121.341706 24.629046 52.254616
121.401394 25.079998 46.240141
121.462543 25.530949 41.746064
121.525177 25.981901 44.531372
121.589322 26.432853 52.352386
121.655002 26.883804 57.129634
121.722244 27.334756 59.118540
121.791075 27.785707 62.244237
121.861525 28.236659 63.970169
121.933621 28.687611 58.521120
121.501921 21.923337 70.664458
121.554874 22.374288 71.933547
121.609199 22.825240 54.998090
121.664919 23.276191 44.354967
121.722053 23.727143 60.496373
121.780622 24.178095 62.902085
121.840651 24.629046 46.186815
121.902161 25.079998 20.285673
121.965178 25.530949 17.298303
121.990830 21.923337 47.748040
