104.879006 21.923337 52.761251
104.878618 22.374288 76.677015
104.878219 22.825240 86.508900
104.877811 23.276191 84.629209
104.877392 23.727143 75.624112
104.876963 24.178095 76.089729
104.876522 24.629046 76.345794
104.876071 25.079998 83.686742
104.875609 25.530949 91.686788
104.875136 25.981901 96.137066
104.874651 26.432853 95.859482
104.874155 26.883804 82.821707
104.873647 27.334756 73.705218
104.873127 27.785707 72.794280
104.872595 28.236659 75.958451
104.872050 28.687611 81.321361
104.871493 29.138562 88.745972
104.870922 29.589514 94.279853
104.870339 30.040465 96.290554
104.869742 30.491417 101.453996
104.869131 30.942369 113.589148
104.868507 31.393320 120.193817
104.867868 31.844272 122.607411
104.867215 32.295223 121.331333
104.866547 32.746175 122.783859
104.865864 33.197127 121.694828
104.865165 33.648078 124.211720
104.864451 34.099030 128.328685
104.863720 34.549981 133.511918
104.862974 35.000933 131.510389
104.862210 35.451885 137.423457
104.861429 35.902836 131.864468
104.860631 36.353788 125.518823
104.859814 36.804739 119.700482
104.858979 37.255691 111.985452
104.858126 37.706643 107.221579
104.857253 38.157594 106.906027
104.856360 38.608546 109.304003
104.855447 39.059497 107.509117
104.854513 39.510449 102.130585
104.853558 39.961401 98.151332
104.852582 40.412352 96.557898
104.851582 40.863304 95.943062
104.850560 41.314255 92.066407
104.849515 41.765207 82.499455
104.848445 42.216159 63.417135
105.367915 21.923337 66.358214
105.369096 22.374288 90.380781
105.370307 22.825240 89.938166
105.371549 23.276191 91.506798
105.372823 23.727143 95.759898
105.374129 24.178095 96.372589
105.375467 24.629046 99.554192
105.376839 25.079998 109.750012
105.378244 25.530949 114.487843
105.379683 25.981901 117.805354
105.381157 26.432853 119.448874
105.382666 26.883804 106.809546
105.384211 27.334756 96.424665
105.385792 27.785707 95.196293
105.387411 28.236659 98.730672
105.389067 28.687611 105.358121
105.390762 29.138562 114.266309
105.392497 29.589514 122.350696
105.394271 30.040465 130.971824
105.396086 30.491417 139.229265
105.397942 30.942369 144.624536
105.399841 31.393320 143.702707
105.401784 31.844272 141.818798
105.403770 32.295223 138.145800
105.405801 32.746175 137.199995
105.407878 33.197127 138.197089
105.410002 33.648078 141.229106
105.412174 34.099030 146.827513
105.414395 34.549981 151.259657
105.416666 35.000933 159.431769
105.418989 35.451885 169.209354
105.421363 35.902836 162.931498
105.423791 36.353788 156.010626
105.426273 36.804739 144.272655
105.428812 37.255691 130.490411
105.431408 37.706643 125.382716
105.434062 38.157594 128.297729
105.436777 38.608546 130.460082
105.439553 39.059497 128.197039
105.442392 39.510449 120.932488
105.445296 39.961401 117.174049
105.448266 40.412352 115.863137
105.451305 40.863304 115.506981
105.454413 41.314255 111.004057
105.457592 41.765207 100.874719
105.460846 42.216159 80.862235
105.856825 21.923337 64.918398
105.859574 22.374288 85.654182
105.862395 22.825240 76.765910
105.865288 23.276191 76.397166
105.868254 23.727143 87.367086
105.871296 24.178095 95.139907
105.874412 24.629046 101.962912
105.877606 25.079998 112.131317
105.880878 25.530949 112.306344
105.884230 25.981901 109.873393
105.887662 26.432853 112.908122
105.891176 26.883804 107.674160
105.894774 27.334756 103.043654
105.898457 27.785707 103.635043
105.902227 28.236659 106.760988
105.906085 28.687611 112.791828
105.910032 29.138562 120.747656
105.914071 29.589514 126.875644
105.918203 30.040465 134.923543
105.922430 30.491417 141.950767
105.926754 30.942369 143.557019
105.931176 31.393320 141.622418
105.935699 31.844272 138.602187
105.940325 32.295223 136.036224
105.945056 32.746175 137.653896
105.949893 33.197127 139.601842
105.954840 33.648078 141.801307
105.959898 34.099030 146.867525
105.965070 34.549981 146.442549
105.970359 35.000933 153.411909
105.975767 35.451885 161.956902
105.981297 35.902836 156.893562
105.986951 36.353788 152.150575
105.992732 36.804739 141.022480
105.998644 37.255691 133.432029
106.004689 37.706643 133.056326
106.010871 38.157594 137.594838
106.017193 38.608546 142.777507
106.023659 39.059497 138.492498
106.030271 39.510449 128.324219
106.037034 39.961401 126.239440
106.043951 40.412352 126.170472
106.051027 40.863304 124.397219
106.058265 41.314255 119.056339
106.065670 41.765207 108.035045
106.073247 42.216159 85.451247
106.345734 21.923337 59.737561
106.350052 22.374288 81.290377
106.354482 22.825240 78.072576
106.359026 23.276191 78.108864
106.363686 23.727143 82.111965
106.368462 24.178095 86.044216
106.373357 24.629046 86.329126
106.378374 25.079998 96.359034
106.383512 25.530949 97.757093
106.388776 25.981901 94.772324
106.394167 26.432853 98.713621
106.399687 26.883804 100.843577
106.405338 27.334756 102.083409
106.411122 27.785707 104.292668
106.417043 28.236659 106.472301
106.423102 28.687611 110.436772
106.429302 29.138562 115.118648
106.435645 29.589514 118.418713
106.442135 30.040465 123.787299
106.448774 30.491417 129.829212
106.455565 30.942369 132.562972
106.462511 31.393320 132.813848
106.469615 31.844272 129.974693
106.476880 32.295223 126.417571
106.484310 32.746175 126.018678
106.491908 33.197127 128.066241
106.499677 33.648078 129.756188
106.507622 34.099030 130.216515
106.515745 34.549981 130.588105
106.524052 35.000933 136.790728
106.532546 35.451885 142.828961
106.541230 35.902836 139.067931
106.550111 36.353788 136.608644
106.559191 36.804739 133.833554
106.568476 37.255691 131.046488
106.577971 37.706643 133.518734
106.587681 38.157594 140.613763
106.597610 38.608546 144.609221
106.607764 39.059497 136.110554
106.618149 39.510449 127.370735
106.628771 39.961401 125.319125
106.639635 40.412352 124.926123
106.650749 40.863304 124.220305
106.662117 41.314255 118.245530
106.673748 41.765207 105.832337
106.685648 42.216159 83.130630
106.834643 21.923337 56.653785
106.840530 22.374288 81.776886
106.846570 22.825240 85.572826
106.852765 23.276191 87.324735
106.859117 23.727143 86.529993
106.865628 24.178095 83.068557
106.872302 24.629046 84.552632
106.879141 25.079998 88.197875
106.886147 25.530949 90.645213
106.893323 25.981901 88.099597
106.900672 26.432853 90.668827
106.908197 26.883804 94.999929
106.915901 27.334756 99.094749
106.923787 27.785707 101.889491
106.931859 28.236659 103.402126
106.940119 28.687611 105.786518
106.948572 29.138562 108.240624
106.957220 29.589514 108.790436
106.966067 30.040465 111.823112
106.975118 30.491417 117.246899
106.984376 30.942369 121.780018
106.993846 31.393320 124.067104
107.003530 31.844272 123.585932
107.013435 32.295223 118.686427
107.023564 32.746175 116.856071
107.033922 33.197127 118.876436
107.044514 33.648078 120.962620
107.055345 34.099030 122.284528
107.066420 34.549981 123.909865
107.077745 35.000933 129.505112
107.089324 35.451885 130.518654
107.101164 35.902836 126.179188
107.113271 36.353788 123.611941
107.125650 36.804739 121.073971
107.138309 37.255691 121.498938
107.151253 37.706643 125.273215
107.164490 38.157594 130.334477
107.178026 38.608546 132.194668
107.191870 39.059497 128.156296
107.206028 39.510449 122.097699
107.220509 39.961401 120.042911
107.235320 40.412352 121.019997
107.250471 40.863304 120.762880
107.265970 41.314255 113.353000
107.281826 41.765207 101.145794
107.298049 42.216159 79.979924
107.323552 21.923337 53.038852
107.331008 22.374288 78.664110
107.338658 22.825240 82.837144
107.346503 23.276191 81.204818
107.354548 23.727143 80.760173
107.362795 24.178095 83.689030
107.371247 24.629046 89.656261
107.379908 25.079998 92.071533
107.388781 25.530949 92.436618
107.397870 25.981901 90.447766
107.407177 26.432853 90.631634
107.416708 26.883804 93.729403
107.426465 27.334756 97.538605
107.436453 27.785707 99.294870
107.446675 28.236659 99.731647
107.457136 28.687611 100.353325
107.467841 29.138562 100.312879
107.478794 29.589514 98.374737
107.489999 30.040465 98.527044
107.501462 30.491417 101.561255
107.513187 30.942369 106.453355
107.525180 31.393320 111.209576
107.537446 31.844272 112.102142
107.549990 32.295223 109.923838
107.562819 32.746175 108.994470
107.575937 33.197127 110.358363
107.589352 33.648078 112.692087
107.603069 34.099030 117.035335
107.617095 34.549981 119.668808
107.631438 35.000933 121.935531
107.646103 35.451885 122.261625
107.661098 35.902836 117.551506
107.676431 36.353788 114.355129
107.692109 36.804739 114.198437
107.708141 37.255691 114.795193
107.724535 37.706643 117.477147
107.741299 38.157594 121.361209
107.758443 38.608546 123.204809
107.775976 39.059497 119.428822
107.793907 39.510449 113.510044
107.812246 39.961401 111.261882
107.831005 40.412352 115.479797
107.850193 40.863304 115.332479
107.869822 41.314255 107.663255
107.889903 41.765207 96.022516
107.910450 42.216159 76.875068
107.812462 21.923337 40.263431
107.821486 22.374288 68.945537
107.830745 22.825240 78.951420
107.840242 23.276191 79.784070
107.849979 23.727143 81.618912
107.859961 24.178095 81.521684
107.870192 24.629046 88.553156
107.880676 25.079998 91.535115
107.891416 25.530949 93.369023
107.902416 25.981901 94.589958
107.913682 26.432853 93.564525
107.925218 26.883804 93.360355
107.937028 27.334756 95.531057
107.949118 27.785707 95.657215
107.961491 28.236659 95.116005
107.974154 28.687611 95.319812
107.987111 29.138562 94.181852
108.000368 29.589514 91.947249
108.013932 30.040465 91.542503
108.027806 30.491417 90.508644
108.041999 30.942369 92.525151
108.056515 31.393320 97.291565
108.071362 31.844272 100.582875
108.086545 32.295223 101.326904
108.102073 32.746175 102.007008
108.117952 33.197127 102.810027
108.134189 33.648078 105.792870
108.150793 34.099030 111.213251
108.167770 34.549981 114.321130
108.185130 35.000933 116.103029
108.202881 35.451885 116.372819
108.221032 35.902836 112.092945
108.239591 36.353788 110.824778
108.258568 36.804739 110.442904
108.277973 37.255691 110.638879
108.297817 37.706643 112.568436
108.318108 38.157594 114.639992
108.338860 38.608546 115.694843
108.360081 39.059497 111.173430
108.381785 39.510449 104.709373
108.403984 39.961401 103.812461
108.426689 40.412352 107.140158
108.449915 40.863304 108.899167
108.473674 41.314255 103.477507
108.497981 41.765207 92.593033
108.522850 42.216159 74.723893
108.301371 21.923337 36.308433
108.311965 22.374288 64.449020
108.322833 22.825240 77.271206
108.333980 23.276191 82.324779
108.345410 23.727143 83.680972
108.357128 24.178095 83.110642
108.369137 24.629046 85.311849
108.381443 25.079998 87.436840
108.394050 25.530949 90.876837
108.406963 25.981901 94.276581
108.420188 26.432853 92.469633
108.433729 26.883804 91.614464
108.447592 27.334756 91.734830
108.461783 27.785707 91.921522
108.476307 28.236659 91.659026
108.491171 28.687611 91.483907
108.506381 29.138562 90.614632
108.521943 29.589514 88.857573
108.537864 30.040465 87.600146
108.554150 30.491417 86.184686
108.570810 30.942369 87.973369
108.587850 31.393320 92.124602
108.605277 31.844272 95.437698
108.623100 32.295223 97.437464
108.641327 32.746175 97.291627
108.659966 33.197127 97.608431
108.679026 33.648078 100.383652
108.698516 34.099030 105.379756
108.718445 34.549981 107.804346
108.738823 35.000933 110.773835
108.759660 35.451885 110.691541
108.780966 35.902836 108.189454
108.802751 36.353788 107.783610
108.825027 36.804739 107.491809
108.847806 37.255691 107.326812
108.871099 37.706643 109.617483
108.894918 38.157594 110.637595
108.919276 38.608546 108.776258
108.944187 39.059497 103.611456
108.969664 39.510449 98.090764
108.995721 39.961401 97.918115
109.022374 40.412352 100.188791
109.049637 40.863304 102.507030
109.077527 41.314255 100.129249
109.106059 41.765207 91.478605
109.135251 42.216159 74.503129
108.790280 21.923337 37.702423
108.802443 22.374288 64.710283
108.814921 22.825240 76.739907
108.827719 23.276191 83.179795
108.840842 23.727143 81.213567
108.854294 24.178095 77.659032
108.868082 24.629046 80.013025
108.882210 25.079998 84.986342
108.896684 25.530949 86.577449
108.911510 25.981901 87.146885
108.926693 26.432853 86.166457
108.942239 26.883804 87.111824
108.958155 27.334756 85.205078
108.974448 27.785707 84.229892
108.991123 28.236659 85.379392
109.008188 28.687611 86.695378
109.025651 29.138562 87.658030
109.043517 29.589514 88.590892
109.061796 30.040465 88.730780
109.080494 30.491417 89.314610
109.099621 30.942369 91.546732
109.119184 31.393320 94.896845
109.139193 31.844272 97.153547
109.159655 32.295223 98.213091
109.180582 32.746175 97.692769
109.201981 33.197127 95.471076
109.223864 33.648078 96.853280
109.246240 34.099030 99.508199
109.269120 34.549981 100.488823
109.292516 35.000933 103.739328
109.316438 35.451885 103.581254
109.340899 35.902836 101.827811
109.365911 36.353788 102.034794
109.391486 36.804739 101.462126
109.417638 37.255691 102.212135
109.444380 37.706643 102.123419
109.471727 38.157594 100.002207
109.499693 38.608546 97.237189
109.528293 39.059497 94.553025
109.557543 39.510449 93.692764
109.587459 39.961401 93.998889
109.618059 40.412352 97.264311
109.649359 40.863304 101.336909
109.681379 41.314255 101.173185
109.714137 41.765207 94.800699
109.747652 42.216159 76.526296
109.279189 21.923337 38.702721
109.292921 22.374288 67.614952
109.307008 22.825240 78.370313
109.321457 23.276191 80.386626
109.336273 23.727143 79.076371
109.351461 24.178095 76.956043
109.367027 24.629046 78.372223
109.382978 25.079998 80.962849
109.399319 25.530949 80.178925
109.416057 25.981901 82.299380
109.433198 26.432853 82.657013
109.450750 26.883804 80.639715
109.468719 27.334756 76.840899
109.487113 27.785707 75.556590
109.505939 28.236659 77.186435
109.525206 28.687611 80.423352
109.544920 29.138562 83.677328
109.565092 29.589514 85.543770
109.585728 30.040465 85.338973
109.606839 30.491417 85.616354
109.628432 30.942369 89.875503
109.650519 31.393320 94.145596
109.673108 31.844272 94.928581
109.696210 32.295223 96.566815
109.719836 32.746175 94.507163
109.743996 33.197127 91.654677
109.768701 33.648078 92.483297
109.793964 34.099030 93.609778
109.819795 34.549981 95.029051
109.846209 35.000933 98.040796
109.873217 35.451885 97.569782
109.900833 35.902836 96.397614
109.929071 36.353788 95.424451
109.957945 36.804739 94.592435
109.987470 37.255691 93.346349
110.017662 37.706643 90.741121
110.048536 38.157594 87.461854
110.080109 38.608546 85.174420
110.112398 39.059497 84.697855
110.145421 39.510449 87.800705
110.179197 39.961401 91.256530
110.213743 40.412352 95.716678
110.249081 40.863304 101.471145
110.285231 41.314255 104.268449
110.322214 41.765207 96.651296
110.360053 42.216159 77.135313
109.768099 21.923337 36.213347
109.783399 22.374288 63.976291
109.799096 22.825240 77.679393
109.815196 23.276191 77.949158
109.831704 23.727143 72.877964
109.848627 24.178095 72.353960
109.865972 24.629046 75.672363
109.883745 25.079998 77.996326
109.901953 25.530949 77.883962
109.920603 25.981901 84.469287
109.939703 26.432853 80.854839
109.959260 26.883804 76.166902
109.979282 27.334756 72.768412
109.999778 27.785707 71.768232
110.020755 28.236659 73.166456
110.042223 28.687611 75.335105
110.064190 29.138562 78.010784
110.086666 29.589514 79.490538
110.109660 30.040465 79.798245
110.133183 30.491417 81.584560
110.157244 30.942369 89.054184
110.181854 31.393320 95.028120
110.207024 31.844272 93.510034
110.232765 32.295223 90.572729
110.259090 32.746175 86.622689
110.286010 33.197127 85.947005
110.313538 33.648078 85.907626
110.341687 34.099030 87.529743
110.370470 34.549981 90.175722
110.399902 35.000933 93.786307
110.429996 35.451885 93.267562
110.460767 35.902836 90.727447
110.492231 36.353788 89.306314
110.524404 36.804739 88.437665
110.557303 37.255691 86.066159
110.590944 37.706643 83.668122
110.625346 38.157594 80.843736
110.660526 38.608546 79.456907
110.696504 39.059497 80.934403
110.733300 39.510449 86.732163
110.770934 39.961401 92.717342
110.809428 40.412352 98.973888
110.848803 40.863304 103.840496
110.889084 41.314255 102.847663
110.930292 41.765207 94.441425
110.972454 42.216159 77.011710
110.257008 21.923337 33.989211
110.273877 22.374288 56.282093
110.291184 22.825240 72.679850
110.308934 23.276191 74.266547
110.327135 23.727143 66.309410
110.345794 24.178095 64.517503
110.364917 24.629046 78.864328
110.384512 25.079998 86.772655
110.404587 25.530949 85.846078
110.425150 25.981901 85.876397
110.446208 26.432853 77.848181
110.467771 26.883804 74.119556
110.489846 27.334756 72.741169
110.512443 27.785707 71.369842
110.535571 28.236659 72.306430
110.559240 28.687611 73.945105
110.583460 29.138562 75.480278
110.608240 29.589514 77.671942
110.633592 30.040465 79.312217
110.659527 30.491417 81.118748
110.686055 30.942369 88.834734
110.713188 31.393320 92.502528
110.740939 31.844272 84.435436
110.769321 32.295223 85.412059
110.798345 32.746175 85.025102
110.828025 33.197127 82.086308
110.858376 33.648078 80.623374
110.889411 34.099030 80.935596
110.921145 34.549981 84.263999
110.953594 35.000933 88.402488
110.986774 35.451885 88.506498
111.020701 35.902836 86.336757
111.055391 36.353788 86.512378
111.090863 36.804739 86.348016
111.127135 37.255691 84.445043
111.164226 37.706643 82.507446
111.202155 38.157594 80.961570
111.240942 38.608546 80.291349
111.280610 39.059497 84.462528
111.321179 39.510449 95.298929
111.362672 39.961401 101.345256
111.405112 40.412352 101.641987
111.448525 40.863304 101.188746
111.492936 41.314255 97.548905
111.538370 41.765207 90.805735
111.584855 42.216159 75.164739
110.745917 21.923337 34.847298
110.764355 22.374288 59.280130
110.783271 22.825240 72.366461
110.802673 23.276191 72.503801
110.822566 23.727143 66.436782
110.842960 24.178095 70.002059
110.863862 24.629046 85.013527
110.885280 25.079998 87.964125
110.907222 25.530949 77.496654
110.929697 25.981901 85.525952
110.952713 26.432853 80.305480
110.976281 26.883804 76.584556
111.000409 27.334756 74.834949
111.025108 27.785707 71.254430
111.050387 28.236659 73.812839
111.076258 28.687611 78.266649
111.102730 29.138562 80.207242
111.129815 29.589514 82.335933
111.157524 30.040465 83.951233
111.185871 30.491417 82.886671
111.214866 30.942369 84.191788
111.244523 31.393320 83.467290
111.274855 31.844272 83.941767
111.305876 32.295223 88.629196
111.337599 32.746175 87.176974
111.370040 33.197127 82.329712
111.403213 33.648078 77.793652
111.437135 34.099030 77.148105
111.471820 34.549981 79.422604
111.507287 35.000933 82.336334
111.543553 35.451885 83.075000
111.580634 35.902836 82.944347
111.618551 36.353788 84.190408
111.657322 36.804739 85.288728
111.696967 37.255691 85.323727
111.737508 37.706643 84.498909
111.778964 38.157594 84.988788
111.821359 38.608546 90.240012
111.864715 39.059497 97.342848
111.909057 39.510449 102.720513
111.954409 39.961401 101.614264
112.000797 40.412352 98.163523
112.048248 40.863304 96.243802
112.096788 41.314255 93.647641
112.146448 41.765207 87.211493
112.197256 42.216159 72.159461
111.234826 21.923337 43.305390
111.254833 22.374288 66.300974
111.275359 22.825240 72.599935
111.296411 23.276191 73.633273
111.317998 23.727143 69.284857
111.340127 24.178095 73.057078
111.362807 24.629046 84.079759
111.386047 25.079998 81.873768
111.409856 25.530949 80.543886
111.434243 25.981901 83.443637
111.459219 26.432853 84.674508
111.484792 26.883804 82.135182
111.510973 27.334756 81.807992
111.537773 27.785707 76.505461
111.565203 28.236659 78.040020
111.593275 28.687611 82.417394
111.621999 29.138562 84.709124
111.651389 29.589514 87.093573
111.681457 30.040465 87.700357
111.712215 30.491417 87.091512
111.743677 30.942369 85.179524
111.775858 31.393320 84.708194
111.808771 31.844272 90.481248
111.842431 32.295223 93.561416
111.876853 32.746175 91.958511
111.912054 33.197127 85.858540
111.948050 33.648078 79.547742
111.984858 34.099030 76.696053
112.022495 34.549981 78.203820
112.060980 35.000933 80.356696
112.100331 35.451885 79.580029
112.140568 35.902836 78.369419
112.181711 36.353788 80.320646
112.223781 36.804739 82.583168
112.266800 37.255691 82.350513
112.310789 37.706643 81.884907
112.355773 38.157594 86.041506
112.401776 38.608546 91.606478
112.448821 39.059497 94.351697
112.496936 39.510449 98.947254
112.546147 39.961401 97.984633
112.596482 40.412352 96.394646
112.647970 40.863304 93.521481
112.700640 41.314255 90.341927
112.754526 41.765207 83.830713
112.809657 42.216159 68.419658
111.723736 21.923337 52.084241
111.745311 22.374288 70.683866
111.767447 22.825240 73.114988
111.790149 23.276191 72.682034
111.813429 23.727143 73.076993
111.837293 24.178095 72.760335
111.861752 24.629046 81.262731
111.886814 25.079998 75.891829
111.912490 25.530949 79.085886
111.938790 25.981901 78.057064
111.965724 26.432853 81.782975
111.993302 26.883804 77.660087
112.021537 27.334756 82.671279
112.050438 27.785707 82.281862
112.080019 28.236659 76.843026
112.110292 28.687611 77.657856
112.141269 29.138562 80.001267
112.172963 29.589514 83.065250
112.205389 30.040465 86.291931
112.238559 30.491417 87.466784
112.272488 30.942369 87.972009
112.307192 31.393320 91.041070
112.342686 31.844272 95.400864
112.378986 32.295223 96.873447
112.416108 32.746175 94.024668
112.454069 33.197127 87.370442
112.492888 33.648078 82.822320
112.532582 34.099030 81.469720
112.573170 34.549981 82.783518
112.614673 35.000933 83.491330
112.657110 35.451885 80.624167
112.700502 35.902836 76.519455
112.744871 36.353788 75.560560
112.790240 36.804739 74.965338
112.836632 37.255691 75.973880
112.884071 37.706643 81.787086
112.932583 38.157594 85.759896
112.982192 38.608546 88.112910
113.032927 39.059497 91.145971
113.084815 39.510449 96.671456
113.137884 39.961401 95.980539
113.192166 40.412352 92.667735
113.247692 40.863304 93.153153
113.304493 41.314255 91.323737
113.362603 41.765207 83.001294
113.422058 42.216159 65.561396
112.212645 21.923337 50.541100
112.235789 22.374288 68.533244
112.259534 22.825240 67.689700
112.283888 23.276191 64.784813
112.308860 23.727143 68.255311
112.334460 24.178095 72.937409
112.360697 24.629046 79.230935
112.387582 25.079998 73.745065
112.415125 25.530949 74.719767
112.443337 25.981901 79.848159
112.472229 26.432853 80.486211
112.501813 26.883804 75.578899
112.532100 27.334756 76.478283
112.563103 27.785707 79.199217
112.594836 28.236659 76.734480
112.627309 28.687611 75.747871
112.660539 29.138562 76.973336
112.694538 29.589514 79.787355
112.729321 30.040465 84.921831
112.764903 30.491417 85.403132
112.801300 30.942369 88.091672
112.838527 31.393320 92.276957
112.876602 31.844272 96.799303
112.915541 32.295223 96.421887
112.955362 32.746175 91.113827
112.996084 33.197127 85.447864
113.037725 33.648078 82.507771
113.080305 34.099030 83.088096
113.123845 34.549981 86.608442
113.168366 35.000933 87.494410
113.213888 35.451885 82.943147
113.260436 35.902836 78.046999
113.308031 36.353788 72.401030
113.356699 36.804739 71.430742
113.406465 37.255691 76.603172
113.457353 37.706643 82.590430
113.509392 38.157594 85.993211
113.562609 38.608546 87.131395
113.617032 39.059497 87.462487
113.672693 39.510449 94.969152
113.729622 39.961401 90.830528
113.787851 40.412352 90.524611
113.847414 40.863304 96.127312
113.908345 41.314255 95.627629
113.970681 41.765207 83.280261
114.034459 42.216159 64.294674
112.701554 21.923337 46.531890
112.726268 22.374288 64.040653
112.751622 22.825240 62.595437
112.777626 23.276191 58.860940
112.804291 23.727143 62.051398
112.831626 24.178095 70.298252
112.859642 24.629046 73.968615
112.888349 25.079998 72.123716
112.917759 25.530949 63.491338
112.947883 25.981901 75.672397
112.978734 26.432853 78.413293
113.010323 26.883804 74.239323
113.042664 27.334756 78.432852
113.075769 27.785707 80.491601
113.109652 28.236659 80.291843
113.144327 28.687611 79.574313
113.179809 29.138562 80.112311
113.216112 29.589514 82.483910
113.253253 30.040465 86.311648
113.291247 30.491417 79.136129
113.330111 30.942369 81.484444
113.369862 31.393320 89.578760
113.410517 31.844272 95.098425
113.452096 32.295223 92.238639
113.494616 32.746175 87.245139
113.538098 33.197127 84.611050
113.582562 33.648078 85.497519
113.628029 34.099030 87.806244
113.674520 34.549981 91.213293
113.722058 35.000933 93.262982
113.770667 35.451885 89.102704
113.820370 35.902836 83.014142
113.871191 36.353788 75.830244
113.923158 36.804739 75.076804
113.976297 37.255691 77.219284
114.030635 37.706643 79.540298
114.086201 38.157594 81.572071
114.143025 38.608546 80.460442
114.201138 39.059497 81.184822
114.260572 39.510449 86.909710
114.321360 39.961401 86.261337
114.383536 40.412352 89.601287
114.447136 40.863304 96.358985
114.512197 41.314255 98.366495
114.578759 41.765207 92.816094
114.646860 42.216159 68.656762
113.190463 21.923337 43.451251
113.216746 22.374288 60.430392
113.243709 22.825240 61.640530
113.271365 23.276191 60.161778
113.299722 23.727143 66.042970
113.328793 24.178095 71.333905
113.358587 24.629046 73.652311
113.389116 25.079998 74.686290
113.420393 25.530949 63.995163
113.452430 25.981901 68.822515
113.485239 26.432853 69.254947
113.518834 26.883804 70.036156
113.553227 27.334756 77.635980
113.588434 27.785707 78.598594
113.624468 28.236659 78.025867
113.661344 28.687611 79.408579
113.699078 29.138562 81.883428
113.737687 29.589514 84.865228
113.777185 30.040465 85.575243
113.817591 30.491417 70.288030
113.858922 30.942369 73.898369
113.901196 31.393320 87.717395
113.944433 31.844272 92.353148
113.988651 32.295223 88.523395
114.033871 32.746175 84.689727
114.080113 33.197127 82.793647
114.127400 33.648078 84.631146
114.175753 34.099030 89.329510
114.225195 34.549981 94.112287
114.275751 35.000933 94.885573
114.327445 35.451885 91.908606
114.380303 35.902836 85.748920
114.434351 36.353788 80.613618
114.489617 36.804739 79.694514
114.546129 37.255691 82.349520
114.603917 37.706643 85.550413
114.663010 38.157594 87.201903
114.723442 38.608546 85.573819
114.785244 39.059497 85.009497
114.848451 39.510449 78.982252
114.913097 39.961401 74.907561
114.979220 40.412352 82.152589
115.046858 40.863304 86.404936
115.116050 41.314255 92.067553
115.186837 41.765207 100.105323
115.259261 42.216159 67.218383
113.679373 21.923337 40.405231
113.707224 22.374288 58.287398
113.735797 22.825240 63.502763
113.765103 23.276191 63.468808
113.795153 23.727143 66.294747
113.825959 24.178095 74.789529
113.857532 24.629046 72.141555
113.889884 25.079998 74.147721
113.923028 25.530949 69.230921
113.956977 25.981901 62.374610
113.991744 26.432853 56.943181
114.027344 26.883804 66.593508
114.063791 27.334756 75.231241
114.101099 27.785707 81.426891
114.139284 28.236659 76.996904
114.178361 28.687611 74.982188
114.218348 29.138562 80.422624
114.259261 29.589514 85.361388
114.301117 30.040465 84.167997
114.343935 30.491417 75.625651
114.387733 30.942369 82.364925
114.432531 31.393320 90.514804
114.478348 31.844272 91.379557
114.525206 32.295223 86.168204
114.573125 32.746175 78.771041
114.622128 33.197127 71.711926
114.672237 33.648078 72.884608
114.723476 34.099030 80.502576
114.775870 34.549981 87.364767
114.829444 35.000933 89.949667
114.884224 35.451885 88.835012
114.940237 35.902836 86.101448
114.997511 36.353788 85.701815
115.056076 36.804739 86.350038
115.115962 37.255691 89.019931
115.177199 37.706643 91.522055
115.239820 38.157594 89.493712
115.303858 38.608546 87.196924
115.369350 39.059497 82.549524
115.436329 39.510449 73.323070
115.504835 39.961401 69.327470
115.574905 40.412352 75.478445
115.646580 40.863304 80.021009
115.719902 41.314255 84.441162
115.794914 41.765207 94.096655
115.871662 42.216159 67.139498
114.168282 21.923337 40.658338
114.197702 22.374288 60.376633
114.227885 22.825240 67.542642
114.258842 23.276191 68.731957
114.290585 23.727143 72.031776
114.323125 24.178095 75.604312
114.356477 24.629046 73.280460
114.390651 25.079998 74.434125
114.425662 25.530949 71.732094
114.461524 25.981901 73.266393
114.498249 26.432853 70.922517
114.535855 26.883804 74.974036
114.574354 27.334756 83.442716
114.613764 27.785707 85.723505
114.654100 28.236659 81.664909
114.695379 28.687611 74.605799
114.737618 29.138562 79.889887
114.780835 29.589514 84.889705
114.825049 30.040465 84.720393
114.870279 30.491417 84.748252
114.916545 30.942369 90.176915
114.963866 31.393320 91.680577
115.012264 31.844272 89.182164
115.061761 32.295223 84.809607
115.112379 32.746175 74.809256
115.164142 33.197127 64.141198
115.217074 33.648078 65.082632
115.271200 34.099030 71.787092
115.326545 34.549981 78.729530
115.383137 35.000933 82.141110
115.441003 35.451885 83.015346
115.500171 35.902836 82.996337
115.560671 36.353788 84.146747
115.622535 36.804739 84.265063
115.685794 37.255691 85.622251
115.750480 37.706643 86.246350
115.816629 38.157594 85.223230
115.884275 38.608546 83.334445
115.953455 39.059497 81.805909
116.024208 39.510449 79.699917
116.096572 39.961401 79.022949
116.170590 40.412352 79.791836
116.246302 40.863304 80.134995
116.323754 41.314255 79.713042
116.402992 41.765207 87.803904
116.484063 42.216159 70.000630
114.657191 21.923337 42.961680
114.688180 22.374288 64.143946
114.719972 22.825240 70.983980
114.752580 23.276191 72.920914
114.786016 23.727143 75.510210
114.820292 24.178095 77.315152
114.855422 24.629046 74.133549
114.891418 25.079998 73.685932
114.928297 25.530949 71.615344
114.966070 25.981901 73.998831
115.004755 26.432853 74.447240
115.044365 26.883804 80.368589
115.084918 27.334756 83.265108
115.126429 27.785707 80.271339
115.168916 28.236659 80.612844
115.212396 28.687611 77.131922
115.256888 29.138562 69.931664
115.302410 29.589514 76.902203
115.348982 30.040465 83.974238
115.396623 30.491417 90.514858
115.445356 30.942369 93.846165
115.495201 31.393320 85.137827
115.546180 31.844272 82.192919
115.598316 32.295223 80.625517
115.651634 32.746175 72.889145
115.706157 33.197127 61.264419
115.761912 33.648078 59.335486
115.818924 34.099030 63.508578
115.877220 34.549981 68.928284
115.936830 35.000933 73.541536
115.997781 35.451885 76.732677
116.060105 35.902836 76.303954
116.123832 36.353788 75.793927
116.188994 36.804739 76.369547
116.255626 37.255691 80.420789
116.323762 37.706643 83.831430
116.393438 38.157594 80.532522
116.464692 38.608546 79.115390
116.537561 39.059497 81.098826
116.612086 39.510449 82.240150
116.688310 39.961401 84.071455
116.766274 40.412352 81.919358
116.846024 40.863304 76.902831
116.927607 41.314255 75.648221
117.011070 41.765207 80.185327
117.096464 42.216159 60.229362
115.146100 21.923337 42.950181
115.178658 22.374288 63.752084
115.212060 22.825240 70.393978
115.246319 23.276191 72.800757
115.281447 23.727143 71.294115
115.317458 24.178095 71.956048
115.354367 24.629046 73.398240
115.392186 25.079998 72.499508
115.430931 25.530949 70.585622
115.470617 25.981901 74.356452
115.511260 26.432853 78.974868
115.552876 26.883804 83.483095
115.595481 27.334756 81.740300
115.639094 27.785707 74.674822
115.683732 28.236659 75.883338
115.729413 28.687611 73.728156
115.776157 29.138562 72.171255
115.823984 29.589514 74.417420
115.872914 30.040465 83.326020
115.922967 30.491417 89.884614
115.974167 30.942369 88.279701
116.026535 31.393320 82.174184
116.080095 31.844272 80.712623
116.134871 32.295223 78.810844
116.190888 32.746175 71.986664
116.248172 33.197127 59.139952
116.306749 33.648078 55.697940
116.366647 34.099030 56.676930
116.427895 34.549981 58.445634
116.490522 35.000933 59.542695
116.554560 35.451885 61.482182
116.620038 35.902836 62.902271
116.686992 36.353788 63.472262
116.755453 36.804739 65.021235
116.825459 37.255691 68.243902
116.897044 37.706643 73.843045
116.970247 38.157594 77.974642
117.045108 38.608546 78.496740
117.121667 39.059497 79.303471
117.199965 39.510449 79.104148
117.280047 39.961401 78.359856
117.361959 40.412352 70.412578
117.445746 40.863304 65.494197
117.531459 41.314255 69.332993
117.619148 41.765207 72.847274
117.708865 42.216159 53.929323
115.635010 21.923337 41.300438
115.669136 22.374288 61.610703
115.704148 22.825240 68.856714
115.740057 23.276191 70.707395
115.776878 23.727143 66.371157
115.814625 24.178095 64.112202
115.853312 24.629046 68.579180
115.892953 25.079998 71.947253
115.933565 25.530949 70.353570
115.975164 25.981901 73.693072
116.017765 26.432853 80.995004
116.061386 26.883804 84.304377
116.106045 27.334756 83.451008
116.151759 27.785707 80.842048
116.198548 28.236659 75.012814
116.246431 28.687611 71.562347
116.295427 29.138562 71.834207
116.345559 29.589514 71.700211
116.396846 30.040465 80.970381
116.449312 30.491417 86.839641
116.502978 30.942369 79.523269
116.557870 31.393320 82.767754
116.614011 31.844272 83.020950
116.671426 32.295223 78.893514
116.730142 32.746175 71.573721
116.790187 33.197127 60.351593
116.851586 33.648078 55.984275
116.914371 34.099030 56.464286
116.978570 34.549981 57.281087
117.044215 35.000933 57.867419
117.111338 35.451885 58.957151
117.179972 35.902836 59.503373
117.250152 36.353788 60.008575
117.321912 36.804739 60.575469
117.395291 37.255691 62.153193
117.470326 37.706643 66.774042
117.547057 38.157594 70.744549
117.625525 38.608546 71.086014
117.705772 39.059497 70.024719
117.787844 39.510449 69.446809
117.871785 39.961401 69.439502
117.957643 40.412352 65.009342
118.045468 40.863304 65.538200
118.135311 41.314255 69.569358
118.227225 41.765207 71.681095
118.321266 42.216159 54.578513
116.123919 21.923337 41.037492
116.159614 22.374288 60.898510
116.196235 22.825240 66.602397
116.233796 23.276191 68.484958
116.272309 23.727143 64.260419
116.311791 24.178095 59.444435
116.352257 24.629046 64.779274
116.393721 25.079998 69.741833
116.436200 25.530949 66.266755
116.479710 25.981901 64.718308
116.524270 26.432853 70.988840
116.569897 26.883804 78.063311
116.616608 27.334756 85.987893
116.664424 27.785707 80.469899
116.713364 28.236659 74.224695
116.763448 28.687611 70.001092
116.814697 29.138562 70.753125
116.867133 29.589514 71.338577
116.920778 30.040465 75.436955
116.975656 30.491417 81.737691
117.031790 30.942369 79.941378
117.089205 31.393320 80.371908
117.147926 31.844272 80.433935
117.207981 32.295223 79.153787
117.269397 32.746175 71.969317
117.332201 33.197127 64.082268
117.396424 33.648078 60.667806
117.462095 34.099030 60.697919
117.529245 34.549981 63.261457
117.597908 35.000933 66.009262
117.668117 35.451885 66.072837
117.739906 35.902836 65.804284
117.813312 36.353788 65.000040
117.888371 36.804739 64.408293
117.965123 37.255691 63.827810
118.043608 37.706643 64.283122
118.123866 38.157594 67.126629
118.205941 38.608546 68.823896
118.289878 39.059497 64.343633
118.375722 39.510449 62.249315
118.463523 39.961401 63.493837
118.553328 40.412352 62.919531
118.645191 40.863304 65.477620
118.739164 41.314255 70.100235
118.835303 41.765207 71.334201
118.933667 42.216159 57.146299
116.612828 21.923337 40.172093
116.650092 22.374288 59.187671
116.688323 22.825240 64.976170
116.727534 23.276191 67.196365
116.767741 23.727143 64.624934
116.808958 24.178095 62.863508
116.851201 24.629046 64.162302
116.894488 25.079998 60.906767
116.938834 25.530949 56.215461
116.984257 25.981901 60.011023
117.030775 26.432853 67.959498
117.078407 26.883804 75.278283
117.127172 27.334756 76.332262
117.177089 27.785707 67.330045
117.228180 28.236659 72.809674
117.280465 28.687611 67.800305
117.333967 29.138562 70.072071
117.388707 29.589514 68.698733
117.444710 30.040465 67.615902
117.502000 30.491417 73.188179
117.560601 30.942369 74.957933
117.620539 31.393320 77.275558
117.681842 31.844272 77.095470
117.744536 32.295223 76.397968
117.808651 32.746175 70.162281
117.874216 33.197127 66.862622
117.941261 33.648078 66.593051
118.009818 34.099030 68.810771
118.079920 34.549981 71.667156
118.151601 35.000933 71.099072
118.224895 35.451885 70.763600
118.299840 35.902836 70.852482
118.376472 36.353788 71.521130
118.454830 36.804739 69.690416
118.534956 37.255691 67.096868
118.616889 37.706643 65.354328
118.700675 38.157594 65.955096
118.786358 38.608546 68.653987
118.873984 39.059497 63.222765
118.963601 39.510449 60.836866
119.055260 39.961401 63.409922
119.149013 40.412352 61.859992
119.244913 40.863304 62.993374
119.343016 41.314255 66.794332
119.443381 41.765207 68.141000
119.546068 42.216159 51.942162
117.101737 21.923337 38.104612
117.140571 22.374288 57.431908
117.180411 22.825240 65.096731
117.221273 23.276191 68.567262
117.263172 23.727143 69.069936
117.306124 24.178095 67.227844
117.350146 24.629046 65.696414
117.395255 25.079998 59.524487
117.441468 25.530949 57.066509
117.488804 25.981901 58.208360
117.537280 26.432853 60.883101
117.586918 26.883804 68.083080
117.637735 27.334756 66.090048
117.689754 27.785707 53.745096
117.742996 28.236659 68.496824
117.797482 28.687611 67.329189
117.853236 29.138562 68.970333
117.910282 29.589514 61.467889
117.968642 30.040465 65.525282
118.028344 30.491417 69.149505
118.089412 30.942369 72.088056
118.151874 31.393320 73.102886
118.215758 31.844272 71.921824
118.281091 32.295223 70.700060
118.347906 32.746175 68.071622
118.416231 33.197127 67.585866
118.486098 33.648078 69.381482
118.557542 34.099030 71.670195
118.630595 34.549981 69.806565
118.705294 35.000933 68.897589
118.781674 35.451885 68.653822
118.859773 35.902836 69.178310
118.939632 36.353788 70.161603
119.021289 36.804739 71.369457
119.104788 37.255691 68.226655
119.190171 37.706643 64.237410
119.277485 38.157594 64.112575
119.366774 38.608546 67.452160
119.458089 39.059497 65.570273
119.551480 39.510449 61.071664
119.646998 39.961401 62.482122
119.744697 40.412352 62.955222
119.844635 40.863304 61.084189
119.946868 41.314255 65.003409
120.051459 41.765207 67.393818
120.158469 42.216159 50.960173
117.590647 21.923337 37.640795
117.631049 22.374288 55.423272
117.672498 22.825240 63.951429
117.715011 23.276191 70.301713
117.758603 23.727143 72.260269
117.803291 24.178095 70.501885
117.849091 24.629046 65.464924
117.896023 25.079998 59.284493
117.944103 25.530949 57.380862
117.993350 25.981901 60.833680
118.043786 26.432853 62.309018
118.095428 26.883804 66.438149
118.148299 27.334756 66.149172
118.202420 27.785707 57.419973
118.257812 28.236659 60.525031
118.314500 28.687611 68.406914
118.372506 29.138562 68.990724
118.431856 29.589514 63.439893
118.492574 30.040465 72.052496
118.554688 30.491417 72.492713
118.618223 30.942369 72.232810
118.683209 31.393320 71.831128
118.749673 31.844272 69.294853
118.817647 32.295223 68.398341
118.887160 32.746175 68.978039
118.958245 33.197127 68.246505
119.030936 33.648078 70.250146
119.105265 34.099030 71.192596
119.181270 34.549981 69.063958
119.258986 35.000933 67.898074
119.338452 35.451885 67.417296
119.419707 35.902836 67.462202
119.502792 36.353788 67.966946
119.587748 36.804739 68.695502
119.674620 37.255691 66.844408
119.763453 37.706643 61.843607
119.854294 38.157594 60.845322
119.947191 38.608546 64.273370
120.042195 39.059497 64.737009
120.139358 39.510449 59.812005
120.238735 39.961401 59.615917
120.340382 40.412352 64.299786
120.444357 40.863304 62.592538
120.550721 41.314255 65.517565
120.659537 41.765207 66.900715
120.770870 42.216159 49.032890
118.079556 21.923337 39.275563
118.121527 22.374288 51.623676
118.164586 22.825240 59.109638
118.208749 23.276191 66.692993
118.254034 23.727143 68.071634
118.300457 24.178095 64.482813
118.348036 24.629046 62.016135
118.396790 25.079998 59.952485
118.446737 25.530949 57.390660
118.497897 25.981901 57.250427
118.550291 26.432853 62.481236
118.603939 26.883804 62.450324
118.658862 27.334756 63.843851
118.715085 27.785707 52.421213
118.772628 28.236659 47.360262
118.831517 28.687611 60.283984
118.891776 29.138562 70.581394
118.953430 29.589514 72.694045
119.016507 30.040465 73.543331
119.081032 30.491417 73.501748
119.147034 30.942369 72.835175
119.214543 31.393320 71.572816
119.283589 31.844272 69.930545
119.354202 32.295223 70.394702
119.426414 32.746175 69.657197
119.500260 33.197127 68.964479
119.575773 33.648078 69.938311
119.652989 34.099030 71.153505
119.731945 34.549981 69.362386
119.812679 35.000933 68.301720
119.895231 35.451885 67.166525
119.979641 35.902836 66.582240
120.065952 36.353788 66.305831
120.154207 36.804739 65.941896
120.244453 37.255691 61.060134
120.336735 37.706643 55.564736
120.431103 38.157594 54.276032
120.527608 38.608546 57.012745
120.626301 39.059497 58.590486
120.727237 39.510449 53.841581
120.830473 39.961401 51.378174
120.936067 40.412352 54.161919
121.044079 40.863304 58.535693
121.154573 41.314255 61.740616
121.267614 41.765207 58.717323
121.383271 42.216159 43.016390
118.568465 21.923337 43.081428
118.612005 22.374288 45.937624
118.656674 22.825240 54.456325
118.702488 23.276191 63.039643
118.749465 23.727143 64.133693
118.797624 24.178095 61.649943
118.846981 24.629046 59.657726
118.897557 25.079998 57.557805
118.949371 25.530949 59.361693
119.002444 25.981901 54.422063
119.056796 26.432853 54.156465
119.112449 26.883804 55.687695
119.169426 27.334756 49.456142
119.227750 27.785707 44.197055
119.287444 28.236659 50.773927
119.348534 28.687611 60.112957
119.411046 29.138562 70.295741
119.475005 29.589514 70.024941
119.540439 30.040465 65.844543
119.607376 30.491417 66.589855
119.675846 30.942369 70.039617
119.745878 31.393320 71.768301
119.817504 31.844272 72.838026
119.890757 32.295223 72.274961
119.965669 32.746175 69.677120
120.042275 33.197127 67.237221
120.120610 33.648078 67.192384
120.200713 34.099030 68.753231
120.282620 34.549981 69.612582
120.366372 35.000933 67.387189
120.452009 35.451885 64.685060
120.539575 35.902836 62.743214
120.629112 36.353788 61.509223
120.720666 36.804739 57.513731
120.814285 37.255691 51.149869
120.910017 37.706643 46.166810
121.007912 38.157594 44.680603
121.108024 38.608546 46.797541
121.210406 39.059497 47.325737
121.315116 39.510449 42.435985
121.422210 39.961401 37.866522
121.531751 40.412352 36.504019
121.643801 40.863304 38.357426
121.758425 41.314255 39.397066
121.875692 41.765207 35.178491
121.995672 42.216159 25.499391
119.057374 21.923337 48.220709
119.102483 22.374288 55.764109
119.148761 22.825240 60.434585
119.196226 23.276191 65.377029
119.244897 23.727143 65.776112
119.294790 24.178095 62.524354
119.345926 24.629046 61.188799
119.398325 25.079998 60.245841
119.452006 25.530949 56.351931
119.506991 25.981901 58.937491
119.563301 26.432853 56.800031
119.620960 26.883804 62.057742
119.679990 27.334756 61.576828
119.740415 27.785707 58.309407
119.802260 28.236659 57.003932
119.865552 28.687611 61.206216
119.930316 29.138562 64.384390
119.996579 29.589514 59.332524
120.064371 30.040465 58.603255
120.133720 30.491417 64.006015
120.204657 30.942369 69.290801
120.277213 31.393320 73.120820
120.351420 31.844272 72.905292
120.427312 32.295223 68.517009
120.504923 32.746175 62.973595
120.584289 33.197127 58.563432
120.665448 33.648078 57.461932
120.748436 34.099030 58.863385
120.833295 34.549981 60.746951
120.920065 35.000933 60.246502
121.008788 35.451885 57.428248
121.099509 35.902836 54.165756
121.192272 36.353788 50.458112
121.287125 36.804739 45.602962
121.384117 37.255691 39.783613
121.483299 37.706643 35.538969
121.584722 38.157594 34.072979
121.688441 38.608546 34.977396
121.794512 39.059497 32.885691
121.902994 39.510449 28.026865
119.546284 21.923337 60.508962
119.592961 22.374288 80.617104
119.640849 22.825240 78.243549
119.689965 23.276191 73.033334
119.740328 23.727143 67.615175
119.791957 24.178095 64.283063
119.844871 24.629046 64.172917
119.899092 25.079998 62.739457
119.954640 25.530949 55.156223
120.011537 25.981901 55.664648
120.069806 26.432853 58.034962
120.129470 26.883804 63.455720
120.190553 27.334756 68.984170
120.253080 27.785707 65.614448
120.317076 28.236659 58.849691
120.382569 28.687611 59.195542
120.449585 29.138562 59.635666
120.518154 29.589514 55.171518
120.588303 30.040465 58.788893
120.660064 30.491417 63.214725
120.733468 30.942369 66.138669
120.808547 31.393320 66.363891
120.885335 31.844272 61.487313
120.963867 32.295223 56.008810
121.044177 32.746175 50.279970
121.126304 33.197127 45.885795
121.210285 33.648078 44.693105
121.296160 34.099030 44.784106
121.383970 34.549981 45.336972
121.473758 35.000933 45.366874
121.565567 35.451885 43.631798
121.659442 35.902836 39.839401
121.755432 36.353788 36.459557
121.853584 36.804739 32.860036
121.953950 37.255691 28.713979
120.035193 21.923337 69.971729
120.083439 22.374288 93.100841
120.132936 22.825240 83.577832
120.183703 23.276191 69.545420
120.235759 23.727143 61.821725
120.289123 24.178095 60.718140
120.343816 24.629046 62.586446
120.399859 25.079998 61.309188
120.457274 25.530949 55.962842
120.516084 25.981901 46.694679
120.576311 26.432853 48.667136
120.637981 26.883804 57.517450
120.701117 27.334756 60.893329
120.765745 27.785707 60.380752
120.831892 28.236659 55.661594
120.899586 28.687611 54.276193
120.968855 29.138562 56.800380
121.039728 29.589514 55.254424
121.112235 30.040465 55.137090
121.186408 30.491417 54.134535
121.262279 30.942369 49.944629
121.339882 31.393320 46.263250
121.419251 31.844272 43.213202
121.500422 32.295223 40.106997
121.583432 32.746175 35.981163
121.668319 33.197127 33.553805
121.755122 33.648078 31.975213
121.843884 34.099030 31.358571
121.934645 34.549981 31.147040
120.524102 21.923337 74.025461
120.573917 22.374288 90.501463
120.625024 22.825240 63.881614
120.677442 23.276191 34.291513
120.731190 23.727143 28.147068
120.786290 24.178095 33.731376
120.842761 24.629046 48.252392
120.900627 25.079998 52.211366
120.959909 25.530949 45.497929
121.020631 25.981901 36.763221
121.082817 26.432853 39.692935
121.146491 26.883804 47.838359
121.211680 27.334756 49.369029
121.278410 27.785707 51.194306
121.346708 28.236659 50.662785
121.416604 28.687611 48.397605
121.488125 29.138562 44.373533
121.561302 29.589514 39.111327
121.636167 30.040465 34.262507
121.712752 30.491417 31.280344
121.791091 30.942369 29.163199
121.871217 31.393320 28.033466
121.953167 31.844272 27.221806
121.013011 21.923337 64.993457
121.064395 22.374288 71.051335
121.117112 22.825240 43.924241
121.171180 23.276191 14.039057
121.226621 23.727143 9.268817
121.283456 24.178095 14.137408
121.341706 24.629046 21.147355
121.401394 25.079998 23.589689
121.462543 25.530949 21.271813
121.525177 25.981901 21.513840
121.589322 26.432853 27.119417
121.655002 26.883804 30.033179
121.722244 27.334756 30.674465
121.791075 27.785707 33.216418
121.861525 28.236659 33.923420
121.933621 28.687611 28.006781
121.501921 21.923337 47.995324
121.554874 22.374288 55.168012
121.609199 22.825240 42.217463
121.664919 23.276191 28.760839
121.722053 23.727143 36.957425
121.780622 24.178095 33.398276
121.840651 24.629046 13.305219
121.902161 25.079998 -2.616819
121.965178 25.530949 -3.731677
121.990830 21.923337 29.643524
