104.897677 21.821575 7.398587
104.897349 22.274568 10.325631
104.897012 22.727560 13.034324
104.896667 23.180553 15.118377
104.896312 23.633546 14.842839
104.895949 24.086538 15.254904
104.895577 24.539531 15.610113
104.895195 24.992524 16.697563
104.894804 25.445517 16.588746
104.894404 25.898509 16.525454
104.893993 26.351502 17.247316
104.893573 26.804495 15.521065
104.893143 27.257487 13.280583
104.892703 27.710480 12.492444
104.892252 28.163473 12.384855
104.891790 28.616466 12.701902
104.891318 29.069458 14.359386
104.890835 29.522451 15.609091
104.890341 29.975444 15.521198
104.889835 30.428436 16.405581
104.889317 30.881429 19.780407
104.888788 31.334422 22.079211
104.888247 31.787414 23.215390
104.887693 32.240407 24.641039
104.887127 32.693400 24.994941
104.886547 33.146393 25.234547
104.885955 33.599385 27.584952
104.885349 34.052378 30.020967
104.884730 34.505371 33.886339
104.884096 34.958363 33.213866
104.883448 35.411356 37.079690
104.882786 35.864349 35.802396
104.882108 36.317342 33.235589
104.881415 36.770334 30.621457
104.880707 37.223327 27.238141
104.879982 37.676320 23.697412
104.879241 38.129312 23.218404
104.878483 38.582305 23.954697
104.877708 39.035298 23.087521
104.876915 39.488290 21.786115
104.876104 39.941283 21.258190
104.875275 40.394276 20.823407
104.874426 40.847269 20.329246
104.873558 41.300261 19.055331
104.872669 41.753254 16.969398
104.871760 42.206247 13.490249
105.385707 21.821575 9.780301
105.386944 22.274568 13.711344
105.388213 22.727560 15.496920
105.389515 23.180553 16.798207
105.390851 23.633546 17.486049
105.392220 24.086538 17.429273
105.393623 24.539531 17.932409
105.395062 24.992524 20.094177
105.396535 25.445517 19.919859
105.398045 25.898509 20.330215
105.399592 26.351502 21.438556
105.401175 26.804495 19.422080
105.402797 27.257487 16.820661
105.404457 27.710480 15.634683
105.406156 28.163473 15.216147
105.407896 28.616466 15.606764
105.409675 29.069458 17.304721
105.411497 29.522451 19.053707
105.413360 29.975444 20.698967
105.415267 30.428436 22.515232
105.417218 30.881429 23.854199
105.419213 31.334422 23.619876
105.421254 31.787414 23.596179
105.423341 32.240407 23.377511
105.425476 32.693400 23.637858
105.427660 33.146393 25.110121
105.429893 33.599385 27.189844
105.432176 34.052378 30.209080
105.434511 34.505371 33.472984
105.436900 34.958363 38.104647
105.439342 35.411356 44.897005
105.441839 35.864349 43.923487
105.444393 36.317342 41.363761
105.447005 36.770334 35.572760
105.449675 37.223327 28.586123
105.452407 37.676320 25.550851
105.455200 38.129312 26.477806
105.458057 38.582305 27.168141
105.460979 39.035298 26.466571
105.463968 39.488290 24.777701
105.467025 39.941283 23.854060
105.470152 40.394276 23.250459
105.473351 40.847269 22.677241
105.476624 41.300261 21.284426
105.479973 41.753254 19.446682
105.483400 42.206247 16.292906
105.873736 21.821575 10.152256
105.876539 22.274568 13.753382
105.879414 22.727560 13.567333
105.882364 23.180553 15.020786
105.885389 23.633546 15.887551
105.888490 24.086538 14.870870
105.891670 24.539531 15.469997
105.894928 24.992524 18.532721
105.898267 25.445517 19.199507
105.901687 25.898509 19.422825
105.905190 26.351502 20.249270
105.908777 26.804495 18.962769
105.912451 27.257487 17.382809
105.916211 27.710480 16.769111
105.920061 28.163473 16.316371
105.924001 28.616466 16.587020
105.928033 29.069458 18.172610
105.932159 29.522451 19.249812
105.936380 29.975444 21.117038
105.940699 30.428436 22.856831
105.945118 30.881429 23.282513
105.949638 31.334422 22.976512
105.954261 31.787414 22.682588
105.958989 32.240407 22.594907
105.963826 32.693400 23.587591
105.968772 33.146393 25.171525
105.973830 33.599385 26.433306
105.979003 34.052378 29.085351
105.984293 34.505371 28.936399
105.989703 34.958363 32.858926
105.995235 35.411356 38.341656
106.000893 35.864349 37.700404
106.006678 36.317342 36.059219
106.012594 36.770334 31.100879
106.018644 37.223327 27.129862
106.024831 37.676320 26.315283
106.031159 38.129312 27.856377
106.037631 38.582305 30.079497
106.044250 39.035298 28.692603
106.051020 39.488290 25.450082
106.057945 39.941283 24.728761
106.065029 40.394276 24.142490
106.072276 40.847269 23.279025
106.079691 41.300261 22.158254
106.087277 41.753254 20.482198
106.095039 42.206247 16.705672
106.361766 21.821575 9.256798
106.366134 22.274568 12.599124
106.370615 22.727560 12.918661
106.375212 23.180553 13.529975
106.379927 23.633546 14.027673
106.384761 24.086538 13.569494
106.389716 24.539531 12.850036
106.394795 24.992524 15.706073
106.399998 25.445517 16.774045
106.405329 25.898509 16.636888
106.410788 26.351502 17.170988
106.416380 26.804495 17.214016
106.422104 27.257487 16.984974
106.427966 27.710480 16.780596
106.433965 28.163473 16.348670
106.440106 28.616466 16.355462
106.446390 29.069458 17.059418
106.452820 29.522451 17.579463
106.459400 29.975444 18.964992
106.466132 30.428436 20.523907
106.473018 30.881429 21.238602
106.480062 31.334422 21.309335
106.487268 31.787414 21.096386
106.494638 32.240407 21.089957
106.502175 32.693400 21.633103
106.509884 33.146393 22.618935
106.517768 33.599385 23.578813
106.525830 34.052378 23.890347
106.534075 34.505371 23.966609
106.542507 34.958363 27.371426
106.551129 35.411356 31.352676
106.559946 35.864349 30.811219
106.568963 36.317342 29.753101
106.578183 36.770334 28.040802
106.587613 37.223327 25.961853
106.597256 37.676320 26.114640
106.607118 38.129312 28.759071
106.617205 38.582305 30.450393
106.627521 39.035298 27.332400
106.638073 39.488290 24.718128
106.648866 39.941283 23.831196
106.659907 40.394276 23.209753
106.671202 40.847269 22.927049
106.682757 41.300261 21.849519
106.694580 41.753254 19.792747
106.706678 42.206247 16.093941
106.849796 21.821575 8.493162
106.855729 22.274568 12.094431
106.861816 22.727560 13.123306
106.868061 23.180553 13.182372
106.874465 23.633546 12.972599
106.881032 24.086538 12.984558
106.887763 24.539531 13.053310
106.894661 24.992524 14.383000
106.901729 25.445517 15.516466
106.908970 25.898509 15.336063
106.916387 26.351502 15.609084
106.923982 26.804495 16.025598
106.931758 27.257487 16.352290
106.939720 27.710480 16.424454
106.947870 28.163473 15.981204
106.956211 28.616466 15.800372
106.964747 29.069458 16.098089
106.973482 29.522451 16.063847
106.982420 29.975444 16.898882
106.991564 30.428436 18.017665
107.000918 30.881429 18.941846
107.010487 31.334422 19.581028
107.020275 31.787414 19.939600
107.030286 32.240407 19.658652
107.040525 32.693400 19.759453
107.050996 33.146393 20.671626
107.061706 33.599385 21.643729
107.072657 34.052378 22.079673
107.083857 34.505371 22.444498
107.095310 34.958363 25.387782
107.107022 35.411356 26.944357
107.119000 35.864349 26.185493
107.131247 36.317342 25.360697
107.143773 36.770334 24.018469
107.156581 37.223327 23.416356
107.169681 37.676320 24.109109
107.183077 38.129312 25.830869
107.196779 38.582305 26.628959
107.210792 39.035298 25.025978
107.225125 39.488290 23.783770
107.239787 39.941283 22.957979
107.254784 40.394276 22.757527
107.270127 40.847269 22.623982
107.285824 41.300261 21.334063
107.301884 41.753254 19.339816
107.318318 42.206247 15.838485
107.337826 21.821575 7.806085
107.345324 22.274568 11.404609
107.353017 22.727560 12.573170
107.360910 23.180553 12.263109
107.369004 23.633546 12.094093
107.377303 24.086538 12.976339
107.385810 24.539531 13.925074
107.394528 24.992524 15.046446
107.403461 25.445517 15.573407
107.412612 25.898509 15.206764
107.421985 26.351502 15.163266
107.431584 26.804495 15.565350
107.441412 27.257487 16.080880
107.451474 27.710480 16.045828
107.461774 28.163473 15.511985
107.472316 28.616466 15.093017
107.483104 29.069458 14.980733
107.494144 29.522451 14.540351
107.505440 29.975444 14.744410
107.516996 30.428436 15.310134
107.528818 30.881429 16.148312
107.540912 31.334422 17.083565
107.553282 31.787414 17.695890
107.565934 32.240407 17.813227
107.578874 32.693400 18.117827
107.592109 33.146393 18.893190
107.605643 33.599385 19.633226
107.619485 34.052378 20.542569
107.633639 34.505371 20.928704
107.648114 34.958363 22.326780
107.662916 35.411356 23.615623
107.678053 35.864349 23.075102
107.693532 36.317342 22.258548
107.709362 36.770334 22.090390
107.725550 37.223327 21.717881
107.742105 37.676320 22.108197
107.759036 38.129312 23.352587
107.776352 38.582305 24.081581
107.794063 39.035298 23.113851
107.812178 39.488290 22.236209
107.830707 39.941283 21.529350
107.849662 40.394276 22.181638
107.869052 40.847269 22.449527
107.888890 41.300261 21.207160
107.909188 41.753254 19.252431
107.929957 42.206247 16.011232
107.825856 21.821575 5.943217
107.834919 22.274568 9.490781
107.844218 22.727560 11.680854
107.853758 23.180553 11.770580
107.863542 23.633546 12.118306
107.873573 24.086538 12.655431
107.883856 24.539531 13.798134
107.894394 24.992524 14.989709
107.905192 25.445517 15.388327
107.916253 25.898509 15.171429
107.927583 26.351502 15.028000
107.939186 26.804495 15.120747
107.951066 27.257487 15.497844
107.963228 27.710480 15.310967
107.975678 28.163473 14.700951
107.988421 28.616466 14.466537
108.001462 29.069458 14.195210
108.014806 29.522451 13.678581
108.028459 29.975444 13.774943
108.042428 30.428436 13.395403
108.056719 30.881429 13.708026
108.071337 31.334422 14.822188
108.086289 31.787414 15.778701
108.101582 32.240407 16.334173
108.117224 32.693400 16.902001
108.133221 33.146393 17.193821
108.149581 33.599385 17.506913
108.166312 34.052378 18.335714
108.183421 34.505371 18.739058
108.200917 34.958363 20.030408
108.218810 35.411356 21.492461
108.237106 35.864349 21.153628
108.255817 36.317342 21.277863
108.274951 36.770334 21.099844
108.294519 37.223327 20.800818
108.314530 37.676320 21.078330
108.334995 38.129312 21.720379
108.355926 38.582305 22.205066
108.377334 39.035298 21.491422
108.399230 39.488290 20.676692
108.421628 39.941283 20.763365
108.444539 40.394276 21.653815
108.467978 40.847269 22.301089
108.491957 41.300261 21.573573
108.516492 41.753254 19.626389
108.541597 42.206247 16.284110
108.313885 21.821575 5.198125
108.324514 22.274568 8.651011
108.335420 22.727560 11.263216
108.346607 23.180553 11.902592
108.358080 23.633546 12.291036
108.369844 24.086538 12.484643
108.381903 24.539531 13.002309
108.394261 24.992524 13.891285
108.406923 25.445517 14.592674
108.419895 25.898509 14.696396
108.433182 26.351502 14.552959
108.446788 26.804495 14.578958
108.460720 27.257487 14.674203
108.474983 27.710480 14.603538
108.489583 28.163473 14.245699
108.504526 28.616466 13.941795
108.519819 29.069458 13.640707
108.535468 29.522451 13.196729
108.551479 29.975444 12.844032
108.567861 30.428436 12.424421
108.584619 30.881429 12.991793
108.601761 31.334422 14.040702
108.619296 31.787414 15.004592
108.637231 32.240407 15.734777
108.655574 32.693400 15.915791
108.674333 33.146393 15.856296
108.693519 33.599385 16.025988
108.713139 34.052378 16.648121
108.733203 34.505371 16.733199
108.753721 34.958363 18.415445
108.774703 35.411356 19.579386
108.796160 35.864349 19.705083
108.818102 36.317342 20.064637
108.840541 36.770334 20.234900
108.863487 37.223327 20.020641
108.886955 37.676320 20.833629
108.910955 38.129312 21.218418
108.935500 38.582305 20.891216
108.960605 39.035298 20.332756
108.986283 39.488290 19.897752
109.012549 39.941283 20.227248
109.039417 40.394276 20.853820
109.066903 40.847269 21.544003
109.095024 41.300261 21.617548
109.123795 41.753254 20.118541
109.153236 42.206247 16.903397
108.801915 21.821575 5.301919
108.814109 22.274568 8.854742
108.826621 22.727560 11.316411
108.839456 23.180553 12.084735
108.852619 23.633546 11.898186
108.866115 24.086538 11.754459
108.879949 24.539531 12.023382
108.894127 24.992524 13.007718
108.908655 25.445517 13.349699
108.923537 25.898509 13.411534
108.938780 26.351502 13.610642
108.954390 26.804495 13.880240
108.970374 27.257487 13.495952
108.986737 27.710480 13.090253
109.003487 28.163473 12.974699
109.020631 28.616466 12.895672
109.038176 29.069458 12.880131
109.056130 29.522451 13.060254
109.074499 29.975444 12.997382
109.093293 30.428436 13.208965
109.112519 30.881429 13.777309
109.132186 31.334422 14.647893
109.152303 31.787414 15.496107
109.172879 32.240407 15.933258
109.193923 32.693400 15.999769
109.215446 33.146393 15.447997
109.237456 33.599385 15.345864
109.259966 34.052378 15.424405
109.282985 34.505371 15.110052
109.306525 34.958363 16.463821
109.330597 35.411356 17.362759
109.355213 35.864349 17.755722
109.380387 36.317342 18.565426
109.406130 36.770334 18.905976
109.432456 37.223327 19.448909
109.459379 37.676320 19.735352
109.486914 38.129312 19.340337
109.515074 38.582305 18.861197
109.543876 39.035298 19.011983
109.573336 39.488290 19.492597
109.603469 39.941283 19.850575
109.634294 40.394276 20.684723
109.665828 40.847269 21.896080
109.698090 41.300261 22.411533
109.731099 41.753254 21.507196
109.764875 42.206247 17.772091
109.289945 21.821575 5.401003
109.303704 22.274568 9.178039
109.317822 22.727560 11.588288
109.332304 23.180553 11.756683
109.347157 23.633546 11.544627
109.362386 24.086538 11.437361
109.377996 24.539531 11.298190
109.393994 24.992524 11.858087
109.410386 25.445517 12.332529
109.427178 25.898509 12.700766
109.444378 26.351502 13.121035
109.461992 26.804495 12.718676
109.480027 27.257487 11.905394
109.498491 27.710480 11.513367
109.517392 28.163473 11.520196
109.536736 28.616466 11.790071
109.556533 29.069458 12.310561
109.576791 29.522451 12.726719
109.597519 29.975444 13.027507
109.618725 30.428436 13.159397
109.640419 30.881429 13.751912
109.662611 31.334422 14.623448
109.685310 31.787414 15.068842
109.708527 32.240407 15.644596
109.732273 32.693400 15.099892
109.756558 33.146393 14.443333
109.781394 33.599385 14.574108
109.806793 34.052378 14.326981
109.832767 34.505371 14.180703
109.859328 34.958363 15.275630
109.886490 35.411356 16.070654
109.914267 35.864349 16.677292
109.942672 36.317342 16.997339
109.971719 36.770334 17.222349
110.001425 37.223327 17.381550
110.031804 37.676320 17.099674
110.062873 38.129312 16.786908
110.094648 38.582305 17.105364
110.127147 39.035298 17.597012
110.160388 39.488290 18.941660
110.194390 39.941283 19.787218
110.229172 40.394276 20.637877
110.264754 40.847269 22.245474
110.301157 41.300261 23.717200
110.338403 41.753254 22.372513
110.376515 42.206247 17.888611
109.777975 21.821575 5.160876
109.793299 22.274568 8.571253
109.809023 22.727560 11.239675
109.825153 23.180553 11.518003
109.841695 23.633546 11.152528
109.858656 24.086538 11.012901
109.876042 24.539531 11.013550
109.893860 24.992524 11.414829
109.912117 25.445517 11.888831
109.930820 25.898509 12.241758
109.949976 26.351502 12.234878
109.969594 26.804495 11.695682
109.989681 27.257487 11.129273
110.010246 27.710480 10.964467
110.031296 28.163473 11.065201
110.052841 28.616466 11.279317
110.074891 29.069458 11.766666
110.097453 29.522451 12.144490
110.120539 29.975444 12.568076
110.144157 30.428436 12.877493
110.168319 30.881429 13.617165
110.193036 31.334422 14.366273
110.218317 31.787414 14.715621
110.244175 32.240407 13.995642
110.270622 32.693400 13.224899
110.297670 33.146393 13.449751
110.325332 33.599385 13.591657
110.353620 34.052378 13.507640
110.382549 34.505371 13.531501
110.412132 34.958363 14.637750
110.442384 35.411356 15.340306
110.473320 35.864349 15.397248
110.504956 36.317342 15.420926
110.537309 36.770334 15.620513
110.570393 37.223327 15.671301
110.604228 37.676320 15.733876
110.638832 38.129312 16.043055
110.674222 38.582305 16.580592
110.710418 39.035298 17.579969
110.747441 39.488290 19.716714
110.785310 39.941283 21.015949
110.824049 40.394276 22.292994
110.863679 40.847269 23.904697
110.904223 41.300261 23.873597
110.945707 41.753254 21.311447
110.988154 42.206247 17.364020
110.266005 21.821575 5.031193
110.282894 22.274568 7.713070
110.300224 22.727560 10.240300
110.318002 23.180553 10.935396
110.336234 23.633546 10.775344
110.354927 24.086538 10.465745
110.374089 24.539531 11.527341
110.393727 24.992524 12.350461
110.413848 25.445517 12.190179
110.434462 25.898509 11.173492
110.455575 26.351502 10.840956
110.477196 26.804495 10.943203
110.499335 27.257487 11.114966
110.522000 27.710480 11.165161
110.545201 28.163473 11.281213
110.568947 28.616466 11.442117
110.593248 29.069458 11.720563
110.618115 29.522451 12.216839
110.643559 29.975444 13.041099
110.669590 30.428436 13.462354
110.696220 30.881429 13.878291
110.723460 31.334422 14.101811
110.751324 31.787414 13.072407
110.779824 32.240407 12.934555
110.808972 32.693400 13.099294
110.838783 33.146393 13.009333
110.869269 33.599385 12.941541
110.900447 34.052378 12.668020
110.932331 34.505371 12.976664
110.964935 34.958363 14.154382
110.998278 35.411356 14.767303
111.032374 35.864349 14.766437
111.067241 36.317342 15.232841
111.102898 36.770334 15.654091
111.139362 37.223327 15.806514
111.176653 37.676320 16.107762
111.214791 38.129312 16.736552
111.253796 38.582305 17.518926
111.293689 39.035298 19.471607
111.334493 39.488290 23.502079
111.376231 39.941283 24.787493
111.418926 40.394276 24.405735
111.462604 40.847269 23.760477
111.507290 41.300261 22.073046
111.553011 41.753254 19.920080
111.599794 42.206247 16.506052
110.754035 21.821575 5.617659
110.772489 22.274568 8.255207
110.791425 22.727560 10.344033
110.810850 23.180553 10.535650
110.830772 23.633546 10.285865
110.851198 24.086538 10.508419
110.872135 24.539531 12.017384
110.893593 24.992524 12.631374
110.915580 25.445517 11.565597
110.938103 25.898509 12.114325
110.961173 26.351502 11.429998
110.984798 26.804495 11.345069
111.008989 27.257487 11.797664
111.033754 27.710480 11.813180
111.059105 28.163473 11.878140
111.085052 28.616466 12.386238
111.111605 29.069458 12.732338
111.138777 29.522451 13.225812
111.166578 29.975444 13.951415
111.195022 30.428436 13.743972
111.224120 30.881429 13.611759
111.253885 31.334422 13.031648
111.284331 31.787414 12.771719
111.315472 32.240407 13.588549
111.347322 32.693400 13.579830
111.379895 33.146393 13.244336
111.413207 33.599385 12.680419
111.447274 34.052378 12.532461
111.482112 34.505371 12.754433
111.517739 34.958363 13.608870
111.554171 35.411356 14.269233
111.591427 35.864349 14.687194
111.629526 36.317342 15.314340
111.668487 36.770334 15.933966
111.708331 37.223327 16.350192
111.749078 37.676320 16.633011
111.790750 38.129312 17.745228
111.833369 38.582305 20.787505
111.876960 39.035298 24.051004
111.921546 39.488290 26.502914
111.967152 39.941283 25.604396
112.013804 40.394276 23.283696
112.061530 40.847269 21.902213
112.110357 41.300261 20.744391
112.160314 41.753254 18.825367
112.211433 42.206247 15.419854
111.242064 21.821575 6.461710
111.262084 22.274568 9.944185
111.282626 22.727560 10.862023
111.303699 23.180553 10.791874
111.325310 23.633546 10.359391
111.347468 24.086538 10.366843
111.370182 24.539531 11.881087
111.393460 24.992524 11.934557
111.417311 25.445517 11.513340
111.441745 25.898509 11.900239
111.466771 26.351502 12.704766
111.492401 26.804495 12.371597
111.518643 27.257487 13.053591
111.545509 27.710480 12.924941
111.573009 28.163473 12.702529
111.601157 28.616466 12.879838
111.629962 29.069458 13.187129
111.659439 29.522451 13.670743
111.689598 29.975444 13.730012
111.720454 30.428436 13.610027
111.752020 30.881429 13.265032
111.784310 31.334422 13.094324
111.817338 31.787414 13.875613
111.851120 32.240407 14.392846
111.885671 32.693400 14.466875
111.921007 33.146393 13.948942
111.957145 33.599385 13.104369
111.994101 34.052378 12.708058
112.031894 34.505371 12.930444
112.070543 34.958363 13.714159
112.110065 35.411356 14.073275
112.150481 35.864349 14.312051
112.191811 36.317342 15.165637
112.234077 36.770334 15.990093
112.277299 37.223327 15.800138
112.321502 37.676320 15.988957
112.366709 38.129312 18.901652
112.412943 38.582305 22.596869
112.460231 39.035298 23.974711
112.508598 39.488290 25.872858
112.558072 39.941283 24.007794
112.608681 40.394276 22.120314
112.660455 40.847269 20.570345
112.713423 41.300261 19.392296
112.767618 41.753254 17.687785
112.823072 42.206247 14.294579
111.730094 21.821575 7.607009
111.751679 22.274568 10.597843
111.773827 22.727560 11.155369
111.796548 23.180553 10.762708
111.819849 23.633546 10.686908
111.843739 24.086538 10.986249
111.868229 24.539531 11.961570
111.893326 24.992524 11.577745
111.919042 25.445517 11.832252
111.945387 25.898509 12.585132
111.972370 26.351502 13.116434
112.000003 26.804495 12.530584
112.028296 27.257487 12.659378
112.057263 27.710480 12.781115
112.086914 28.163473 12.020305
112.117262 28.616466 11.674170
112.148320 29.069458 11.993354
112.180100 29.522451 12.487176
112.212618 29.975444 12.837226
112.245886 30.428436 13.085484
112.279920 30.881429 13.274225
112.314735 31.334422 14.094087
112.350345 31.787414 14.808982
112.386768 32.240407 15.246979
112.424021 32.693400 15.003873
112.462119 33.146393 14.100726
112.501082 33.599385 13.570888
112.540928 34.052378 13.554983
112.581676 34.505371 13.793822
112.623346 34.958363 14.264248
112.665958 35.411356 14.484537
112.709534 35.864349 14.428867
112.754096 36.317342 14.677756
112.799666 36.770334 14.356981
112.846268 37.223327 14.422319
112.893927 37.676320 17.200240
112.942668 38.129312 20.328510
112.992517 38.582305 22.342088
113.043502 39.035298 23.669637
113.095651 39.488290 25.485150
113.148993 39.941283 23.470199
113.203559 40.394276 20.247005
113.259380 40.847269 19.586164
113.316490 41.300261 19.182346
113.374922 41.753254 17.192027
113.434712 42.206247 13.367786
112.218124 21.821575 7.203772
112.241274 22.274568 10.124383
112.265028 22.727560 10.254831
112.289396 23.180553 9.785917
112.314387 23.633546 10.285251
112.340010 24.086538 11.481901
112.366275 24.539531 11.905702
112.393193 24.992524 11.219564
112.420774 25.445517 11.382139
112.449028 25.898509 12.496498
112.477968 26.351502 12.396973
112.507605 26.804495 11.483746
112.537950 27.257487 11.160942
112.569017 27.710480 11.606545
112.600818 28.163473 11.310755
112.633367 28.616466 11.101501
112.666677 29.069458 11.421270
112.700762 29.522451 11.903153
112.735638 29.975444 12.579308
112.771319 30.428436 12.721716
112.807820 30.881429 13.397742
112.845159 31.334422 14.443829
112.883352 31.787414 15.184560
112.922417 32.240407 15.237157
112.962370 32.693400 14.368189
113.003232 33.146393 13.562082
113.045020 33.599385 13.146776
113.087755 34.052378 13.464391
113.131458 34.505371 14.301405
113.176150 34.958363 14.729159
113.221852 35.411356 14.417583
113.268588 35.864349 14.421589
113.316381 36.317342 13.565422
113.365255 36.770334 13.566714
113.415237 37.223327 15.870710
113.466352 37.676320 18.738659
113.518627 38.129312 20.771994
113.572091 38.582305 21.845431
113.626773 39.035298 21.804004
113.682703 39.488290 24.179001
113.739914 39.941283 20.599492
113.798436 40.394276 18.583449
113.858305 40.847269 19.296953
113.919556 41.300261 18.797756
113.982226 41.753254 15.798951
114.046351 42.206247 12.489944
112.706154 21.821575 6.607808
112.730869 22.274568 9.164199
112.756229 22.727560 9.036466
112.782245 23.180553 8.572652
112.808925 23.633546 9.730419
112.836281 24.086538 11.485860
112.864322 24.539531 11.005708
112.893059 24.992524 9.287320
112.922505 25.445517 9.629537
112.952670 25.898509 11.301244
112.983566 26.351502 11.875899
113.015207 26.804495 11.773885
113.047604 27.257487 11.897273
113.080772 27.710480 12.206574
113.114723 28.163473 12.040173
113.149472 28.616466 11.859969
113.185034 29.069458 12.003666
113.221424 29.522451 12.336724
113.258658 29.975444 12.960782
113.296751 30.428436 12.124357
113.335721 30.881429 12.411844
113.375584 31.334422 14.027992
113.416359 31.787414 14.824855
113.458065 32.240407 14.292733
113.500720 32.693400 13.599650
113.544344 33.146393 13.172425
113.588958 33.599385 13.304877
113.634583 34.052378 14.095803
113.681240 34.505371 14.972326
113.728953 34.958363 15.414339
113.777746 35.411356 15.012744
113.827641 35.864349 14.429623
113.878666 36.317342 13.326733
113.930845 36.770334 13.578607
113.984206 37.223327 14.743744
114.038776 37.676320 15.578589
114.094586 38.129312 16.279969
114.151665 38.582305 15.912309
114.210044 39.035298 16.788386
114.269756 39.488290 19.727537
114.330834 39.941283 17.769868
114.393314 40.394276 17.265010
114.457231 40.847269 17.935169
114.522623 41.300261 17.880407
114.589529 41.753254 16.860496
114.657990 42.206247 13.350193
113.194184 21.821575 6.136372
113.220464 22.274568 8.502355
113.247430 22.727560 8.668072
113.275093 23.180553 8.288888
113.303464 23.633546 9.301834
113.332551 24.086538 11.063104
113.362368 24.539531 10.761508
113.392926 24.992524 10.169289
113.424236 25.445517 9.169831
113.456311 25.898509 9.951788
113.489165 26.351502 10.337654
113.522809 26.804495 11.599110
113.557258 27.257487 12.373294
113.592526 27.710480 12.744505
113.628627 28.163473 12.391659
113.665577 28.616466 12.301820
113.703391 29.069458 12.512773
113.742086 29.522451 12.765737
113.781677 29.975444 13.087917
113.822183 30.428436 10.989812
113.863621 30.881429 11.191604
113.906009 31.334422 13.449498
113.949366 31.787414 14.167463
113.993713 32.240407 13.642681
114.039069 32.693400 13.102736
114.085456 33.146393 12.750909
114.132896 33.599385 13.061946
114.181410 34.052378 14.226638
114.231022 34.505371 15.264808
114.281757 34.958363 15.454082
114.333639 35.411356 15.007587
114.386695 35.864349 14.029506
114.440950 36.317342 12.859354
114.496434 36.770334 12.750869
114.553174 37.223327 13.646780
114.611201 37.676320 14.370634
114.670545 38.129312 14.708849
114.731239 38.582305 14.429741
114.793315 39.035298 15.613399
114.856808 39.488290 15.340854
114.921755 39.941283 13.435170
114.988191 40.394276 14.521463
115.056156 40.847269 15.135316
115.125690 41.300261 16.159044
115.196833 41.753254 17.702767
115.269630 42.206247 11.958952
113.682213 21.821575 5.625987
113.710059 22.274568 8.199978
113.738632 22.727560 9.053143
113.767942 23.180553 8.853547
113.798002 23.633546 9.316244
113.828822 24.086538 10.983904
113.860415 24.539531 10.902550
113.892792 24.992524 10.806374
113.925967 25.445517 9.816505
113.959953 25.898509 8.755781
113.994763 26.351502 8.309167
114.030411 26.804495 10.552853
114.066912 27.257487 11.781252
114.104280 27.710480 12.604887
114.142532 28.163473 11.962973
114.181682 28.616466 11.730385
114.221749 29.069458 12.536845
114.262748 29.522451 13.088071
114.304697 29.975444 13.089793
114.347615 30.428436 11.788248
114.391521 30.881429 12.553943
114.436434 31.334422 13.862076
114.482374 31.787414 14.028693
114.529361 32.240407 13.332373
114.577419 32.693400 12.243312
114.626569 33.146393 10.900278
114.676833 33.599385 10.988697
114.728237 34.052378 12.580407
114.780804 34.505371 14.140030
114.834560 34.958363 14.622233
114.889533 35.411356 14.412576
114.945748 35.864349 13.722368
115.003235 36.317342 13.314176
115.062023 36.770334 13.623625
115.122143 37.223327 14.180827
115.183626 37.676320 14.584581
115.246504 38.129312 14.163664
115.310813 38.582305 13.683019
115.376586 39.035298 13.226589
115.443861 39.488290 12.177638
115.512675 39.941283 11.894540
115.583069 40.394276 13.030092
115.655081 40.847269 13.793678
115.728756 41.300261 14.440566
115.804137 41.753254 15.689180
115.881269 42.206247 11.304924
114.170243 21.821575 5.641645
114.199654 22.274568 8.573885
114.229833 22.727560 9.807794
114.260791 23.180553 9.822808
114.292540 23.633546 10.257680
114.325093 24.086538 11.072471
114.358461 24.539531 10.554228
114.392659 24.992524 10.005239
114.427699 25.445517 10.371608
114.463595 25.898509 10.701871
114.500361 26.351502 10.747674
114.538013 26.804495 11.398168
114.576566 27.257487 12.400385
114.616034 27.710480 12.558636
114.656436 28.163473 11.824571
114.697787 28.616466 10.657581
114.740106 29.069458 11.593221
114.783410 29.522451 12.579556
114.827717 29.975444 12.702967
114.873048 30.428436 12.806668
114.919421 30.881429 13.684285
114.966858 31.334422 14.527713
115.015381 31.787414 14.388942
115.065010 32.240407 13.389931
115.115769 32.693400 11.738375
115.167681 33.146393 9.649839
115.220771 33.599385 9.602974
115.275064 34.052378 10.902049
115.330586 34.505371 12.394364
115.387364 34.958363 13.130246
115.445426 35.411356 13.394802
115.504802 35.864349 13.225272
115.565520 36.317342 13.082133
115.627613 36.770334 13.090843
115.691112 37.223327 13.375103
115.756050 37.676320 13.499995
115.822463 38.129312 13.184080
115.890386 38.582305 12.457374
115.959857 39.035298 12.439337
116.030914 39.488290 12.412406
116.103596 39.941283 12.703957
116.177946 40.394276 13.012312
116.254007 40.847269 13.075282
116.331823 41.300261 13.224566
116.411441 41.753254 14.306049
116.492909 42.206247 11.416401
114.658273 21.821575 5.949843
114.689249 22.274568 8.988276
114.721034 22.727560 9.938480
114.753639 23.180553 9.935815
114.787078 23.633546 10.282619
114.821364 24.086538 11.144617
114.856508 24.539531 11.222305
114.892525 24.992524 10.548502
114.929430 25.445517 10.910658
114.967236 25.898509 11.733927
115.005960 26.351502 11.837803
115.045615 26.804495 12.344580
115.086219 27.257487 12.612185
115.127789 27.710480 12.152212
115.170341 28.163473 11.783312
115.213893 28.616466 10.710098
115.258463 29.069458 9.802861
115.304071 29.522451 10.910923
115.350737 29.975444 12.187075
115.398480 30.428436 13.366221
115.447321 30.881429 14.412312
115.497283 31.334422 14.575631
115.548388 31.787414 13.737985
115.600658 32.240407 12.763209
115.654118 32.693400 11.422374
115.708793 33.146393 9.270113
115.764709 33.599385 8.717538
115.821891 34.052378 9.454617
115.880368 34.505371 10.564971
115.940168 34.958363 11.434706
116.001320 35.411356 12.127429
116.063855 35.864349 12.092720
116.127805 36.317342 11.892462
116.193202 36.770334 11.907709
116.260080 37.223327 12.676723
116.328475 37.676320 13.370683
116.398422 38.129312 12.146026
116.469960 38.582305 11.519061
116.543128 39.035298 12.011532
116.617966 39.488290 12.364804
116.694517 39.941283 12.842218
116.772823 40.394276 12.709597
116.852932 40.847269 11.964712
116.934889 41.300261 11.901195
117.018744 41.753254 12.533340
117.104548 42.206247 9.541493
115.146303 21.821575 5.964970
115.178844 22.274568 8.684597
115.212235 22.727560 9.438359
115.246488 23.180553 9.680888
115.281617 23.633546 9.617838
115.317634 24.086538 10.580636
115.354555 24.539531 11.329262
115.392392 24.992524 10.906984
115.431161 25.445517 11.101431
115.470878 25.898509 11.661822
115.511558 26.351502 12.272854
115.553217 26.804495 12.595660
115.595873 27.257487 12.550263
115.639543 27.710480 11.934553
115.684245 28.163473 11.772759
115.729998 28.616466 10.983535
115.776820 29.069458 10.488902
115.824733 29.522451 10.943636
115.873757 29.975444 12.197960
115.923912 30.428436 13.353843
115.975222 30.881429 14.177290
116.027708 31.334422 14.072277
116.081395 31.787414 13.301084
116.136306 32.240407 12.562336
116.192468 32.693400 11.440546
116.249905 33.146393 9.163799
116.308646 33.599385 8.298546
116.368718 34.052378 8.582859
116.430150 34.505371 9.053984
116.492971 34.958363 9.318967
116.557213 35.411356 9.614538
116.622909 35.864349 9.832355
116.690090 36.317342 9.799765
116.758791 36.770334 10.097150
116.829049 37.223327 10.782715
116.900899 37.676320 11.667203
116.974381 38.129312 11.905499
117.049534 38.582305 11.599177
117.126399 39.035298 11.835404
117.205019 39.488290 11.783435
117.285437 39.941283 11.817181
117.367701 40.394276 10.732678
117.451857 40.847269 9.961749
117.537956 41.300261 10.455841
117.626048 41.753254 11.193623
117.716187 42.206247 8.570654
115.634333 21.821575 5.659558
115.668439 22.274568 8.220777
115.703436 22.727560 8.998560
115.739337 23.180553 9.165047
115.776155 23.633546 9.280267
115.813905 24.086538 9.992468
115.852601 24.539531 10.630145
115.892259 24.992524 10.352201
115.932893 25.445517 10.772610
115.974520 25.898509 11.871882
116.017156 26.351502 12.751588
116.060819 26.804495 12.809491
116.105527 27.257487 12.790505
116.151297 27.710480 12.695397
116.198149 28.163473 11.711330
116.246103 28.616466 10.820072
116.295178 29.069458 10.785507
116.345395 29.522451 11.066179
116.396776 29.975444 12.123626
116.449344 30.428436 13.226223
116.503122 30.881429 13.494701
116.558133 31.334422 13.978134
116.614402 31.787414 13.566657
116.671954 32.240407 12.636814
116.730817 32.693400 11.516782
116.791018 33.146393 9.600419
116.852584 33.599385 8.506473
116.915545 34.052378 8.649898
116.979932 34.505371 8.902788
117.045775 34.958363 9.009328
117.113107 35.411356 9.275114
117.181962 35.864349 9.291639
117.252375 36.317342 9.331259
117.324381 36.770334 9.405523
117.398018 37.223327 9.692894
117.473324 37.676320 10.387777
117.550340 38.129312 10.714696
117.629108 38.582305 10.688962
117.709670 39.035298 10.650184
117.792071 39.488290 10.337223
117.876358 39.941283 10.342249
117.962578 40.394276 9.882098
118.050783 40.847269 9.912430
118.141022 41.300261 10.477829
118.233352 41.753254 11.110945
118.327827 42.206247 8.193394
116.122362 21.821575 5.490879
116.158034 22.274568 8.040067
116.194637 22.727560 8.668014
116.232185 23.180553 9.054481
116.270693 23.633546 9.596445
116.310176 24.086538 10.116627
116.350648 24.539531 10.282205
116.392125 24.992524 9.951570
116.434624 25.445517 10.172753
116.478161 25.898509 11.231398
116.522755 26.351502 11.791050
116.568422 26.804495 12.068958
116.615181 27.257487 12.776633
116.663052 27.710480 11.824994
116.712054 28.163473 10.943275
116.762208 28.616466 10.433667
116.813535 29.069458 10.672849
116.866057 29.522451 10.852647
116.919796 29.975444 11.232819
116.974777 30.428436 12.486413
117.031022 30.881429 13.111106
117.088557 31.334422 13.191337
117.147409 31.787414 12.924199
117.207603 32.240407 12.764628
117.269167 32.693400 11.770866
117.332130 33.146393 10.252990
117.396522 33.599385 9.263137
117.462372 34.052378 9.257903
117.529714 34.505371 9.681636
117.598578 34.958363 10.124973
117.669001 35.411356 10.220049
117.741015 35.864349 10.151204
117.814659 36.317342 10.005881
117.889970 36.770334 9.961468
117.966986 37.223327 9.898860
118.045749 37.676320 9.857011
118.126299 38.129312 10.176809
118.208682 38.582305 10.792677
118.292941 39.035298 10.041520
118.379124 39.488290 9.295157
118.467279 39.941283 9.422286
118.557456 40.394276 9.536302
118.649708 40.847269 9.951263
118.744089 41.300261 10.650579
118.840656 41.753254 10.831750
118.939466 42.206247 8.276223
116.610392 21.821575 5.328999
116.647629 22.274568 7.851830
116.685838 22.727560 8.759057
116.725034 23.180553 9.493598
116.765232 23.633546 9.889726
116.806446 24.086538 10.095704
116.848694 24.539531 9.883689
116.891992 24.992524 8.986542
116.936355 25.445517 9.093732
116.981803 25.898509 10.247660
117.028353 26.351502 11.095263
117.076024 26.804495 11.828157
117.124835 27.257487 11.436845
117.174806 27.710480 9.361374
117.225958 28.163473 10.198146
117.278313 28.616466 9.945075
117.331892 29.069458 10.733300
117.386719 29.522451 10.630589
117.442816 29.975444 9.940896
117.500209 30.428436 11.469600
117.558922 30.881429 12.370762
117.618982 31.334422 12.527376
117.680416 31.787414 12.325517
117.743251 32.240407 12.279192
117.807517 32.693400 11.354529
117.873242 33.146393 10.499403
117.940459 33.599385 10.087344
118.009199 34.052378 10.374113
118.079495 34.505371 10.726904
118.151382 34.958363 10.953073
118.224894 35.411356 10.977260
118.300069 35.864349 11.010699
118.376944 36.317342 11.064639
118.455559 36.770334 10.834070
118.535955 37.223327 10.471066
118.618173 37.676320 10.159216
118.702259 38.129312 10.227188
118.788256 38.582305 10.825244
118.876212 39.035298 9.753002
118.966176 39.488290 9.151451
119.058199 39.941283 9.546494
119.152333 40.394276 9.473880
119.248633 40.847269 9.847994
119.347156 41.300261 10.332086
119.447959 41.753254 10.316605
119.551106 42.206247 7.617598
117.098422 21.821575 5.182028
117.137224 22.274568 7.779166
117.177039 22.727560 8.963517
117.217883 23.180553 9.661229
117.259770 23.633546 10.080420
117.302717 24.086538 10.177289
117.346741 24.539531 9.675932
117.391858 24.992524 8.482394
117.438087 25.445517 8.754761
117.485445 25.898509 10.049933
117.533951 26.351502 10.797217
117.583626 26.804495 11.710268
117.634488 27.257487 11.131683
117.686560 27.710480 8.541193
117.739863 28.163473 9.446208
117.794418 28.616466 9.642942
117.850249 29.069458 10.651914
117.907380 29.522451 10.131730
117.965836 29.975444 10.057803
118.025641 30.428436 11.254825
118.086822 30.881429 11.928512
118.149407 31.334422 11.617913
118.213423 31.787414 11.225115
118.278899 32.240407 11.190527
118.345866 32.693400 10.806893
118.414355 33.146393 10.466794
118.484397 33.599385 10.395406
118.556026 34.052378 10.694061
118.629277 34.505371 10.508142
118.704186 34.958363 10.483771
118.780788 35.411356 10.533330
118.859122 35.864349 10.730774
118.939229 36.317342 10.978498
119.021149 36.770334 11.115113
119.104924 37.223327 10.505280
119.190598 37.676320 9.809561
119.278218 38.129312 9.869308
119.367830 38.582305 10.436838
119.459483 39.035298 10.152292
119.553229 39.488290 9.295624
119.649120 39.941283 9.464275
119.747211 40.394276 9.717215
119.847559 40.847269 9.507904
119.950222 41.300261 10.214095
120.055263 41.753254 10.510220
120.162745 42.206247 7.735731
117.586452 21.821575 5.469858
117.626819 22.274568 7.702282
117.668240 22.727560 8.816258
117.710731 23.180553 9.703136
117.754308 23.633546 10.256479
117.798988 24.086538 10.460659
117.844787 24.539531 9.377300
117.891725 24.992524 8.408982
117.939818 25.445517 8.988076
117.989086 25.898509 10.273959
118.039549 26.351502 10.439084
118.091228 26.804495 10.460331
118.144142 27.257487 10.720742
118.198315 27.710480 9.120621
118.253767 28.163473 8.411305
118.310523 28.616466 9.733656
118.368607 29.069458 10.645224
118.428042 29.522451 10.152835
118.488856 29.975444 10.986467
118.551073 30.428436 11.393839
118.614723 30.881429 11.397834
118.679832 31.334422 11.181712
118.746430 31.787414 10.836779
118.814547 32.240407 10.833894
118.884216 32.693400 10.829759
118.955467 33.146393 10.367051
119.028335 33.599385 10.451402
119.102853 34.052378 10.714784
119.179059 34.505371 10.300260
119.256989 34.958363 10.235304
119.336681 35.411356 10.260188
119.418176 35.864349 10.375773
119.501514 36.317342 10.536392
119.586738 36.770334 10.666488
119.673892 37.223327 10.144175
119.763023 37.676320 9.420740
119.854177 38.129312 9.362289
119.947403 38.582305 9.912192
120.042754 39.035298 9.921022
120.140281 39.488290 9.098837
120.240040 39.941283 9.025456
120.342088 40.394276 9.700022
120.446484 40.847269 9.792524
120.553289 41.300261 10.669481
120.662567 41.753254 10.723466
120.774384 42.206247 7.582404
118.074482 21.821575 5.749144
118.116414 22.274568 7.585863
118.159441 22.727560 8.488937
118.203580 23.180553 9.538311
118.248847 23.633546 10.003257
118.295259 24.086538 9.530371
118.342834 24.539531 8.800386
118.391591 24.992524 8.727438
118.441549 25.445517 9.377142
118.492728 25.898509 9.843713
118.545148 26.351502 9.570027
118.598830 26.804495 8.722340
118.653796 27.257487 9.015076
118.710069 27.710480 8.386821
118.767672 28.163473 7.987793
118.826628 28.616466 9.475090
118.886964 29.069458 10.972717
118.948704 29.522451 10.642502
119.011875 29.975444 10.498397
119.076506 30.428436 10.779688
119.142623 30.881429 11.002232
119.210256 31.334422 11.120598
119.279437 31.787414 10.982974
119.350196 32.240407 11.029488
119.422565 32.693400 10.651028
119.496579 33.146393 10.274828
119.572272 33.599385 10.270700
119.649681 34.052378 10.449112
119.728841 34.505371 10.336463
119.809793 34.958363 10.320354
119.892575 35.411356 10.243121
119.977229 35.864349 10.268645
120.063799 36.317342 10.277469
120.152327 36.770334 10.039769
120.242861 37.223327 9.275508
120.335447 37.676320 8.533737
120.430136 38.129312 8.466449
120.526977 38.582305 8.846897
120.626025 39.035298 8.957876
120.727334 39.488290 8.144662
120.830961 39.941283 7.705877
120.936966 40.394276 7.985222
121.045409 40.847269 8.882962
121.156355 41.300261 9.989074
121.269871 41.753254 9.486084
121.386024 42.206247 6.985588
118.562511 21.821575 6.036976
118.606009 22.274568 7.143272
118.650642 22.727560 8.323546
118.696429 23.180553 9.515267
118.743385 23.633546 9.956502
118.791529 24.086538 9.441611
118.840881 24.539531 8.625548
118.891458 24.992524 8.641332
118.943280 25.445517 9.289196
118.996370 25.898509 9.052341
119.050746 26.351502 8.468056
119.106432 26.804495 7.994703
119.163450 27.257487 7.595643
119.221823 27.710480 7.716936
119.281576 28.163473 9.038535
119.342733 28.616466 10.254169
119.405321 29.069458 10.826888
119.469366 29.522451 10.261417
119.534895 29.975444 9.688821
119.601938 30.428436 9.783774
119.670523 30.881429 10.595316
119.740681 31.334422 11.066434
119.812444 31.787414 11.265733
119.885844 32.240407 11.039448
119.960915 32.693400 10.414865
120.037692 33.146393 9.848769
120.116210 33.599385 9.769871
120.196508 34.052378 9.992028
120.278623 34.505371 10.260095
120.362596 34.958363 10.138660
120.448469 35.411356 9.819359
120.536283 35.864349 9.555299
120.626084 36.317342 9.356543
120.717917 36.770334 8.737183
120.811830 37.223327 7.849275
120.907872 37.676320 7.164916
121.006095 38.129312 7.028367
121.106551 38.582305 7.318310
121.209296 39.035298 7.238794
121.314386 39.488290 6.415125
121.421882 39.941283 5.693854
121.531843 40.394276 5.412625
121.644334 40.847269 5.863834
121.759422 41.300261 6.385112
121.877174 41.753254 5.850046
121.997663 42.206247 4.288075
119.050541 21.821575 6.289184
119.095604 22.274568 8.770647
119.141843 22.727560 10.071872
119.189277 23.180553 10.697334
119.237923 23.633546 10.925092
119.287800 24.086538 9.846191
119.338927 24.539531 9.132542
119.391324 24.992524 8.660191
119.445012 25.445517 8.082138
119.500011 25.898509 8.689068
119.556344 26.351502 8.457891
119.614034 26.804495 8.948077
119.673104 27.257487 9.140284
119.733577 27.710480 8.769045
119.795480 28.163473 8.803255
119.858839 28.616466 9.680720
119.923678 29.069458 9.631411
119.990028 29.522451 9.400727
120.057915 29.975444 9.409731
120.127370 30.428436 9.635605
120.198423 30.881429 10.361627
120.271106 31.334422 11.099008
120.345451 31.787414 11.092506
120.421492 32.240407 10.288808
120.499264 32.693400 9.317485
120.578804 33.146393 8.613043
120.660148 33.599385 8.468721
120.743335 34.052378 8.705916
120.828405 34.505371 9.086719
120.915400 34.958363 9.114512
121.004362 35.411356 8.796649
121.095336 35.864349 8.369495
121.188368 36.317342 7.753422
121.283506 36.770334 7.046964
121.380798 37.223327 6.212400
121.480297 37.676320 5.606595
121.582054 38.129312 5.449610
121.686125 38.582305 5.497729
121.792567 39.035298 5.050665
121.901439 39.488290 4.306482
119.538571 21.821575 8.184261
119.585199 22.274568 12.735180
119.633045 22.727560 13.539151
119.682126 23.180553 12.700347
119.732462 23.633546 11.742608
119.784071 24.086538 10.382146
119.836974 24.539531 9.451794
119.891191 24.992524 9.410516
119.946743 25.445517 7.758915
120.003653 25.898509 7.601824
120.061943 26.351502 8.068985
120.121636 26.804495 8.769260
120.182758 27.257487 9.340468
120.245332 27.710480 8.735617
120.309385 28.163473 8.611547
120.374944 28.616466 9.059622
120.442036 29.069458 8.961352
120.510690 29.522451 8.758641
120.580935 29.975444 9.107286
120.652802 30.428436 9.440146
120.726323 30.881429 9.916791
120.801531 31.334422 9.985002
120.878458 31.787414 9.183218
120.957141 32.240407 8.279793
121.037614 32.693400 7.394392
121.119916 33.146393 6.837082
121.204085 33.599385 6.761612
121.290162 34.052378 6.871919
121.378187 34.505371 7.104420
121.468203 34.958363 7.129447
121.560256 35.411356 6.946920
121.654390 35.864349 6.380255
121.750653 36.317342 5.805952
121.849095 36.770334 5.199718
121.949767 37.223327 4.583440
120.026601 21.821575 10.799955
120.074794 22.274568 15.706688
120.124246 22.727560 15.201434
120.174975 23.180553 13.084462
120.227000 23.633546 11.165157
120.280342 24.086538 9.662919
120.335020 24.539531 9.046794
120.391057 24.992524 8.912988
120.448474 25.445517 7.926845
120.507294 25.898509 6.423097
120.567541 26.351502 6.322680
120.629238 26.804495 7.527091
120.692411 27.257487 8.109845
120.757086 27.710480 8.222300
120.823289 28.163473 8.439027
120.891049 28.616466 8.698701
120.960393 29.069458 8.694774
121.031351 29.522451 8.495088
121.103955 29.975444 8.166962
121.178235 30.428436 7.980565
121.254224 30.881429 7.436761
121.331955 31.334422 6.897098
121.411465 31.787414 6.413944
121.492789 32.240407 5.909001
121.575964 32.693400 5.384460
121.661028 33.146393 5.124440
121.748023 33.599385 5.039251
121.836989 34.052378 5.064583
121.927969 34.505371 5.192043
120.514631 21.821575 11.470809
120.564389 22.274568 15.246624
120.615447 22.727560 11.848828
120.667823 23.180553 7.382755
120.721538 23.633546 4.955733
120.776612 24.086538 4.720189
120.833067 24.539531 7.256122
120.890924 24.992524 8.049959
120.950206 25.445517 6.538250
121.010936 25.898509 5.004686
121.073139 26.351502 5.045194
121.136840 26.804495 6.129030
121.202065 27.257487 6.590531
121.268840 27.710480 7.006554
121.337194 28.163473 7.340972
121.407154 28.616466 7.552923
121.478750 29.069458 7.252613
121.552013 29.522451 6.313282
121.626975 29.975444 5.275279
121.703667 30.428436 4.679461
121.782124 30.881429 4.360897
121.862380 31.334422 4.236452
121.944472 31.787414 4.140113
121.002660 21.821575 7.371481
121.053984 22.274568 8.017230
121.106648 22.727560 5.649203
121.160672 23.180553 3.240974
121.216077 23.633546 1.672542
121.272883 24.086538 2.070956
121.331113 24.539531 3.930745
121.390790 24.992524 4.395788
121.451937 25.445517 3.704910
121.514578 25.898509 3.334910
121.578738 26.351502 3.589999
121.644442 26.804495 3.938868
121.711719 27.257487 4.137593
121.780595 27.710480 4.556901
121.851098 28.163473 4.974778
121.923259 28.616466 4.752005
121.997107 29.069458 4.112316
121.490690 21.821575 3.604839
121.543579 22.274568 3.692532
121.597849 22.727560 3.446446
121.653520 23.180553 3.312484
121.710615 23.633546 3.813471
121.769154 24.086538 3.731556
121.829160 24.539531 2.273950
121.890657 24.992524 0.966560
121.953668 25.445517 1.162528
121.978720 21.821575 2.011017
