2009  2 18 23 31  1.300     10000  37.12300  103.73100   4.000  2.70       1      61       1     0     0     0  0.00  0.00  -1.000  -1.000  -1.000    37.12300  103.73100   4.000
2009  6 17 16  3 15.200     10001  37.08500  103.80400   6.000  1.10       2      65       1     0     0     0  0.00  0.00  -1.000  -1.000  -1.000    37.08500  103.80400   6.000
2009  8  9 16 12 25.983     10002  37.08268  103.87550   5.283  1.90       3       4       9     8    34    17  0.38  0.41   0.229   0.421   0.039    37.08600  103.86300   3.000
2009  9  8  6 31 14.500     10003  37.11400  103.76900  10.000  1.70       4      63       1     0     0     0  0.00  0.00  -1.000  -1.000  -1.000    37.11400  103.76900  10.000
2009  9 23  9 37 12.800     10004  37.19800  103.62600  12.000  1.20       5      38       1     0     0     0  0.00  0.00  -1.000  -1.000  -1.000    37.19800  103.62600  12.000
2009 10 10  2 27 59.600     10005  37.00600  103.93400   9.000  1.00       6      23       1     0     0     0  0.00  0.00  -1.000  -1.000  -1.000    37.00600  103.93400   9.000
2009 10 20  8 36 21.100     10006  37.19100  103.92900   5.000  1.10       7      50       1     0     0     0  0.00  0.00  -1.000  -1.000  -1.000    37.19100  103.92900   5.000
2009 10 27  7 55  2.650     10007  37.11746  103.67875   6.333  4.30       8       2      16    14    87    39  0.51  0.53   0.590   0.454   0.079    37.12600  103.70100   4.000
2009 10 27  8 52 23.074     10008  37.11886  103.68054   6.632  1.20       9       2      16    14    33    18  0.37  0.42   0.293   0.891   0.115    37.11200  103.68100   8.000
2009 10 27 23  5  2.283     10009  37.11966  103.67702   6.109  1.40      10       2      16    15    54    26  0.29  0.26   0.303   0.681   0.111    37.11700  103.67200   8.000
2009 10 28 20 53 26.709     10010  37.11851  103.67630   7.573  3.60      11       2      16    15   111    37  0.52  0.41   0.306   0.802   0.112    37.12800  103.69900   7.000
2009 10 30  0 37 17.816     10011  37.11899  103.67781   7.975  1.20      12       2      16    13    26    21  0.23  0.30   0.338   0.705   0.102    37.10700  103.68200   9.000
2009 10 30 11 42 31.700     10012  37.13300  103.66100   9.000  1.20      13      51       1     0     0     0  0.00  0.00  -1.000  -1.000  -1.000    37.13300  103.66100   9.000
2009 11 15 22 53 43.711     10013  37.08972  103.89038   7.177  1.90      14       9       4     3    32    11  0.27  0.34   0.197   0.995   0.044    37.08500  103.90000   6.000
2009 11 18  9 44 27.311     10014  37.08112  103.85644   2.046  1.60      15       4       9     8    14     9  0.49  0.45   0.269   0.741   0.094    37.08500  103.87600   3.000
2009 11 23  8  1 55.400     10015  37.11000  103.95800   7.000  1.10      16      64       1     0     0     0  0.00  0.00  -1.000  -1.000  -1.000    37.11000  103.95800   7.000
2009 11 26  2 37 14.200     10016  37.12300  103.94200   6.000  1.50      17      32       1     0     0     0  0.00  0.00  -1.000  -1.000  -1.000    37.12300  103.94200   6.000
2009 11 28  5 59 11.900     10017  37.11800  103.65100   8.000  1.50      18      72       1     0     0     0  0.00  0.00  -1.000  -1.000  -1.000    37.11800  103.65100   8.000
2009 12 17 20 59  0.400     10018  37.09600  103.98600  10.000  1.80      19      75       1     0     0     0  0.00  0.00  -1.000  -1.000  -1.000    37.09600  103.98600  10.000
2010  1 23  4 19 41.600     10019  37.09100  103.91000   7.000  2.10      20      36       1     0     0     0  0.00  0.00  -1.000  -1.000  -1.000    37.09100  103.91000   7.000
2010  1 24 11 11 28.193     10020  37.11807  103.67793   7.099  2.60      21       2      16    13    54    16  0.67  0.67   0.709   0.260   0.026    37.12100  103.68900   8.000
2010  2 10  1  7  3.100     10021  37.03300  103.96700   9.000  1.60      22      58       1     0     0     0  0.00  0.00  -1.000  -1.000  -1.000    37.03300  103.96700   9.000
2010  3 11 23 11 53.300     10022  37.08700  103.61300   5.000  1.70      23      68       1     0     0     0  0.00  0.00  -1.000  -1.000  -1.000    37.08700  103.61300   5.000
2010  3 17 12  2 54.340     10023  37.06390  103.95551   6.584  1.60      24      10       3     2     5     4  0.05  0.04   0.615   0.505   0.003    37.06500  103.97000   8.000
2010  4 11 14 29 15.200     10024  37.11100  103.67700  13.000  1.90      25      49       1     0     0     0  0.00  0.00  -1.000  -1.000  -1.000    37.11100  103.67700  13.000
2010  4 13  5 39 20.200     10025  37.07800  103.80500   9.000  1.60      26      54       1     0     0     0  0.00  0.00  -1.000  -1.000  -1.000    37.07800  103.80500   9.000
2010  6 19  6 15  4.500     10026  37.07700  103.97100   6.000  2.70      27      25       1     0     0     0  0.00  0.00  -1.000  -1.000  -1.000    37.07700  103.97100   6.000
2010  6 28 10 38  7.940     10027  37.08281  103.87748   4.495  1.60      28       4       9     8    25    15  0.95  0.87   0.368   0.592   0.037    37.08100  103.90300   6.000
2010  8 16 19 52 21.388     10028  37.09191  103.80733   7.324  2.50      29       3      11    10    58    27  0.37  0.54   0.260   0.679   0.016    37.09200  103.82100   6.000
2010  8 25  7 39 25.200     10029  37.16200  103.87900   5.000  1.20      30      84       1     0     0     0  0.00  0.00  -1.000  -1.000  -1.000    37.16200  103.87900   5.000
2010  9  9  6  9  1.100     10030  37.08600  103.79800   3.000  1.50      31      18       1     0     0     0  0.00  0.00  -1.000  -1.000  -1.000    37.08600  103.79800   3.000
2010 11  6  6 49 55.027     10031  37.07653  103.83507   5.403  1.80      32       3      11    10    37     4  0.42  0.32   0.046   0.099   0.006    37.07700  103.84900   6.000
2010 11  7  7  8  8.287     10032  37.01674  103.81621   5.294  1.50      33      11       3     2    10     3  0.61  0.60   0.010   0.029   0.001    37.00900  103.82200   6.000
2010 11 20 15 18 59.492     10033  37.07332  103.85432   8.575  3.30      34      13       2     1    14     2  0.23  0.14   0.559   0.697   0.025    37.06400  103.86200   8.000
2010 11 27  9 26 16.844     10034  37.02211  103.86386   4.922  1.70      35      12       2     2     9     2  0.11  0.11   0.006   0.023   0.001    37.01200  103.86200   6.000
2010 12  3  8 25 25.300     10035  37.14300  103.99500   6.000  1.40      36      71       1     0     0     0  0.00  0.00  -1.000  -1.000  -1.000    37.14300  103.99500   6.000
2010 12 17  5 55 35.222     10036  37.01684  103.81633   5.300  1.70      37      11       3     2    12     3  0.40  0.45   0.009   0.046   0.002    37.03200  103.81900   5.000
2011  1 21 13 39 25.600     10037  37.08900  103.87000   5.000  2.90      38      57       1     0     0     0  0.00  0.00  -1.000  -1.000  -1.000    37.08900  103.87000   5.000
2011  2 22  5 30 40.039     10038  37.18298  103.76301   8.820  2.20      39       6       4     2     7     1  0.30  0.20   0.000   0.000   0.000    37.17100  103.77100   7.000
2011  3 19  9 25 10.400     10039  37.14700  103.91300   6.000  1.50      40      79       1     0     0     0  0.00  0.00  -1.000  -1.000  -1.000    37.14700  103.91300   6.000
2011  4 19 18 20 37.391     10040  37.01642  103.81646   5.406  1.40      41      11       3     2    10     2  0.46  0.51   0.015   0.031   0.002    37.00900  103.80800   5.000
2011  4 23 10  9 47.300     10041  37.00900  103.81500   6.000  1.40      42      74       1     0     0     0  0.00  0.00  -1.000  -1.000  -1.000    37.00900  103.81500   6.000
2011  5  1  9 42 16.300     10042  37.17000  103.92700   7.000  1.20      43      80       1     0     0     0  0.00  0.00  -1.000  -1.000  -1.000    37.17000  103.92700   7.000
2011  5 28 16 59 26.000     10043  37.05200  103.91800   6.000  1.60      44      31       1     0     0     0  0.00  0.00  -1.000  -1.000  -1.000    37.05200  103.91800   6.000
2011  5 29 10 46 38.556     10044  37.02189  103.86414   5.078  1.50      45      12       2     2     9     2  0.11  0.11   0.006   0.023   0.001    37.03200  103.86600   4.000
2011  6 24 11 10 55.600     10045  37.18800  103.97700   8.000  1.10      46      59       1     0     0     0  0.00  0.00  -1.000  -1.000  -1.000    37.18800  103.97700   8.000
2011  7  5  0 16 44.026     10046  37.11526  103.67635   7.785  1.20      47       1      52    47    67    55  1.06  1.06   0.164   0.301   0.039    37.11100  103.68900   7.000
2011  8  8 10 10 55.900     10047  37.04100  103.70200   6.000  1.20      48      47       1     0     0     0  0.00  0.00  -1.000  -1.000  -1.000    37.04100  103.70200   6.000
2011  8 13  9 19 49.500     10048  37.16400  103.98200   9.000  1.20      49      28       1     0     0     0  0.00  0.00  -1.000  -1.000  -1.000    37.16400  103.98200   9.000
2011  8 26  3 33  7.500     10049  37.12000  103.91100   4.000  1.00      50      27       1     0     0     0  0.00  0.00  -1.000  -1.000  -1.000    37.12000  103.91100   4.000
2011  8 29 20  5 11.400     10050  37.06000  103.96300   7.000  3.00      51      21       1     0     0     0  0.00  0.00  -1.000  -1.000  -1.000    37.06000  103.96300   7.000
2011  9 10 11 21  9.500     10051  37.20000  103.97200   6.000  1.20      52      26       1     0     0     0  0.00  0.00  -1.000  -1.000  -1.000    37.20000  103.97200   6.000
2011  9 29  3  2 58.402     10052  37.11525  103.68787   5.810  1.50      53       1      52    51   123    52  0.41  0.35   0.187   0.721   0.020    37.09700  103.70200   6.000
2011 10  8  9 28 21.900     10053  37.20000  103.97800   8.000  1.60      54      52       1     0     0     0  0.00  0.00  -1.000  -1.000  -1.000    37.20000  103.97800   8.000
2011 10 19  9 27 35.251     10054  37.08540  103.85447   4.985  1.80      55       4       9     8    25    14  0.51  0.37   0.268   0.384   0.032    37.09400  103.85700   6.000
2011 11 16 10  4 24.300     10055  37.15000  103.62400   8.000  1.60      56      24       1     0     0     0  0.00  0.00  -1.000  -1.000  -1.000    37.15000  103.62400   8.000
2011 11 16 13 10 25.700     10056  37.13900  103.99800   8.000  2.90      57      19       1     0     0     0  0.00  0.00  -1.000  -1.000  -1.000    37.13900  103.99800   8.000
2011 11 22  3 55  1.700     10057  37.10000  103.68800   7.000  1.20      58      20       1     0     0     0  0.00  0.00  -1.000  -1.000  -1.000    37.10000  103.68800   7.000
2011 12  8  4 57 39.400     10058  37.09400  103.79700   7.000  1.00      59      17       1     0     0     0  0.00  0.00  -1.000  -1.000  -1.000    37.09400  103.79700   7.000
2012  3 16 18 17 56.541     10059  37.08572  103.75787   6.566  1.20      60       5       6     4    11     0  0.85  0.00   0.350   0.537   0.075    37.07700  103.77600   7.000
2012  5  4 23 37  4.503     10060  37.08218  103.76559   7.935  1.50      61       5       6     3     4     1  0.30  0.52  -1.000  -1.000  -1.000    37.09100  103.75400   7.000
2012  5 22 10 28 57.000     10061  37.07200  103.81700   3.000  1.30      62      46       1     0     0     0  0.00  0.00  -1.000  -1.000  -1.000    37.07200  103.81700   3.000
2012  6 17  2 47  7.006     10062  37.07731  103.87310   3.154  2.10      63       4       9     8    31    11  0.59  0.36   0.393   0.484   0.058    37.07000  103.85400   3.000
2012  8  5 12 22  3.600     10063  37.20000  103.82300   8.000  1.30      64      16       1     0     0     0  0.00  0.00  -1.000  -1.000  -1.000    37.20000  103.82300   8.000
2012  8 15  7 27  2.500     10064  37.06400  103.91100   6.000  1.80      65      45       1     0     0     0  0.00  0.00  -1.000  -1.000  -1.000    37.06400  103.91100   6.000
2012  9 21 15 17 29.304     10065  37.10925  103.67249   6.782  1.20      66       1      52    46    42    36  0.34  0.38   0.184   0.064   0.002    37.10400  103.68000   4.000
2012 10  8 17  9 50.155     10066  37.10736  103.71847   2.651  2.20      67       1      52    49   145    48  0.41  0.47   0.224   0.498   0.035    37.11700  103.72300   4.000
2012 10 13  9 46 37.100     10067  37.09500  103.80400   7.000  1.50      68      30       1     0     0     0  0.00  0.00  -1.000  -1.000  -1.000    37.09500  103.80400   7.000
2012 11 13 10  5  6.200     10068  37.18200  103.91900   6.000  1.50      69      34       1     0     0     0  0.00  0.00  -1.000  -1.000  -1.000    37.18200  103.91900   6.000
2013  1 26 22 39 20.500     10069  37.10200  103.85100   7.000  3.00      70      42       1     0     0     0  0.00  0.00  -1.000  -1.000  -1.000    37.10200  103.85100   7.000
2013  2  7  2 42 43.100     10070  37.10400  103.74300   5.000  1.60      71      22       1     0     0     0  0.00  0.00  -1.000  -1.000  -1.000    37.10400  103.74300   5.000
2013  3 11 13 17 14.113     10071  37.11095  103.64591   5.237  1.70      72      14       2     1     2     0  0.23  0.00   0.186   0.570   0.029    37.10900  103.65400   6.000
2013  5  1 14  1 39.572     10072  37.10328  103.76680   9.325  3.60      73       5       6     5    27     5  0.38  0.40   0.156   0.125   0.007    37.11800  103.76400   8.000
2013  5  2  4 24 13.700     10073  37.10500  103.71400   4.000  1.80      74      82       1     0     0     0  0.00  0.00  -1.000  -1.000  -1.000    37.10500  103.71400   4.000
2013  5  8 14 12 55.200     10074  37.10600  103.65700   6.000  1.20      75      39       1     0     0     0  0.00  0.00  -1.000  -1.000  -1.000    37.10600  103.65700   6.000
2013  6  7 11 21 30.100     10075  37.12800  103.51100   7.000  1.00      76      83       1     0     0     0  0.00  0.00  -1.000  -1.000  -1.000    37.12800  103.51100   7.000
2013  6  9  2 47 46.430     10076  37.09105  103.80996   6.754  1.80      77       3      11    10    45    16  0.36  0.24   0.194   0.570   0.013    37.09200  103.81300   7.000
2013  7  4 13 34 11.763     10077  37.10673  103.70586   5.926  1.20      78       1      52    51   140    53  0.44  0.35   0.110   0.510   0.025    37.11100  103.71500   6.000
2013  7 17 11 53 31.603     10078  37.07665  103.83466   5.774  3.40      79       3      11    10    51     9  0.36  0.59   0.062   0.181   0.005    37.07800  103.82800   7.000
2013  7 26 23  4 20.098     10079  37.08782  103.80933   7.524  1.70      80       3      11    10    33    14  0.30  0.29   0.156   0.531   0.026    37.09200  103.81300   6.000
2013 10 19 12 29 46.151     10080  37.08230  103.87687   5.361  1.70      81       4       9     8    33    16  0.41  0.49   0.246   0.530   0.033    37.08500  103.88400   6.000
2013 11 20  5 38 48.487     10081  37.10905  103.64509   3.763  1.60      82      14       2     1     2     0  0.23  0.00   0.186   0.570   0.029    37.11100  103.63700   3.000
2013 12 18 22 28 44.758     10082  37.09967  103.72059   6.785  1.80      83       1      52    49   207    83  0.36  0.38   0.117   0.252   0.022    37.10400  103.72400   5.000
2013 12 19 19 59 14.577     10083  37.10066  103.71573   6.852  1.60      84       1      52    47   137    79  0.35  0.42   0.129   0.378   0.026    37.09600  103.72500   6.000
2013 12 19 23 22 45.711     10084  37.11211  103.68518   6.013  1.00      85       2      16    13    22    16  0.25  0.37   0.169   0.812   0.041    37.11300  103.68400   6.000
2013 12 20 10 21 26.113     10085  37.11778  103.67671   7.738  1.90      86       1      52    49    78    53  0.39  0.34   0.165   0.550   0.056    37.12000  103.67200   8.000
2013 12 29 23 27  7.800     10086  37.10200  103.60200   6.000  1.20      87      53       1     0     0     0  0.00  0.00  -1.000  -1.000  -1.000    37.10200  103.60200   6.000
2014  1 31  1 37 46.652     10087  37.11916  103.67885   6.184  1.20      88       2      16    15    42    29  0.28  0.28   0.467   0.542   0.058    37.13400  103.66400   5.000
2014  3 16  4 13 33.696     10088  37.08913  103.87842   4.776  1.00      89       4       9     8    16     8  0.43  0.42   0.455   0.679   0.031    37.08200  103.86900   3.000
2014  3 21  7 15 12.854     10089  37.11373  103.67218   8.958  2.10      90       2      16    15    56    18  0.32  0.29   0.247   0.848   0.069    37.11000  103.67100   6.000
2014  4 12 15 52 44.815     10090  37.09205  103.73956   6.447  1.50      91       7       4     3     8     3  0.29  0.34   0.000   0.000   0.000    37.10300  103.74400   7.000
2014  5  3 14 17 15.483     10091  37.17549  103.76809   6.528  3.20      92       6       4     3    20     4  0.23  0.19   0.018   0.133   0.004    37.17500  103.77200   6.000
2014  5  4 10 28 17.475     10092  37.17593  103.76766   7.011  1.00      93       6       4     2     3     5  0.32  0.32   0.052   0.270   0.005    37.17800  103.75900   6.000
2014  6 14 16 58  8.782     10093  37.08852  103.81672   5.532  1.10      94       3      11    10    31    13  0.36  0.25   0.216   0.734   0.025    37.08300  103.83000   6.000
2014  7 14 15 45 21.378     10094  37.08977  103.90096   9.152  2.50      95       9       4     3    41     3  0.24  0.17   0.272   0.824   0.030    37.10000  103.90200  10.000
2014 11 14 23  3 16.200     10095  37.12000  103.74000   9.000  4.90      96      66       1     0     0     0  0.00  0.00  -1.000  -1.000  -1.000    37.12000  103.74000   9.000
2014 11 14 23 32 26.162     10096  37.10676  103.70162   5.820  1.30      97       2      16    13    24    15  0.50  0.42   0.430   0.481   0.054    37.10800  103.69700   8.000
2014 11 15  2  3  7.361     10097  37.11509  103.67621   7.962  1.70      98       1      52    49    85    52  0.38  0.38   0.105   0.664   0.037    37.10900  103.68200   7.000
2014 11 15  5 19 56.340     10098  37.11386  103.68025   7.736  1.70      99       1      52    49    49    59  0.35  0.45   0.123   0.839   0.051    37.10200  103.69600  10.000
2014 11 15  6 50 21.200     10099  37.11600  103.72800   1.000  2.10     100      56       1     0     0     0  0.00  0.00  -1.000  -1.000  -1.000    37.11600  103.72800   1.000
2014 11 15  9 55 52.229     10100  37.09955  103.72265   6.586  1.30     101       1      52    45   134    52  0.39  0.37   0.107   0.369   0.027    37.09800  103.72500   5.000
2014 11 15 10 13 14.095     10101  37.10645  103.70810   4.225  2.30     102       1      52    51   213    68  0.44  0.37   0.105   1.037   0.058    37.11200  103.70300   5.000
2014 11 17 21 51  0.283     10102  37.11320  103.68135   3.484  2.40     103       2      16    15    84    43  0.53  0.41   0.022   0.081   0.009    37.11800  103.66900   1.000
2014 11 17 22 26  5.030     10103  37.11330  103.68055   3.577  1.20     104       2      16    14    29    33  0.52  0.50   0.022   0.092   0.009    37.10300  103.68500   5.000
2014 11 18 15 21 57.678     10104  37.10383  103.70116   8.649  1.10     105       2      16    15    26    25  0.40  0.46   0.269   1.080   0.063    37.10400  103.68900   9.000
2014 11 20  3 46 19.629     10105  37.10088  103.71965  13.219  1.80     106       8       4     3    15    11  0.44  0.42   0.198   0.781   0.095    37.10200  103.72000  15.000
2014 11 22 22  0  2.400     10106  37.11093  103.70181   5.965  2.20     107       1      52    51   326    73  0.36  0.44   0.102   0.231   0.032    37.12000  103.71400   8.000
2014 12  2 17 53 40.934     10107  37.10489  103.70392   6.203  1.50     108       1      52    49   232    62  0.44  0.41   0.134   0.483   0.043    37.10700  103.71300   2.000
2014 12  4  2 24  1.781     10108  37.10137  103.71499   6.383  1.60     109       1      52    47    94    57  0.32  0.35   0.132   0.410   0.035    37.10200  103.71700   2.000
2014 12 18  4 12  2.074     10109  37.09969  103.72294   6.533  1.00     110       1      52    45   124    41  0.40  0.38   0.201   0.725   0.083    37.09000  103.72700   3.000
2014 12 19 16 38  1.030     10110  37.10454  103.70435   2.846  1.40     111       1      52    48    67    37  0.58  0.60   0.272   0.588   0.044    37.11300  103.69500   6.000
2015  1 25 19 12  4.303     10111  37.10141  103.71673   6.684  1.30     112       1      52    50   223    99  0.64  0.61   0.115   0.273   0.029    37.10700  103.70400   6.000
2015  2  7  4 23  4.723     10112  37.08840  103.81620   8.687  1.50     113       3      11    10    58    25  0.52  0.42   0.173   0.863   0.033    37.09000  103.80500   5.000
2015  2 10 21 39 56.725     10113  37.09992  103.72092   6.518  1.60     114       1      52    49   255    81  0.60  0.53   0.106   0.376   0.035    37.10600  103.72900   3.000
2015  2 25 10  9 21.582     10114  37.10034  103.72000   6.560  1.50     115       1      52    46   241    87  0.39  0.35   0.130   0.385   0.019    37.10300  103.72000   6.000
2015  3 15 13 55 33.456     10115  37.10308  103.71308   6.474  1.60     116       1      52    50   269    94  0.38  0.42   0.139   0.705   0.040    37.11100  103.71100   2.000
2015  3 15 17 16 11.074     10116  37.10174  103.71572   6.888  1.90     117       1      52    51   303   108  0.39  0.43   0.087   0.338   0.034    37.09800  103.73000   5.000
2015  3 31 16 48 10.700     10117  37.10600  103.69100  13.000  1.10     118      48       1     0     0     0  0.00  0.00  -1.000  -1.000  -1.000    37.10600  103.69100  13.000
2015  4  8 17 34 12.048     10118  37.08852  103.81713   5.276  1.50     119       3      11    10    47    18  0.31  0.55   0.248   0.777   0.009    37.09100  103.80900   7.000
2015  4 13 23 17 44.351     10119  37.10217  103.72065  10.751  1.20     120       8       4     3    15    11  0.44  0.24   0.231   0.378   0.038    37.10300  103.72300  11.000
2015  5 18  6 34 28.300     10120  37.10700  103.73100   4.000  1.30     121      35       1     0     0     0  0.00  0.00  -1.000  -1.000  -1.000    37.10700  103.73100   4.000
2015  7 10 22 52 37.192     10121  37.10185  103.71264   6.748  1.40     122       1      52    50   129    94  0.38  0.36   0.135   0.265   0.026    37.09600  103.71500   6.000
2015  7 15 10 26 13.600     10122  37.12000  103.71000  14.000  4.00     123      29       1     0     0     0  0.00  0.00  -1.000  -1.000  -1.000    37.12000  103.71000  14.000
2015  7 15 10 36 22.916     10123  37.10880  103.71364   4.596  1.80     124       1      52    50   169    62  0.30  0.36   0.098   0.410   0.039    37.12700  103.71600   9.000
2015  7 15 14  1 51.710     10124  37.10881  103.71436   4.521  1.50     125       1      52    51   136    85  0.33  0.36   0.107   0.664   0.042    37.10700  103.70800   7.000
2015  7 15 15 18 21.411     10125  37.10842  103.71627   4.717  1.40     126       1      52    46    97    29  0.49  0.48   0.076   0.389   0.036    37.10400  103.71300   8.000
2015  7 15 15 29 59.243     10126  37.11099  103.70599   6.476  1.00     127       1      52    46   109    76  0.27  0.30   0.163   0.350   0.035    37.11000  103.69100   6.000
2015  7 15 16  1 51.356     10127  37.11298  103.70668   6.055  1.40     128       1      52    41    61    78  0.32  0.44   0.099   0.691   0.031    37.11500  103.68900   6.000
2015  7 15 20 33 42.658     10128  37.11199  103.70928   6.281  3.30     129       1      52    51   117   111  0.58  0.51   0.000   0.000   0.000    37.12100  103.70300  11.000
2015  7 15 20 51 42.310     10129  37.11151  103.70748   5.771  1.80     130       1      52    49   134    82  0.26  0.37   0.141   0.544   0.044    37.11000  103.70700   6.000
2015  7 16  3  7 26.195     10130  37.11322  103.70678   6.229  1.20     131       1      52    32    40    41  0.29  0.42   0.151   0.544   0.032    37.11300  103.69600   6.000
2015  7 16  5  8 57.036     10131  37.11326  103.70636   6.441  1.50     132       1      52    37    72    67  0.38  0.41   0.126   0.523   0.029    37.10900  103.70300   6.000
2015  7 18  1 49 45.931     10132  37.10852  103.71285   3.832  1.10     133       1      52    44    68    17  0.33  0.26   0.122   0.630   0.038    37.10500  103.70700   7.000
2015  7 19 18 13  3.434     10133  37.10142  103.71437   6.692  2.10     134       1      52    51   295   101  0.36  0.45   0.134   0.405   0.031    37.10600  103.70100   8.000
2015  7 23  9 15 34.869     10134  37.10950  103.70900   6.059  2.40     135       1      52    48   150    65  0.46  0.43   0.390   0.436   0.143    37.10200  103.70100   6.000
2015  8 11  7  7  6.600     10135  37.02900  103.70600  15.000  1.50     136      67       1     0     0     0  0.00  0.00  -1.000  -1.000  -1.000    37.02900  103.70600  15.000
2015  8 15 16 27 49.503     10136  37.17560  103.76724   6.641  2.30     137       6       4     3    20     6  0.21  0.29   0.038   0.154   0.002    37.18600  103.76400  10.000
2015  8 19 12 29  3.289     10137  37.11338  103.70679   8.434  1.90     138       1      52    35    53    60  0.33  0.31   0.111   0.719   0.017    37.11400  103.68900   7.000
2015  8 22  0 28 20.460     10138  37.11422  103.70897   7.462  1.90     139       1      52    47   104    87  0.32  0.32   0.304   0.684   0.040    37.11300  103.69900   5.000
2015  8 22 15 59  9.851     10139  37.11649  103.70910   6.678  1.30     140       1      52    45    86    69  0.78  0.74   0.322   1.048   0.033    37.11200  103.70500   6.000
2015  9  4  0 56 19.541     10140  37.09103  103.88384   8.742  3.10     141       9       4     3    50    11  0.20  0.25   0.177   0.877   0.038    37.09000  103.87400  10.000
2015 10  2  3 25 50.794     10141  37.06405  103.95097   9.244  1.20     142      10       3     2     7     6  0.03  0.03   0.333   0.574   0.013    37.06500  103.94600   9.000
2015 10 11 14  2 57.172     10142  37.10827  103.71273   3.080  1.80     143       1      52    51   218    69  0.40  0.46   0.184   0.394   0.030    37.11200  103.72100   5.000
2015 11  4 10 33 53.433     10143  37.10820  103.71653   4.572  1.80     144       1      52    37    75    18  0.37  0.39   0.110   0.561   0.029    37.10500  103.71000   9.000
2015 11 10 13 26 17.800     10144  37.09200  103.77800   6.000  1.00     145      41       1     0     0     0  0.00  0.00  -1.000  -1.000  -1.000    37.09200  103.77800   6.000
2015 12  6  3  8 10.400     10145  37.10500  103.60400   8.000  2.10     146      33       1     0     0     0  0.00  0.00  -1.000  -1.000  -1.000    37.10500  103.60400   8.000
2015 12 19  6 34 51.100     10146  37.16500  103.86800  15.000  1.10     147      40       1     0     0     0  0.00  0.00  -1.000  -1.000  -1.000    37.16500  103.86800  15.000
2016  2  5 19 26 22.771     10147  37.10454  103.70393   3.390  1.10     148       1      52    49    59    39  0.64  0.72   0.221   0.460   0.033    37.10400  103.71000   6.000
2016  2 16 19  8  0.904     10148  37.06906  103.92982   5.041  1.40     149      15       2     1     5     0  0.08  0.00   0.126   0.569   0.006    37.06800  103.92500   6.000
2016  3  1 20 19 36.606     10149  37.11408  103.68875   6.442  1.90     150       1      52    51   246    60  0.40  0.34   0.106   0.458   0.027    37.11400  103.69400   6.000
2016  4 11 15 30 59.940     10150  37.11452  103.68632   6.493  1.30     151       1      52    49   140    69  0.41  0.49   0.228   1.232   0.076    37.10700  103.69300  10.000
2016  4 19  7 19 20.523     10151  37.12113  103.71282   3.956  2.50     152       2      16    14    22    14  0.38  0.50   0.780   0.685   0.105    37.10400  103.71200   6.000
2016  5 10  9  8 22.037     10152  37.10881  103.71377   4.612  3.30     153       1      52    51   213    74  0.31  0.39   0.090   0.595   0.038    37.11600  103.70700   6.000
2016  5 11  2  6 19.598     10153  37.11492  103.67665   8.021  1.00     154       1      52    45    69    51  0.45  0.43   0.165   0.274   0.024    37.11600  103.66700  10.000
2016  6  6  2  4 37.873     10154  37.10003  103.72239   6.740  1.90     155       1      52    48   174    62  0.38  0.36   0.132   0.489   0.033    37.10800  103.71200   3.000
2016  6 19 22 54 14.166     10155  37.06405  103.94951   9.172  1.10     156      10       3     2     6     6  0.04  0.03   0.354   0.449   0.016    37.06200  103.94000   8.000
2016  9  9  3 47  1.316     10156  37.09579  103.72178   5.247  1.30     157       1      52    44    34    35  0.65  0.45   0.000   0.000   0.000    37.09900  103.72700   3.000
2016  9  9 19 43 22.694     10157  37.10593  103.74030   7.592  2.30     158       5       6     5    37     7  0.47  0.40   0.537   0.235   0.090    37.11100  103.73300   8.000
2016  9 22  0 32  7.900     10158  37.09500  103.79600  11.000  2.60     159      77       1     0     0     0  0.00  0.00  -1.000  -1.000  -1.000    37.09500  103.79600  11.000
2016 11 17  8 40 58.000     10159  37.04900  103.92400  11.000  1.00     160      37       1     0     0     0  0.00  0.00  -1.000  -1.000  -1.000    37.04900  103.92400  11.000
2016 11 22  2 31 51.300     10160  37.08900  103.74500  10.000  1.20     161      76       1     0     0     0  0.00  0.00  -1.000  -1.000  -1.000    37.08900  103.74500  10.000
2016 12  2  5 30 41.017     10161  37.09945  103.72150   6.876  1.30     162       1      52    43   123    70  1.02  1.03   0.182   0.344   0.041    37.10400  103.72700   5.000
2016 12 15  8  8 45.487     10162  37.08882  103.81414   8.747  1.90     163       3      11    10    50    18  0.70  0.78   0.248   0.404   0.056    37.08900  103.79600   9.000
2017  1 17  0 22 56.535     10163  37.11269  103.69773   5.110  1.40     164       1      52    50   162    56  0.41  0.31   0.125   0.551   0.033    37.11000  103.69300   8.000
2017  3 21 22 11 22.173     10164  37.10897  103.70721   5.803  1.40     165       1      52    50   181    58  0.35  0.37   0.133   0.859   0.051    37.10100  103.71700   8.000
2017  3 29  3 22  0.521     10165  37.08135  103.88007   5.162  2.00     166       4       9     8    32    16  0.47  0.42   0.286   1.013   0.074    37.07800  103.88200   4.000
2017  4 29 12  8 30.300     10166  37.05100  103.56100   2.000  3.20     167      55       1     0     0     0  0.00  0.00  -1.000  -1.000  -1.000    37.05100  103.56100   2.000
2017  4 29 21 51 34.100     10167  37.04800  103.55100   6.000  1.20     168      43       1     0     0     0  0.00  0.00  -1.000  -1.000  -1.000    37.04800  103.55100   6.000
2017  5 24  1  7 47.838     10168  37.08798  103.80927   6.236  1.40     169       3      11    10    30    10  0.45  0.46   0.198   0.406   0.016    37.07900  103.81100   6.000
2017  6  3  9 28 54.688     10169  37.10088  103.72027  12.314  1.30     170       8       4     3    13     9  0.55  0.43   0.195   1.165   0.058    37.10600  103.71100  11.000
2017  6  6 22 46 56.668     10170  37.10081  103.71732   5.317  1.00     171       1      52    46    94    73  0.74  0.57   0.626   0.242   0.155    37.09200  103.72700   4.000
2017  6 23  9 24 29.302     10171  37.11350  103.67716   7.639  3.10     172       2      16    15   110    38  0.38  0.51   0.268   0.703   0.082    37.12000  103.67000   6.000
2017  7 26 18 42 41.444     10172  37.08823  103.74772   6.404  1.30     173       7       4     3    10     3  0.40  0.45   0.634   0.357   0.099    37.08800  103.76100   6.000
2017  8 10 20 25 58.400     10173  37.05900  103.56000   7.000  2.40     174      73       1     0     0     0  0.00  0.00  -1.000  -1.000  -1.000    37.05900  103.56000   7.000
2017  8 16 20 31  9.492     10174  37.08823  103.75101   8.618  1.90     175       7       4     3     9     2  0.45  0.41   0.000   0.000   0.000    37.08300  103.73800   9.000
2017  9  3  1 57 57.900     10175  37.12500  103.69900  10.000  1.40     176      81       1     0     0     0  0.00  0.00  -1.000  -1.000  -1.000    37.12500  103.69900  10.000
2017  9 16 12 51 14.000     10176  37.04800  103.70800   3.000  1.30     177      60       1     0     0     0  0.00  0.00  -1.000  -1.000  -1.000    37.04800  103.70800   3.000
2017 11 12 14 18 59.640     10177  37.08490  103.85466   4.737  1.50     178       4       9     8    28    14  0.42  0.33   0.268   0.520   0.028    37.08600  103.83900   6.000
2017 11 18 12 54 42.017     10178  37.10173  103.71407   6.411  1.50     179       1      52    44   158    53  0.53  0.52   0.154   0.429   0.045    37.10300  103.71300   4.000
2018  2  1  9 47  2.372     10179  37.09221  103.73882   4.712  2.00     180       5       6     4    18     0  0.63  0.00   0.502   0.981   0.032    37.08400  103.74400   5.000
2018  2  5 13 23 36.800     10180  37.03300  103.93200   7.000  1.20     181      70       1     0     0     0  0.00  0.00  -1.000  -1.000  -1.000    37.03300  103.93200   7.000
2018  2 14 19 31 44.270     10181  37.08949  103.89081   8.929  3.50     182       9       4     3    45    13  0.27  0.29   0.169   0.786   0.031    37.08500  103.89000   8.000
2018  2 16 15 44 25.200     10182  37.08700  103.84500  16.000  1.10     183      69       1     0     0     0  0.00  0.00  -1.000  -1.000  -1.000    37.08700  103.84500  16.000
2018  5 26  6 52 35.708     10183  37.07568  103.84568   9.425  4.10     184      13       2     1    14     2  0.23  0.14   0.000   0.000   0.000    37.08500  103.83800  10.000
2018  6 20 13 39  0.376     10184  37.08379  103.81720   3.744  2.70     185       3      11    10    54    18  0.43  0.62   0.222   0.573   0.017    37.08700  103.81200   6.000
2018  8 12 21 57  1.749     10185  37.08950  103.73171   4.530  1.50     186       7       4     3     5     0  0.29  0.00   0.115   0.153   0.017    37.08400  103.72700   4.000
2018  8 14 15 54 12.080     10186  37.11276  103.68276   6.000  2.00     187       2      16    15    76    30  0.33  0.38   0.243   0.821   0.072    37.11600  103.67700   6.000
2018  8 15 12 53 24.900     10187  37.09200  103.71200  20.000  1.30     188      78       1     0     0     0  0.00  0.00  -1.000  -1.000  -1.000    37.09200  103.71200  20.000
2018  8 19 16 55 26.700     10188  37.05900  103.90200   6.000  1.60     189      62       1     0     0     0  0.00  0.00  -1.000  -1.000  -1.000    37.05900  103.90200   6.000
2018  8 20 10 19 14.432     10189  37.10207  103.72043  10.717  1.10     190       8       4     3     9     9  0.22  0.22   0.213   0.390   0.041    37.09500  103.72700  10.000
2018  9 19 19 54 15.418     10190  37.10268  103.75562   7.869  1.90     191       5       6     5    33     5  0.56  0.45   0.684   0.625   0.051    37.09100  103.75400   9.000
2018 10  3 22 46 42.200     10191  37.09200  103.79400   3.000  1.60     192      44       1     0     0     0  0.00  0.00  -1.000  -1.000  -1.000    37.09200  103.79400   3.000
2018 12 15  4 35  0.296     10192  37.07494  103.95718   3.959  2.10     193      15       2     1     5     0  0.08  0.00   0.000   0.000   0.000    37.07600  103.96200   3.000
